country_code	country	1950-1955	1955-1960	1960-1965	1965-1970	1970-1975	1975-1980	1980-1985	1985-1990	1990-1995	1995-2000	2000-2005	2005-2010	2010-2015	2015-2020	last.observed
900	World	48.4028	50.3868	52.4376	55.2693	57.2387	59.3459	61.3947	63.2241	64.3018	65.6378	67.2524	69.1485	70.9241	72.14	2023
1834	Sub-Saharan Africa	38.1685	39.7418	41.6086	42.9757	44.7083	46.8227	47.9081	48.7093	48.639	49.9608	52.0672	54.8424	57.6945	59.7843	2023
1833	Northern Africa and Western Asia	42.4236	45.4151	48.5751	51.4363	54.1256	57.2254	60.2783	63.1847	65.4905	67.3411	68.9291	70.4269	71.6485	72.7052	2023
1831	Central and Southern Asia	41.6558	44.3093	46.2777	47.7071	49.4029	52.6743	55.2859	57.7525	59.6967	61.67	63.9282	66.0684	68.1613	69.899	2023
1832	Eastern and South-Eastern Asia	46.1799	47.3036	49.7867	55.7473	59.3213	62.227	65.2829	67.3258	69.1144	70.8639	72.5224	74.0413	75.4172	76.4761	2023
1830	Latin America and the Caribbean	50.2303	53.2252	55.8598	57.9923	60.0493	62.3363	64.3139	66.4221	68.1886	69.9776	71.6551	73.0829	74.2263	74.7831	2023
1835	Oceania (excluding Australia and New Zealand)	43.5296	47.5801	50.6464	53.6873	56.2798	58.8017	60.5981	61.9268	62.9312	63.6003	64.0285	64.5786	65.6513	66.6183	2023
1836	Australia/New Zealand	69.4426	70.4622	70.919	70.9045	71.7545	73.4028	74.8499	75.8803	77.4606	78.6247	80.1029	81.247	82.1743	82.8386	2023
1829	Europe and Northern America	64.8466	68.0555	69.6531	70.2698	70.9185	71.6762	72.4849	73.518	73.388	74.0847	74.7619	76.2275	77.7219	78.4593	2023
5502	Europe, Northern America, Australia, and New Zealand	64.9133	68.0931	69.675	70.2829	70.9354	71.7062	72.5252	73.5597	73.4618	74.168	74.862	76.3264	77.815	78.5551	2023
901	More developed regions	64.703	67.9325	69.641	70.4183	71.1967	72.0853	72.9669	74.0442	74.0613	74.8179	75.5743	76.9934	78.407	79.1648	2023
902	Less developed regions	43.3868	45.3362	47.5948	51.2424	53.6869	56.2037	58.6466	60.7228	62.1876	63.7636	65.5656	67.4658	69.2829	70.6136	2023
941	Least developed countries	37.664	39.6415	41.8305	43.517	43.3113	45.5381	47.8324	49.4337	50.4701	53.2645	56.3294	59.1958	61.8547	63.9097	2023
934	Less developed regions, excluding least developed countries	44.2577	46.1818	48.4884	52.4487	55.4071	58.0839	60.6187	62.7856	64.3888	65.8305	67.4111	69.1196	70.7715	72.011	2023
948	Less developed regions, excluding China	42.4438	45.6965	47.959	49.6816	51.5603	54.1313	56.5402	58.5206	59.9369	61.503	63.384	65.3684	67.2816	68.6952	2023
1636	Land-locked Developing Countries (LLDC)	40.1644	41.6434	44.049	45.2717	46.2981	47.9757	48.6787	50.2922	50.5311	52.6447	55.4353	58.6574	62.0774	63.9639	2023
2087	LLDC: Africa	37.3489	38.2204	40.74	41.5946	42.2094	43.8855	44.2901	45.2128	44.6876	47.4054	50.8038	54.7113	58.9435	61.2941	2023
2088	LLDC: Asia	42.8605	45.0392	47.2594	49.1579	51.0603	52.8362	54.3365	57.4597	59.4307	60.8056	62.978	65.249	67.4203	68.746	2023
2089	LLDC: Europe	54.2645	58.1711	60.445	62.2214	63.8741	65.5593	67.122	68.6776	68.2672	68.3708	69.5348	70.6616	72.0237	72.3198	2023
2090	LLDC: Latin America	46.6397	47.8422	49.3629	51.0172	52.5771	54.6824	56.7689	59.0497	61.6858	63.9034	65.7498	67.3835	68.8127	69.1881	2023
1637	Small Island Developing States (SIDS)	50.5082	53.8864	56.4021	58.6809	60.5314	61.4454	63.1157	64.5405	65.8767	67.1409	68.8612	69.6423	70.862	71.8591	2023
2091	SIDS Caribbean	52.5572	55.7365	58.2036	60.431	62.1823	63.5238	64.8419	65.9957	67.0359	68.4405	69.9313	70.4411	71.4731	72.4115	2023
2092	SIDS Pacific	41.3315	45.0833	48.0509	51.0751	53.28	52.471	55.8154	58.2433	60.7202	61.6448	63.5844	64.3583	65.5276	66.547	2023
2093	SIDS Atlantic, Indian Ocean and South China Sea (AIS)	48.5119	52.6401	54.969	56.5929	58.5583	59.5789	61.1386	62.8998	64.8166	66.2072	68.6225	70.9641	73.3166	74.9657	2023
5503	High-and-upper-middle-income countries	52.9786	54.3886	56.6997	60.6082	63.2174	65.6055	67.6097	69.3279	70.5293	71.9824	73.2648	74.824	76.291	77.2266	2023
5504	Low-and-Lower-middle-income countries	41.2618	44.1951	46.2448	47.6312	49.1567	51.7479	54.2378	56.2112	57.458	59.0499	61.1902	63.3373	65.3617	66.9281	2023
1503	High-income countries	64.4768	67.2564	68.7797	69.8687	71.0714	72.4932	73.7286	74.7997	75.782	76.9409	78.1677	79.3498	80.3271	80.7737	2023
1859	Low-and-middle-income countries	44.3246	46.3018	48.5146	51.921	54.1869	56.5171	58.8105	60.8638	61.9782	63.3791	65.058	67.0369	68.9572	70.3434	2023
1517	Middle-income countries	45.0011	46.8403	49.0733	52.6379	55.0142	57.4697	60.0055	62.1118	63.3139	64.6916	66.2541	68.1329	70.0091	71.3796	2023
1502	Upper-middle-income countries	47.2782	48.3491	50.9057	56.2606	59.5616	62.2822	64.6532	66.7575	67.9989	69.548	70.8171	72.5055	74.1915	75.36	2023
1501	Lower-middle-income countries	42.2468	45.0511	47.0616	48.4302	50.008	52.7953	55.727	57.762	59.1223	60.5797	62.5386	64.514	66.464	68.0062	2023
1500	Low-income countries	35.7043	39.1174	41.3559	42.9342	44.3009	45.9123	46.1461	47.8942	48.8334	51.486	54.6604	57.8023	60.3723	62.2499	2023
1518	No income group available	52.9384	56.4759	59.9759	63.3304	65.4876	67.4623	68.8758	70.3989	71.1366	72.0955	72.1729	72.8752	72.973	72.3779	2023
903	Africa	38.4712	40.3698	42.4628	44.0482	45.8713	48.2269	49.831	51.0931	51.3358	52.6844	54.6609	57.243	59.8547	61.7715	2023
910	Eastern Africa	39.3878	40.7555	43.5601	44.6656	45.4329	46.9269	46.9056	47.6165	46.7134	49.5207	53.0331	57.0786	60.3861	62.9508	2023
108	Burundi	41.6457	42.7876	43.3532	43.2001	37.4145	44.373	47.073	45.863	42.984	46.1744	50.3492	55.1457	58.7519	61.4807	2023
174	Comoros	37.4975	39.9215	41.7346	43.8858	46.5978	49.2712	51.9597	54.3911	56.7706	58.379	59.9942	61.7467	63.6256	65.2153	2023
262	Djibouti	41.4326	42.7334	44.3285	46.3731	48.6421	50.9812	53.0745	54.9094	55.3348	56.3919	57.8118	59.6148	61.8685	63.8022	2023
232	Eritrea	34.2803	33.9603	38.6058	39.9104	40.5191	42.9092	41.0935	45.1571	52.4502	51.9231	59.0309	62.2304	64.8387	66.7108	2023
231	Ethiopia	36.4669	35.9398	40.7408	41.4831	40.8162	41.5247	39.8523	43.2594	47.2508	49.3438	52.526	57.0453	61.7333	64.9319	2023
404	Kenya	39.3969	45.6021	50.3313	53.043	55.2911	57.926	60.0816	60.277	56.9445	55.6876	57.1673	59.7173	61.6261	62.587	2023
450	Madagascar	40.5051	42.3419	44.4298	46.6889	48.7519	49.9412	50.0867	51.2681	53.3878	56.4303	59.3906	61.7112	63.0494	63.3706	2023
454	Malawi	33.0988	34.2965	35.4839	36.0809	38.1174	42.3679	44.7659	43.8728	43.6622	44.5054	49.0255	55.1424	60.2249	64.0503	2023
480	Mauritius	52.2244	56.0962	60.5473	62.2953	64.0242	65.1023	67.957	69.2564	70.2454	70.927	72.218	73.0328	74.3173	74.6392	2023
175	Mayotte	45.4267	51.5886	56.7771	61.421	65.2921	68.3899	70.8832	72.7898	74.384	75.7212	76.7664	77.8265	77.696	76.1328	2023
508	Mozambique	38.3054	40.2473	41.6798	42.0614	42.8381	43.9309	41.0047	42.1857	45.3978	47.9884	51.0466	53.5681	56.8246	60.3362	2023
638	Réunion	50.7497	55.4129	59.5133	62.1635	64.533	67.7312	71.1535	73.4168	74.9275	76.432	77.4564	79.1853	81.3779	82.1763	2023
646	Rwanda	43.9579	45.8602	46.9654	47.7852	46.1698	46.1705	50.331	50.62	25.4656	43.5249	52.3299	60.0011	64.2969	66.2183	2023
690	Seychelles	58.5354	60.1388	60.8542	62.4619	65.5428	67.7262	69.1013	69.9223	70.3855	70.9653	71.5964	72.2291	72.4331	72.3616	2023
706	Somalia	42.0247	43.0665	44.1013	45.1837	45.5111	46.4527	48.1177	47.0761	37.365	50.5948	50.7964	51.0604	47.2882	55.0717	2023
728	South Sudan	31.2355	29.5774	29.1856	26.0852	33.0065	37.5284	35.6016	22.5023	27.9851	31.5527	50.7688	55.7649	53.004	44.7761	2023
800	Uganda	41.035	43.984	47.0535	49.0469	47.2414	45.5916	43.6855	46.8939	47.6431	48.3363	52.0484	57.612	61.918	65.3747	2023
834	United Republic of Tanzania	41.4353	42.2301	43.4643	45.4601	47.688	50.1309	51.9523	52.16	51.4074	51.7373	55.4349	59.4993	62.5072	65.2334	2023
894	Zambia	47.78	49.6999	51.307	52.6655	54.6234	56.08	53.9128	50.0267	46.9031	45.8883	48.9922	54.2408	58.9622	61.9478	2023
716	Zimbabwe	50.43	52.41	54.6953	56.9149	58.0909	56.5448	59.9752	60.1853	54.6814	47.9405	45.62	48.3552	55.8615	60.4423	2023
911	Middle Africa	37.6306	39.4472	40.2792	42.6998	44.628	45.6603	46.9276	47.8908	49.0927	49.8036	51.9465	53.8926	57.2167	59.2875	2023
24	Angola	36.3484	37.3924	37.4352	38.8043	40.5891	41.4111	42.4029	41.7699	43.1413	46.1354	49.0608	54.6428	59.2342	62.2912	2023
120	Cameroon	35.1459	38.2743	40.4432	46.0087	49.1761	50.2784	52.0999	54.0837	53.8964	53.1735	54.0939	55.9061	58.3575	60.9284	2023
140	Central African Republic	36.446	38.4763	40.8454	43.6768	46.5773	48.9251	50.2285	50.2584	49.0279	47.2607	47.1928	35.1093	47.7848	44.9234	2023
148	Chad	36.1934	38.504	39.7918	40.6331	42.0098	43.0263	44.2271	45.3328	46.7692	47.7759	48.4933	49.3635	50.815	52.2082	2023
178	Congo	41.4786	45.524	49.3479	52.2911	54.5217	56.1174	57.2922	57.4673	56.2351	53.1273	56.8735	60.3434	62.7901	63.9503	2023
180	Democratic Republic of the Congo	39.0204	40.3364	40.4504	42.4722	43.9912	44.935	46.1293	47.5992	49.4657	50.1557	52.8012	55.1555	57.5506	59.647	2023
226	Equatorial Guinea	40.7669	42.0798	43.4119	39.5916	40.0052	39.5357	49.7401	51.0636	51.6399	52.5579	54.5601	57.1	59.5188	61.6244	2023
266	Gabon	41.0944	44.7017	48.0728	51.2203	54.077	56.6967	58.8142	60.2642	61.0409	61.4712	62.3398	63.8164	65.576	66.8958	2023
678	Sao Tome and Principe	39.1602	40.8114	47.4386	53.8342	57.5905	59.0241	59.6551	59.8283	60.6552	60.7648	61.9674	63.3249	64.7877	67.2479	2023
912	Northern Africa	39.6877	42.6576	45.5621	48.0268	50.2647	53.6278	57.4901	61.1198	63.4193	65.4699	66.9335	68.4784	69.8746	71.01	2023
12	Algeria	42.5202	40.8965	41.614	42.8756	44.8547	50.1326	59.9634	66.3188	67.6203	69.1133	71.7572	73.4857	74.6867	75.2009	2023
818	Egypt	37.0378	42.3205	46.0795	48.3291	50.1667	53.665	57.5632	61.009	63.8563	66.3683	67.9127	68.7042	69.5696	70.6456	2023
434	Libya	34.0587	37.5944	44.8551	52.9999	59.108	63.368	66.0062	68.385	70.059	70.6609	70.9266	71.848	71.5297	72.5188	2023
504	Morocco	39.796	41.8353	44.3842	47.3657	49.9884	53.2085	57.2227	60.8653	63.6055	65.7958	67.7515	69.808	71.8805	73.5999	2023
729	Sudan	46.7676	48.6751	50.4938	51.6568	52.8677	53.4497	51.9757	54.3571	56.207	58.1504	58.324	61.1378	63.5384	65.1668	2023
788	Tunisia	39.4389	42.3542	45.8932	50.7535	56.5495	61.6064	65.3154	68.1345	69.872	71.8004	73.1732	74.1028	74.6373	75.2172	2023
732	Western Sahara	35.8913	37.7882	39.6841	41.6073	42.8354	37.9877	45.1177	50.6016	58.9473	61.457	63.9722	66.3548	68.4108	69.9876	2023
913	Southern Africa	45.5198	50.2195	53.2161	54.7159	56.3225	58.5542	60.9156	62.4559	62.0605	59.238	54.5424	55.0694	60.9748	64.6541	2023
72	Botswana	47.2838	49.8195	52.562	55.1232	57.9738	61.1147	63.3599	62.1649	57.5195	53.3534	52.855	56.8704	60.9066	65.7103	2023
748	Eswatini	44.1548	45.6012	47.3374	49.8043	52.7059	56.3393	59.3499	61.6482	58.4452	50.9444	45.1664	45.6933	51.3096	57.8976	2023
426	Lesotho	46.2466	49.2668	50.278	50.739	52.4228	54.8805	58.1128	59.4443	58.1598	52.6542	45.5749	44.1859	48.7996	53.9977	2023
516	Namibia	43.4633	46.7478	50.2855	53.2457	56.1173	58.4501	57.4943	59.5015	59.5959	55.2521	52.1586	54.3056	58.0132	62.0979	2023
710	South Africa	45.5549	50.5401	53.6439	55.0722	56.5678	58.7351	61.129	62.7177	62.5498	60.122	55.3786	55.7584	61.8431	65.2984	2023
914	Western Africa	35.8703	37.0409	38.2459	39.3479	41.8312	44.9653	46.8924	47.5448	48.0227	48.8982	50.9799	53.3295	54.9896	56.3268	2023
204	Benin	36.2359	37.8986	39.9185	42.0068	44.2059	46.6966	48.7668	51.5816	54.2843	56.0227	57.0147	58.1177	58.7195	59.6008	2023
854	Burkina Faso	33.7532	35.2559	36.9168	38.6049	40.7913	44.5365	47.7431	49.1437	49.4286	50.0323	51.8556	54.778	57.6365	59.6943	2023
132	Cabo Verde	46.1187	47.6168	50.7246	54.9645	57.7307	60.0882	61.6071	63.0688	64.2372	66.3062	69.6247	71.7134	73.3588	74.6543	2023
384	Côte d'Ivoire	32.2782	35.4975	38.9462	42.3096	45.9789	49.9003	52.2039	52.9941	52.3083	51.4246	51.6504	53.8111	56.816	59.4717	2023
270	Gambia	31.7866	33.4077	35.8503	38.3259	40.8756	43.6129	46.351	49.7605	52.7984	55.6159	57.9886	60.1956	62.0659	63.8445	2023
288	Ghana	44.3044	46.2616	47.4089	47.8073	48.4903	50.2694	51.7426	54.0909	56.0555	57.3803	58.8564	60.4382	62.2074	63.9315	2023
324	Guinea	35.8042	36.3252	37.1567	38.4162	39.8542	41.7158	44.104	46.3226	48.5457	51.295	53.3791	55.4504	57.2074	58.8359	2023
624	Guinea-Bissau	36.1854	37.0746	36.7779	36.5386	38.8872	42.7541	44.4427	46.073	47.6133	48.5891	51.8766	55.0918	58.5525	61.2462	2023
430	Liberia	38.0639	38.0818	38.2888	39.4662	41.4004	43.3598	44.4227	43.4145	42.6993	48.1651	54.0666	58.2895	59.5507	60.7416	2023
466	Mali	29.1197	30.0181	30.8769	32.3375	34.7987	38.3622	42.2081	45.4241	47.4314	49.3543	52.2817	54.9433	56.893	58.6466	2023
478	Mauritania	39.4569	42.0293	45.43	49.1042	51.0996	52.2509	54.4316	57.0764	58.5635	59.7147	62.5006	64.9721	65.9455	67.1166	2023
562	Niger	35.9439	36.1009	36.3744	36.1794	35.8832	37.9345	39.7712	40.6202	43.388	47.3757	51.1274	55.3442	58.1113	59.5743	2023
566	Nigeria	36.0137	36.8001	37.7602	38.554	41.5804	44.9534	46.3536	45.9271	45.7128	46.2367	48.3462	50.501	51.708	52.5412	2023
654	Saint Helena	66.5963	67.5325	67.9134	68.4672	68.837	69.4832	70.3268	71.1138	72.188	74.7559	76.361	76.2559	76.0837	76.2485	2023
686	Senegal	37.5477	39.2179	39.7484	40.146	42.1877	46.1407	50.3684	54.9242	57.2237	57.2133	59.2134	62.79	65.3964	67.1589	2023
694	Sierra Leone	29.9514	31.9618	34.4392	37.4056	39.724	41.9456	43.2935	43.656	43.2019	43.0832	46.4746	50.3269	53.5458	58.1641	2023
768	Togo	42.3014	43.0797	44.1967	45.8381	47.9342	50.5463	53.4453	54.7117	53.9999	54.0054	55.1722	56.5235	58.1659	60.3162	2023
935	Asia	44.3962	46.1392	48.3866	52.5731	55.2519	57.9186	60.6745	62.9947	64.8438	66.6384	68.5555	70.4306	72.1916	73.5782	2023
5500	Central Asia	53.975	55.3695	56.8248	58.2562	59.6868	61.0079	62.9583	64.8454	63.8908	63.7917	65.4476	67.5593	69.9358	71.5014	2023
398	Kazakhstan	56.2209	57.3888	58.4982	59.5419	60.5798	61.6887	63.9083	65.8542	64.7356	63.4815	64.5812	66.5734	70.2416	72.8141	2023
417	Kyrgyzstan	52.783	54.3115	55.8707	57.4324	59.0058	60.5854	62.3769	64.9694	63.8904	64.2287	65.4538	66.4411	68.3159	70.2146	2023
762	Tajikistan	50.0644	51.6306	53.5771	55.6634	57.2659	58.2975	59.9654	61.6575	59.0819	62.1343	65.309	67.6	69.2218	70.2421	2023
795	Turkmenistan	49.149	51.1616	53.0484	55.0374	56.6914	58.2388	61.6737	63.5067	63.6738	63.9686	65.6844	67.347	68.9277	69.1912	2023
860	Uzbekistan	54.1043	55.6861	57.3925	59.1699	60.8839	62.3034	63.6596	65.4532	65.1126	65.0671	66.5463	68.7114	70.5573	71.753	2023
906	Eastern Asia	46.613	46.9859	49.4646	56.5874	60.6131	64.1255	66.7996	68.6563	70.4144	72.3018	74.1828	75.8524	77.2832	78.4666	2023
156	China	45.609	44.7054	46.9929	54.8077	58.9574	62.5968	65.4475	67.3989	69.2408	71.381	73.1984	74.8411	76.313	77.5166	2023
344	China, Hong Kong SAR	60.2829	64.3955	67.6488	70.183	71.9833	73.4706	75.1434	76.9801	78.1894	79.905	81.1909	82.2542	83.5349	84.7294	2023
446	China, Macao SAR	59.5197	62.4921	65.2692	67.5967	69.9765	72.1237	73.881	75.503	77.1605	78.4613	80.1006	81.0751	82.3411	83.2964	2023
158	China, Taiwan Province of China	58.1439	61.0096	64.0397	66.9101	69.8033	71.4495	72.4813	73.5222	74.4238	75.3371	76.8368	78.1869	79.3151	80.2397	2023
408	Dem. People's Republic of Korea	29.2045	53.962	57.2773	60.4024	63.49	66.0308	68.2641	69.8947	69.6294	60.865	64.9226	69.3553	71.5748	72.9509	2023
392	Japan	62.82	66.4237	69.18	71.4305	73.2986	75.419	77.0352	78.5484	79.4345	80.522	81.7749	82.5962	83.2551	84.2463	2023
496	Mongolia	39.6062	42.1458	46.6552	50.3941	53.282	54.8223	55.7726	57.4234	60.3519	61.9028	64.0803	66.4392	67.9695	70.1518	2023
410	Republic of Korea	35.0298	51.4898	54.9036	59.3292	63.4546	65.0811	67.1104	69.7669	72.2677	74.784	77.3813	79.7025	81.6511	83.2628	2023
5501	Southern Asia	41.2693	43.9266	45.8876	47.3224	49.0303	52.3678	54.998	57.476	59.5355	61.6041	63.8923	66.0222	68.0919	69.8277	2023
4	Afghanistan	29.2662	31.6414	34.0262	36.3249	38.7364	40.0541	35.6347	40.4265	48.4387	53.3217	56.6494	59.3701	61.7733	62.4409	2023
50	Bangladesh	39.1945	42.6913	45.6219	47.3906	42.2405	51.4446	53.2041	55.0079	56.4023	60.0666	63.8621	66.7557	69.2356	71.6671	2023
64	Bhutan	35.4393	35.9209	37.2696	39.7104	42.8408	46.345	50.1494	53.9692	57.4808	60.8875	64.2054	67.3623	69.892	71.5517	2023
356	India	42.3341	44.6406	46.1422	47.0452	49.5321	52.1404	54.9868	57.5006	59.6294	61.6534	63.8375	66.0298	68.27	70.1319	2023
364	Iran (Islamic Republic of)	39.3138	41.8325	44.6478	48.0806	52.4111	56.687	58.6837	63.2194	66.6669	68.9747	71.0993	73.4617	75.1748	76.1595	2023
462	Maldives	36.9289	37.5102	39.392	42.5204	46.9663	51.7929	57.0127	61.1627	65.0343	68.9103	72.6053	75.815	77.6682	79.1799	2023
524	Nepal	37.7464	38.1928	39.6036	41.9878	44.3131	46.9211	49.4909	52.7879	57.0937	61.0627	63.9346	66.2216	67.3919	68.7475	2023
586	Pakistan	37.0036	41.9813	46.348	51.0489	52.9635	55.8559	58.3739	59.3553	60.0407	60.9689	62.567	63.7929	64.9986	66.195	2023
144	Sri Lanka	55.1982	58.8972	61.7679	63.6521	64.6906	66.6431	68.5938	68.655	69.6984	70.1562	71.3029	72.4696	75.2861	76.403	2023
920	South-Eastern Asia	44.9832	48.8303	51.2044	53.0187	55.1652	56.8771	61.2059	63.4002	65.2522	66.7085	67.9123	69.1301	70.4094	71.3189	2023
96	Brunei Darussalam	52.8281	56.8592	60.0456	63.1589	65.6985	68.0186	69.795	71.0778	72.2147	73.4421	74.4068	74.7857	74.8495	74.9777	2023
116	Cambodia	39.5311	41.1183	43.3474	44.5531	32.6222	15.0712	49.0782	53.4529	55.8856	57.7005	61.8177	65.7939	68.4868	69.8631	2023
360	Indonesia	41.8711	45.2184	47.6357	50.2928	54.6262	57.3249	60.0048	62.2744	64.3986	65.7892	66.6146	67.9739	68.9556	69.8453	2023
418	Lao People's Democratic Republic	39.6368	40.8489	41.7656	43.0033	44.8446	46.8338	50.1604	52.8551	55.2813	57.3635	59.4676	62.029	65.3657	67.4713	2023
458	Malaysia	50.6041	54.9536	59.2014	62.2434	64.4756	66.9108	69.0052	70.4387	71.5484	72.3153	73.5602	74.9836	75.4326	75.641	2023
104	Myanmar	38.0917	42.3513	45.6598	49.0922	51.5663	53.4422	55.152	56.4723	57.8572	59.6268	61.0359	61.2121	64.4139	66.0335	2023
608	Philippines	55.0419	57.9881	59.8282	60.7856	60.8773	61.3868	62.238	63.5053	65.3922	67.0884	68.0345	68.5301	69.2195	69.7347	2023
702	Singapore	57.1749	63.5987	66.2159	67.6003	69.2341	70.9666	72.2148	73.9637	75.339	76.6465	78.9511	80.9981	82.2839	83.2455	2023
764	Thailand	46.7442	49.3557	51.7732	54.6859	58.0377	61.0272	64.149	67.9167	69.405	70.4841	71.9059	73.9848	75.7725	77.0126	2023
626	Timor-Leste	29.9823	31.5615	33.5243	36.0272	36.0703	24.9736	32.575	37.8536	46.5101	48.6422	59.74	62.5605	64.5224	66.0614	2023
704	Viet Nam	50.2387	56.4476	57.6934	55.3647	55.1605	64.1556	66.3402	68.2052	69.8383	71.9185	73.078	73.4121	73.7925	74.1909	2023
922	Western Asia	45.4582	48.4178	51.7844	55.0202	58.1842	60.9933	63.1469	65.2268	67.5101	69.1188	70.8328	72.2737	73.31	74.2969	2023
51	Armenia	55.732	58.017	60.1859	62.0214	63.3423	64.5886	66.254	64.0968	68.1086	69.8022	71.5531	72.4644	73.5784	74.1271	2023
31	Azerbaijan	47.2402	49.4981	52.3559	55.2677	57.6808	60.1783	62.1498	62.7506	61.4593	63.5313	66.7689	69.0692	71.2716	72.5549	2023
48	Bahrain	40.4015	46.4622	54.5522	61.5142	66.4349	69.5688	71.4593	72.3923	72.9007	74.0072	75.3543	77.2151	79.6748	80.2286	2023
196	Cyprus	57.9489	61.3521	63.477	67.0609	65.4315	71.5045	73.5998	75.3499	76.306	77.1926	78.6773	79.8848	81.1363	81.4837	2023
268	Georgia	58.5814	60.4146	62.2542	63.9535	65.6774	67.4081	68.8797	68.947	68.2107	69.9657	70.7069	71.0325	72.75	73.6131	2023
368	Iraq	41.2033	48.1908	53.8654	58.5528	61.4789	63.4178	59.3528	58.5953	63.5524	64.5175	65.0681	65.8166	68.9988	70.104	2023
376	Israel	67.2548	67.8255	69.6881	70.8861	71.5996	72.8832	74.7664	76.7399	77.7587	78.6401	79.7752	81.1923	82.1593	82.7224	2023
400	Jordan	43.8168	49.7811	55.0331	59.0913	62.5603	65.3421	67.5551	69.4109	70.4895	71.4202	72.4635	73.4576	74.2638	76.0461	2023
414	Kuwait	51.8303	56.3919	61.4406	66.0954	68.9643	70.3459	72.1833	74.1453	74.9462	75.6552	76.2178	76.8553	78.3864	79.5705	2023
422	Lebanon	60.8936	62.4895	64.6872	65.7105	65.2819	53.3286	57.543	63.1938	70.8643	73.0785	75.0175	76.6783	77.9581	78.0468	2023
512	Oman	30.2941	33.3149	37.9178	43.7201	49.4323	56.2304	62.5175	67.2682	70.3279	72.645	74.3866	75.9487	78.3584	79.5217	2023
634	Qatar	52.4725	55.9641	59.586	63.1952	66.3202	68.8362	70.8866	72.6569	73.9504	74.8037	75.9727	78.0406	80.6791	82.21	2023
682	Saudi Arabia	41.3095	43.9308	46.7988	50.4611	55.231	60.1488	64.3081	67.496	69.9656	71.7856	73.4737	75.1108	76.4366	78.3577	2023
275	State of Palestine	46.4789	48.2098	50.6964	53.2398	57.0316	60.4111	63.7654	66.4742	68.692	70.3189	70.7632	72.2096	73.6242	75.2175	2023
760	Syrian Arab Republic	44.8647	50.092	54.9107	58.6395	61.9684	65.5497	65.4724	68.9588	70.1889	70.3179	71.9026	73.2654	67.3569	67.2634	2023
792	Türkiye	48.1415	49.567	52.5885	55.3811	58.1433	61.1394	64.0053	66.6131	68.8161	70.7266	72.7445	74.245	75.7389	77.0605	2023
784	United Arab Emirates	44.0051	48.2821	53.0214	58.1453	63.0355	66.72	69.2102	70.6801	71.1809	73.3178	78.9161	81.4378	81.9472	82.3257	2023
887	Yemen	29.8865	32.1248	34.1561	37.8114	43.1348	47.9901	53.0504	56.63	59.4061	61.5724	64.0753	66.3614	67.5846	66.6547	2023
908	Europe	63.5608	67.4435	69.4197	70.1643	70.6984	71.1389	71.8175	72.9869	72.5271	73.1428	73.7855	75.419	77.1981	78.3226	2023
923	Eastern Europe	60.1138	66.2691	68.9898	69.3871	69.3875	68.9213	68.983	70.107	68.1573	67.9493	67.8881	69.7178	72.1378	73.8763	2023
112	Belarus	60.9583	66.1592	70.621	71.7867	71.6621	71.0289	70.8043	71.6094	69.8412	68.474	68.5161	69.9818	72.1654	74.0052	2023
100	Bulgaria	62.3331	66.7836	70.282	70.9087	71.0694	71.1019	71.2403	71.3931	71.1106	70.9647	72.2006	73.1737	74.401	74.7447	2023
203	Czechia	66.8654	69.5926	70.3639	69.9962	70.0412	70.6375	70.7803	71.4539	72.4959	74.2246	75.5302	76.9781	78.155	78.8836	2023
348	Hungary	64.01	66.9111	68.7836	69.4481	69.395	69.5932	69.0783	69.4252	69.4122	70.8813	72.5256	73.7159	75.3424	76.1012	2023
616	Poland	60.5384	64.8098	68.2614	69.7425	70.2801	70.3822	70.6863	70.7062	71.1704	72.7375	74.553	75.571	76.931	77.5942	2023
498	Republic of Moldova	55.386	58.2154	60.3993	61.8616	63.0497	64.3858	66.0086	67.8129	66.8562	66.7208	67.8422	68.9007	70.2091	70.1962	2023
642	Romania	62.0497	64.2717	67.3452	67.9206	68.8651	69.6056	69.6684	69.4636	69.5932	69.71	71.0091	72.7764	74.4876	74.9696	2023
643	Russian Federation	58.0152	66.5312	68.8758	69.044	68.7879	67.844	67.8483	69.6788	66.3576	65.7955	64.9414	67.4217	70.188	72.3831	2023
703	Slovakia	64.3547	68.6456	70.6274	70.3255	70.0745	70.4738	70.6219	70.9565	71.6026	72.7319	73.8012	74.7576	76.3203	77.2205	2023
804	Ukraine	62.7375	67.4175	70.4742	71.0168	70.781	69.9675	69.9517	70.8552	68.6159	67.6442	67.6349	68.288	71.2827	73.5613	2023
924	Northern Europe	69.307	70.6082	71.2115	71.87	72.3764	73.0642	74.074	74.9444	75.664	76.7064	77.939	79.1694	80.4906	81.0091	2023
208	Denmark	71.0586	72.0717	72.4049	72.9284	73.6286	74.2397	74.4429	74.7514	75.2396	76.1483	77.3484	78.5949	80.1533	81.112	2023
233	Estonia	67.2996	68.6874	69.9992	70.6161	70.545	69.6795	69.6456	70.6232	68.5373	70.0294	71.7007	74.0292	76.7733	78.2636	2023
234	Faroe Islands	63.3714	69.609	73.1628	74.438	75.123	75.55	75.9056	76.426	77.3168	77.959	78.3541	78.5045	79.0897	79.7396	2023
246	Finland	66.4021	68.1948	69.0725	69.7209	70.9361	72.7248	74.3375	74.8	75.8552	77.1562	78.4121	79.5577	80.7042	81.5772	2023
831	Guernsey	72.0613	73.8375	73.3979	72.8531	73.3434	74.2068	74.9941	76.6087	77.1538	78.9747	79.8491	81.4847	82.6731	82.7897	2023
352	Iceland	72.2198	73.1819	73.4712	73.6322	74.1435	76.3034	76.7346	77.4544	78.3559	78.8945	80.5015	81.2178	82.0689	82.3516	2023
372	Ireland	66.9054	69.1632	70.1406	70.7632	71.2276	71.9971	73.1794	74.2107	75.335	76.0117	77.7828	79.6584	81.0239	82.0477	2023
833	Isle of Man	63.8954	64.8374	64.533	65.4125	66.1545	67.5493	69.2758	70.875	72.6524	74.0602	76.0688	78.6198	80.0207	80.5367	2023
832	Jersey	69.861	70.4354	70.8577	71.2001	71.4709	72.1542	73.7982	75.404	76.6795	77.9155	79.012	80.1685	80.6589	80.0843	2023
428	Latvia	65.9312	68.58	70.6042	70.6923	70.1789	69.2357	69.3763	70.5585	67.3794	68.8577	70.4061	71.5464	73.9939	75.0448	2023
440	Lithuania	66.3094	68.1453	70.6687	71.6198	71.5183	70.9504	70.8005	71.8628	69.6766	70.9575	71.8698	71.6718	74.0008	75.5186	2023
578	Norway	72.8054	73.4813	73.4707	73.917	74.4328	75.3054	76.0045	76.2851	77.2901	78.3004	79.3464	80.6179	81.6191	82.6937	2023
752	Sweden	71.8633	72.8959	73.5025	74.1227	74.7925	75.3458	76.4017	77.167	78.1721	79.3049	80.1357	81.0728	81.8982	82.5316	2023
826	United Kingdom	69.4035	70.6012	71.0325	71.7052	72.2082	73.0108	74.1951	75.1437	76.2523	77.1766	78.4093	79.683	80.8776	81.0864	2023
925	Southern Europe	63.1935	66.0151	68.0652	69.7238	71.1771	72.6809	73.9122	75.1533	75.7565	77.3259	78.7582	80.096	81.2018	81.7547	2023
8	Albania	46.8353	52.9302	58.9119	63.3251	66.758	69.1063	70.5666	72.0583	73.4229	74.1662	75.4995	77.7627	78.158	78.8589	2023
20	Andorra	68.354	70.9125	73.0858	74.1618	74.9828	76.331	77.6564	78.338	79.9485	81.2615	82.5207	83.7177	84.3779	83.7838	2023
70	Bosnia and Herzegovina	50.1502	55.6568	60.3405	63.757	66.2961	68.8444	70.1066	71.0126	61.2201	73.8647	76.0617	76.3594	77.0323	77.2657	2023
191	Croatia	60.6451	64.6016	67.3292	68.9243	69.9953	71.2196	70.9016	72.0499	71.917	73.2066	74.7448	75.9998	77.2939	77.7968	2023
292	Gibraltar	66.0582	69.272	70.3007	71.5095	72.5612	73.5115	74.4691	76.0154	77.5723	79.2585	80.6284	81.4492	82.4936	82.9365	2023
300	Greece	67.3856	69.0546	70.5722	71.7717	73.0442	74.1148	75.338	76.6956	77.5677	78.2667	79.0828	79.9987	80.7818	81.2455	2023
380	Italy	66.5133	68.4397	69.6887	70.9396	72.2204	73.5512	74.8762	76.3957	77.4841	78.8081	80.2959	81.5794	82.4703	82.9232	2023
412	Kosovo (under UNSC res. 1244)	44.09	47.2171	49.9186	53.0841	55.618	58.5198	60.7236	63.8555	67.5948	66.9365	72.4343	74.3111	75.7755	76.5858	2023
470	Malta	64.4271	67.5536	69.0199	69.8809	71.0448	72.3129	72.9307	75.3356	76.7014	77.3167	78.7732	79.9531	81.5719	82.7857	2023
499	Montenegro	59.4969	63.341	66.7013	69.4127	71.287	71.8753	72.2727	73.2621	73.8386	73.4994	74.0921	74.9573	76.2307	76.5836	2023
807	North Macedonia	52.4835	58.3582	61.1	63.919	66.2143	68.4855	69.7646	70.614	71.5835	72.016	73.057	74.1467	75.3415	76.0767	2023
620	Portugal	60.3315	62.3632	64.4478	66.3593	68.3184	70.3932	72.5184	74.0389	74.8966	76.0012	77.6117	79.4007	80.8109	81.5821	2023
674	San Marino	71.9632	72.7689	73.5237	74.0047	74.7193	75.7795	76.877	77.5108	78.3027	79.7744	81.1957	82.7296	84.0485	84.7085	2023
688	Serbia	58.2754	63.5871	67.1715	69.7665	70.3898	71.5125	71.1322	71.9407	72.0432	72.1218	72.6398	73.7731	75.1266	75.7366	2023
705	Slovenia	64.2696	67.3237	68.6862	68.7798	70.3664	71.4098	71.4617	72.6387	73.6651	75.1001	76.4785	78.4215	79.9197	80.6845	2023
724	Spain	64.5753	67.7246	69.895	71.3629	72.6575	74.4112	76.1117	76.8596	77.6263	78.7739	79.8987	81.1954	82.4388	82.9917	2023
926	Western Europe	67.8629	69.4089	70.5798	71.1615	71.9004	73.1163	74.3214	75.5997	76.5921	77.7945	79.0008	80.2411	81.1191	81.6283	2023
40	Austria	66.5242	68.0203	69.6608	70.1316	70.7909	72.1296	73.2814	75.0041	76.1599	77.536	78.9295	80.1399	80.9893	81.6588	2023
56	Belgium	67.8098	69.4619	70.3059	70.7137	71.5092	72.6655	73.9247	75.2815	76.4171	77.4021	78.385	79.5763	80.5246	81.3496	2023
250	France	67.268	69.3951	70.7464	71.4592	72.4308	73.6707	74.7743	76.1385	77.353	78.4543	79.6078	80.9553	81.9409	82.4617	2023
276	Germany	67.5966	68.8871	70.104	70.6811	71.2376	72.4659	73.8045	75.0901	75.9895	77.3298	78.6351	79.7442	80.5074	80.9247	2023
438	Liechtenstein	66.6555	69.7476	70.9842	72.113	73.528	74.6711	75.5201	77.7697	78.4312	77.8918	79.9375	81.6829	82.348	83.003	2023
442	Luxembourg	66.2832	67.7598	68.7998	69.4631	69.9988	71.3318	72.5372	74.1189	75.2841	76.5301	77.7871	79.4767	80.6904	81.4197	2023
492	Monaco	69.2039	71.0334	72.4312	73.1227	73.3958	74.3463	75.6759	78.9615	80.195	81.4849	83.2873	84.1203	85.0388	85.8899	2023
528	Netherlands	71.9326	72.9463	73.464	73.6405	74.1129	75.1773	76.1433	76.7371	77.2727	77.8591	78.6861	80.2594	81.2566	81.7138	2023
756	Switzerland	69.4518	70.8332	71.6688	72.6644	73.8725	75.2702	76.2179	77.2844	78.0572	79.333	80.5612	81.7945	82.7076	83.4277	2023
5505	Americas	57.7057	59.8809	61.5092	62.6673	64.2469	66.4055	68.193	69.7637	71.2063	72.592	73.915	75.192	76.1389	76.4326	2023
904	Latin America and the Caribbean	50.2303	53.2252	55.8598	57.9923	60.0493	62.3363	64.3139	66.4221	68.1886	69.9776	71.6551	73.0829	74.2263	74.7831	2023
915	Caribbean	52.5979	55.7201	58.1789	60.4417	62.2361	63.6028	64.9386	66.0997	67.1329	68.5607	70.0619	70.5177	71.5378	72.4596	2023
660	Anguilla	56.3309	58.8408	61.4882	63.9392	66.047	68.0131	69.7101	71.2494	72.938	74.4643	75.7631	76.8073	77.5015	77.9801	2023
28	Antigua and Barbuda	59.2068	61.3773	64.3581	67.8512	70.4701	72.3029	73.5635	73.7889	73.4657	74.1296	75.2111	75.9385	76.9765	77.0647	2023
533	Aruba	59.7496	62.8209	64.7735	66.5702	68.539	70.1597	71.4843	72.2967	72.7145	72.8889	73.1634	73.7493	74.9181	75.6919	2023
44	Bahamas	59.7533	61.543	63.3514	65.1957	67.0312	68.746	69.7813	70.5076	71.302	71.7952	73.0344	73.4498	73.771	73.3668	2023
52	Barbados	56.4025	61.8825	65.8523	68.0387	69.1107	70.8717	72.9401	73.4147	73.6634	74.2653	74.8621	75.2583	75.7697	76.3255	2023
535	Bonaire, Sint Eustatius and Saba	65.0396	67.75	69.4864	70.8046	74.0282	74.3104	73.3968	74.2484	74.1184	75.5476	75.7264	76.315	76.5811	77.3583	2023
92	British Virgin Islands	55.7684	60.8136	64.0147	65.8803	67.1283	68.8573	70.2891	71.6466	73.2619	74.4918	75.1106	75.9694	76.4457	76.5189	2023
136	Cayman Islands	55.188	57.5175	60.4317	63.378	65.6532	68.2843	70.5749	72.2076	73.1677	73.9887	74.5999	75.3315	77.2479	78.7053	2023
192	Cuba	60.0439	62.1442	64.4301	66.7271	69.1415	71.5793	73.3146	73.6419	73.9296	75.1894	76.9187	77.5667	77.9745	77.4558	2023
531	Curaçao	61.8173	64.4062	66.1573	67.534	68.948	70.3231	71.4409	72.1336	72.6627	73.0587	73.5494	74.2792	75.9866	76.4448	2023
212	Dominica	48.9165	57.0192	62.1496	65.0685	67.7021	69.6923	71.7189	71.1717	70.5833	71.2783	71.9188	71.9092	71.2301	70.6129	2023
214	Dominican Republic	45.9535	49.8138	53.2526	56.6559	59.9115	62.254	64.4357	66.6816	68.6473	69.8645	70.7119	71.3215	72.8001	73.1398	2023
308	Grenada	55.238	60.6809	63.8459	66.3377	67.38	67.9321	67.7756	69.9312	71.297	72.6265	73.0465	74.2434	74.9537	74.9887	2023
312	Guadeloupe	54.8246	58.9082	62.2447	63.6357	65.8667	68.6179	71.1203	73.1067	74.7398	76.2925	77.8399	79.1953	80.8155	81.416	2023
332	Haiti	39.0753	42.3204	44.0258	46.3085	48.0536	49.3783	50.8005	52.4035	54.2348	56.8831	58.9512	59.2011	60.3682	63.8041	2023
388	Jamaica	58.4298	62.2093	64.7877	66.2073	67.4519	68.626	69.4541	70.9734	71.7164	71.2579	71.4567	71.5512	72.3086	71.7804	2023
474	Martinique	56.3295	60.2593	62.7573	65.0017	67.6147	70.5119	73.2067	75.1121	76.6825	77.7603	79.1647	80.6122	81.7655	81.8173	2023
500	Montserrat	51.1728	56.0951	60.5579	63.7496	66.6331	68.666	69.7747	70.0302	71.5302	70.6549	73.6666	74.4768	74.8983	75.393	2023
630	Puerto Rico	62.964	67.234	68.6608	70.3608	71.0618	72.4496	73.1193	73.003	73.4767	74.6012	76.5438	77.8754	79.601	80.4446	2023
652	Saint Barthélemy	56.7019	59.4147	61.0316	63.2731	67.1251	70.6917	73.3425	74.8377	76.8071	78.5533	80.0529	81.4619	82.4159	83.1659	2023
659	Saint Kitts and Nevis	55.7539	56.4677	58.1693	60.5716	62.3113	63.8415	64.9762	65.5087	66.4867	68.0266	70.3351	71.4142	71.3243	71.3184	2023
662	Saint Lucia	52.2846	56.4496	60.1322	63.3057	64.8404	66.9451	69.4325	69.9633	70.749	70.8172	71.8698	72.8442	72.8074	72.5191	2023
663	Saint Martin (French part)	65.5752	66.9395	68.3348	69.9726	71.6178	72.2042	72.546	73.7017	75.218	76.2277	77.3099	78.2521	79.3703	79.7401	2023
670	Saint Vincent and the Grenadines	50.4288	56.3919	60.167	62.8067	64.927	67.3638	68.7559	70.3984	70.6441	70.3776	70.4627	70.5521	70.4301	70.7408	2023
534	Sint Maarten (Dutch part)	63.5125	65.5992	67.2313	69.3389	71.7819	72.0535	72.0774	72.4342	72.4954	73.6932	74.5724	74.7987	75.293	75.6438	2023
780	Trinidad and Tobago	58.1246	61.0878	63.4621	64.5366	65.2582	66.1785	66.4924	67.2185	67.8027	68.2645	69.3617	70.9444	72.5532	72.8363	2023
796	Turks and Caicos Islands	50.6609	54.4338	58.0767	61.2834	63.9806	66.1973	67.9052	69.4523	71.0524	72.9234	75.0149	76.3496	77.0417	77.5291	2023
850	United States Virgin Islands	60.4379	62.3622	63.0699	64.9381	66.7859	68.1796	69.2288	70.2522	71.0078	71.274	72.0246	72.6732	73.7991	74.5723	2023
916	Central America	45.8145	50.3197	53.9009	56.4805	58.8861	61.5498	63.7022	66.7106	68.676	70.5369	72.2885	73.0829	73.7481	73.7472	2023
84	Belize	50.9998	55.1658	57.8604	61.683	64.2318	66.205	67.5183	69.1475	69.5903	69.1244	69.6105	70.6536	71.217	72.0796	2023
188	Costa Rica	58.7398	61.9701	64.1987	65.702	68.4109	71.7269	73.9984	75.3921	76.3067	76.7647	78.0633	79.1613	79.9663	80.0857	2023
222	El Salvador	44.8248	47.2893	49.1969	50.8794	52.3321	53.5208	53.5752	59.9686	63.4606	66.3795	68.6132	70.0073	71.1818	71.1113	2023
320	Guatemala	39.2183	42.7476	46.5542	47.6715	51.6895	53.7912	55.3881	61.067	62.4119	65.5325	67.8682	69.2545	70.6524	71.2601	2023
340	Honduras	42.3076	45.309	48.9735	52.6431	54.7196	58.9664	61.9368	64.2126	66.0238	66.5242	68.7743	69.5727	70.5802	71.7193	2023
484	Mexico	46.4574	51.4924	55.1956	57.9412	60.2961	63.1544	65.4876	68.0146	69.8308	71.6342	73.1706	73.7078	74.1636	73.9333	2023
558	Nicaragua	42.0571	45.1384	48.4073	52.4637	53.3586	54.6017	57.3995	59.1452	63.8509	65.2638	68.2959	71.2234	72.4271	73.1448	2023
591	Panama	56.5438	58.6942	61.5031	63.1176	65.5512	68.4235	70.0424	70.6911	71.6307	72.6675	74.3344	75.8018	76.9992	77.8639	2023
931	South America	51.5024	53.8668	56.172	58.1317	60.1006	62.3948	64.3903	66.3092	68.0899	69.9118	71.5833	73.3408	74.6599	75.3843	2023
32	Argentina	62.3265	63.6982	64.7076	65.3018	66.087	67.76	69.1366	70.8531	72.271	73.3871	74.4404	75.3002	76.0252	76.4968	2023
68	Bolivia (Plurinational State of)	41.2976	42.6188	44.1923	46.1266	48.1342	50.6452	52.7833	55.2271	58.3161	60.9535	63.1877	65.0957	66.6404	66.98	2023
76	Brazil	49.734	52.0149	54.2135	56.2491	58.4395	60.6803	62.9024	64.9457	66.7352	68.657	70.654	72.8699	74.4468	75.3295	2023
152	Chile	54.0974	56.0352	58.1139	61.2869	64.1048	67.7862	70.5339	72.6139	74.5106	76.1162	77.8671	78.7183	79.4514	80.2808	2023
170	Colombia	50.1389	54.2609	57.978	60.3561	62.7374	65.428	67.4801	68.0676	69.0577	70.6027	71.9565	73.9951	75.6075	76.2731	2023
218	Ecuador	49.4077	51.7953	54.9805	57.6736	60.0212	62.1571	64.4757	66.8928	69.8367	71.8721	73.2374	74.4717	75.665	76.0868	2023
238	Falkland Islands (Malvinas)	50.2477	52.5114	54.0897	54.9548	55.8484	55.416	52.2531	51.7706	57.3393	67.0172	73.4649	76.6474	78.1801	78.5547	2023
254	French Guiana	49.2459	53.116	58.2885	62.0623	64.1932	65.8833	68.323	70.1724	71.3622	72.3977	73.5487	75.0976	76.323	76.8639	2023
328	Guyana	51.725	56.0869	58.4204	59.5823	60.174	60.5931	61.0825	61.7852	62.75	63.2215	64.2249	65.4632	66.7781	68.436	2023
600	Paraguay	58.4314	59.4401	60.9321	62.0996	62.9748	63.972	65.1984	66.5714	68.0822	69.4	70.6644	71.9301	73.1186	73.4613	2023
604	Peru	46.9457	49.2071	52.1584	54.1769	56.1911	59.0863	60.7091	62.7807	65.4172	68.5369	70.9307	72.5752	74.2607	75.776	2023
740	Suriname	51.8664	55.0087	58.0959	59.2755	59.7447	60.3371	61.0004	61.5278	62.3488	63.5521	65.565	68.4649	70.0616	71.3536	2023
858	Uruguay	66.147	67.2093	67.9566	68.4518	69.2346	70.1169	71.3905	72.3676	73.187	74.0277	75.1248	76.2443	76.8852	77.5585	2023
862	Venezuela (Bolivarian Republic of)	53.0101	56.5683	60.1012	63.5001	65.6868	67.7453	69.1898	70.6444	71.2694	72.2119	72.2649	72.9529	73.0283	72.3979	2023
905	Northern America	68.717	69.7062	70.205	70.522	71.5818	73.3818	74.5318	75.0867	75.8486	76.6708	77.3926	78.3628	79.0713	78.9141	2023
60	Bermuda	61.5277	64.928	67.5267	67.8996	69.9186	71.8445	73.1115	73.5551	74.7162	77.1522	78.7311	79.0711	79.9174	80.8558	2023
124	Canada	69.046	70.3035	71.3372	72.1459	73.0023	74.312	75.8575	76.8324	77.7602	78.5845	79.6922	80.7198	81.6926	81.9884	2023
304	Greenland	43.7516	54.0715	60.012	62.3266	62.4793	61.7984	62.5386	62.9746	63.7945	64.6927	67.0188	68.2718	69.4678	70.3143	2023
666	Saint Pierre and Miquelon	63.7999	65.4689	66.6584	67.0319	68.5516	69.8732	70.9384	72.5528	73.4846	74.3089	75.3919	76.1011	76.4516	76.5606	2023
840	United States of America	68.7095	69.6667	70.1105	70.3783	71.4499	73.2903	74.4004	74.909	75.6462	76.4665	77.1477	78.1076	78.7834	78.575	2023
909	Oceania	62.1711	64.1936	65.4437	66.2368	67.749	69.541	71.1148	72.2586	73.7093	74.5714	75.6262	76.6033	77.5886	78.3538	2023
927	Australia/New Zealand	69.4426	70.4622	70.919	70.9045	71.7545	73.4028	74.8499	75.8803	77.4606	78.6247	80.1029	81.247	82.1743	82.8386	2023
36	Australia	69.3738	70.4207	70.8697	70.8305	71.7534	73.5802	75.0805	76.1781	77.6874	78.8372	80.3122	81.4392	82.3528	83.0266	2023
554	New Zealand	69.7682	70.6847	71.173	71.2496	71.7648	72.6116	73.7782	74.4642	76.3549	77.5799	79.068	80.2916	81.2695	81.8855	2023
928	Melanesia	41.9687	46.2033	49.4013	52.544	55.198	57.8271	59.6173	60.903	61.8869	62.5377	62.9363	63.5449	64.7409	65.8178	2023
242	Fiji	53.1534	57.2095	59.9098	61.528	61.3686	62.4347	62.7524	64.6134	65.5391	66.3701	65.8514	66.266	66.4835	66.8772	2023
540	New Caledonia	46.8082	50.4685	54.1619	58.065	61.7172	64.4479	66.7167	68.7298	70.3514	72.4301	74.3316	75.3394	76.6872	77.3473	2023
598	Papua New Guinea	39.9844	44.2077	47.281	50.5374	53.528	56.2425	58.1557	59.2967	60.3419	61.1035	61.709	62.3899	63.7775	64.9648	2023
90	Solomon Islands	42.8978	45.5489	49.457	53.6243	58.0846	61.8476	64.5612	65.6076	66.499	66.8616	67.4278	68.1533	68.9535	69.6431	2023
548	Vanuatu	45.0173	48.465	51.1794	53.9219	56.695	59.6643	62.7319	65.2053	67.5263	68.2245	68.8697	69.272	69.9041	70.5142	2023
954	Micronesia	53.3973	55.0235	56.9671	59.1865	61.3014	63.039	64.4561	65.6771	66.8366	67.9816	69.2396	69.9195	70.2022	70.4672	2023
316	Guam	60.3651	62.0403	63.6203	65.0558	66.767	69.2469	71.8775	73.3953	73.8847	74.7112	75.6687	76.2957	76.2708	76.4139	2023
296	Kiribati	45.9942	47.0269	49.4199	52.7602	55.5002	56.689	57.9319	59.8149	62.1383	63.9268	65.1638	65.7011	65.8804	65.7498	2023
584	Marshall Islands	52.785	53.563	55.4992	57.9032	59.6216	60.6351	61.3699	61.7691	62.0461	63.069	63.8625	64.2962	64.8774	65.6815	2023
583	Micronesia (Fed. States of)	49.7396	52.6322	55.6834	58.5223	60.7439	62.167	62.7889	63.359	63.9845	64.396	64.6237	64.8618	65.1224	65.8106	2023
520	Nauru	57.0629	57.7453	58.079	58.482	58.3732	58.2801	58.6178	58.7408	59.6279	59.8883	59.4185	59.6299	60.5686	61.1886	2023
580	Northern Mariana Islands	58.9929	60.5638	62.1433	63.8953	65.7992	67.7043	68.7708	69.5735	70.955	73.3144	76.1417	77.7903	77.5338	77.5826	2023
585	Palau	53.1786	54.2604	55.4471	56.7372	58.7999	61.0451	62.3825	62.7695	62.9784	63.8439	65.2965	67.3105	68.8516	68.9852	2023
957	Polynesia	51.4996	55.348	58.0856	60.6027	62.9212	64.9943	67.1678	69.1665	70.7882	72.4833	73.9449	74.6564	75.5049	76.03	2023
16	American Samoa	60.4825	63.2831	65.8918	64.3343	67.3525	68.7996	70.032	70.8323	71.452	71.5415	71.8417	72.0992	72.6894	72.7296	2023
184	Cook Islands	41.8423	49.2308	55.8929	61.1135	65.3297	65.5727	66.2719	66.9914	67.8437	68.6256	70.4772	71.9461	73.4374	74.3491	2023
258	French Polynesia	54.1969	58.0498	60.3107	61.7745	63.2742	65.6677	69.3108	72.6991	74.9797	77.6222	79.5732	80.4828	81.788	82.7804	2023
570	Niue	55.5799	58.0047	60.7429	63.2615	65.247	66.9485	67.9545	67.6417	66.5781	66.3131	66.5157	67.2546	68.1191	69.0526	2023
882	Samoa	50.6835	53.668	55.8746	59.0875	61.6012	63.9169	65.7909	67.1936	68.633	70.1583	71.2689	71.1351	71.2357	70.8402	2023
772	Tokelau	55.634	57.59	59.5604	61.4216	62.925	64.2266	66.269	68.3402	70.3599	71.7273	72.7723	73.9092	75.1225	76.1667	2023
776	Tonga	51.6501	56.7077	59.5075	61.9325	64.2006	65.7155	66.5382	67.2481	68.0515	69.1148	70.1158	70.9043	71.5875	72.1181	2023
798	Tuvalu	42.0444	46.2352	50.1639	53.7551	56.4564	59.3303	60.7824	61.3538	61.7153	63.0373	63.8497	64.4664	65.1193	65.8071	2023
876	Wallis and Futuna Islands	44.629	46.3057	48.4133	50.8657	53.8228	57.3093	61.4782	66.9793	71.0926	74.0692	75.7653	76.5682	77.1098	77.7476	2023
