country_code	country	2020-2025	2025-2030	2030-2035	2035-2040	2040-2045	2045-2050	2050-2055	2055-2060	2060-2065	2065-2070	2070-2075	2075-2080	2080-2085	2085-2090	2090-2095	2095-2100
900	World	72.4147	73.2079	73.6773	74.1389	74.6226	75.012	75.4215	75.8481	76.3028	76.6747	77.0121	77.3846	77.769	78.1394	78.4691	78.865
1834	Sub-Saharan Africa	61.2927	62.0292	62.5222	63.0547	63.6737	64.1983	64.7577	65.3033	65.8656	66.394	66.8544	67.365	67.8816	68.4211	69.005	69.5419
1833	Northern Africa and Western Asia	73.0746	73.8365	74.2265	74.7118	75.2304	75.7326	76.1572	76.6495	77.0271	77.4806	77.9506	78.333	78.8317	79.2378	79.5754	79.9908
1831	Central and Southern Asia	70.4485	70.8697	71.1165	71.5142	71.9289	72.2875	73.0142	73.5114	73.9019	74.6045	75.0405	75.4597	75.9287	76.5148	76.9842	77.6261
1832	Eastern and South-Eastern Asia	76.468	76.3252	76.5507	76.8268	77.1968	77.5613	77.9542	78.5346	79.0824	79.6684	80.1711	80.5202	80.9749	81.3797	81.7767	82.2312
1830	Latin America and the Caribbean	74.3905	75.5485	75.8874	76.4312	76.8753	77.3916	78.0294	78.6545	79.1711	79.7994	80.3965	80.8622	81.4021	81.928	82.3981	82.9256
1835	Oceania (excluding Australia and New Zealand)	66.751	66.0419	65.5864	65.3154	65.1497	64.8123	64.7063	64.6383	64.8006	65.0005	64.9604	65.1864	65.406	65.5515	65.6595	65.6994
1836	Australia/New Zealand	83.1319	82.7425	82.6957	82.8963	83.0794	83.3706	83.6098	83.9074	84.1378	84.3103	84.6987	84.8198	85.105	85.3367	85.5922	85.8637
1829	Europe and Northern America	78.333	79.1973	79.5761	80.0394	80.6048	81.0907	81.6455	82.1257	82.5609	83.0448	83.473	83.9485	84.4658	85.0032	85.4967	86.0384
5502	Europe, Northern America, Australia, and New Zealand	78.4504	79.3006	79.6683	80.1291	80.6842	81.2092	81.7496	82.2156	82.6761	83.2077	83.6586	84.1601	84.6813	85.1969	85.6806	86.1951
901	More developed regions	79.0766	79.8932	80.2779	80.7387	81.2835	81.7986	82.3081	82.8131	83.2593	83.7657	84.2423	84.6882	85.2028	85.726	86.2136	86.7489
902	Less developed regions	70.9916	71.7517	72.2296	72.729	73.2243	73.6207	74.1114	74.6103	75.066	75.4448	75.8111	76.1806	76.5249	76.9222	77.2057	77.5741
941	Least developed countries	65.462	66.4987	67.0669	67.6388	68.1919	68.7394	69.2072	69.7054	70.211	70.7758	71.2463	71.7161	72.1134	72.4985	72.8669	73.2806
934	Less developed regions, excluding least developed countries	72.2053	72.7784	73.1807	73.6354	74.1007	74.5243	74.921	75.2867	75.77	76.1307	76.4232	76.9059	77.2977	77.6873	78.0644	78.523
948	Less developed regions, excluding China	69.2383	70.2326	70.6793	71.2436	71.776	72.2386	72.7484	73.1943	73.6812	74.149	74.5145	74.9517	75.4197	75.8509	76.2721	76.6491
1636	Land-locked Developing Countries (LLDC)	65.4932	66.6013	67.095	67.6736	68.1677	68.7256	69.2278	69.7427	70.2815	70.8323	71.3058	71.8509	72.3167	72.6671	73.1867	73.5416
2087	LLDC: Africa	63.374	64.3092	64.79	65.2655	65.7395	66.2676	66.7614	67.2458	67.8675	68.4174	69.0042	69.5066	69.942	70.3663	70.8766	71.2655
2088	LLDC: Asia	69.5614	70.1875	70.4338	70.8623	71.2324	71.65	71.9445	72.3089	72.8193	73.2777	73.7246	74.1309	74.354	74.4721	74.8884	75.411
2089	LLDC: Europe	72.3876	72.0219	71.8968	71.9315	72.1959	72.4822	72.4865	72.794	73.0046	73.3639	73.7475	73.9038	74.1336	74.1842	74.4689	74.8796
2090	LLDC: Latin America	68.1187	68.9688	68.6851	68.6078	68.7714	68.7859	69.1548	69.6408	69.9285	70.3092	70.6297	70.986	71.3723	71.8981	72.1302	72.5783
1637	Small Island Developing States (SIDS)	71.8412	72.3385	72.5201	72.7579	72.9798	73.0812	73.1031	73.3449	73.528	73.7315	73.8509	74.0974	74.1835	74.2296	74.5898	74.7581
2091	SIDS Caribbean	72.1252	72.3891	72.3955	72.494	72.7155	72.857	72.8766	72.9752	73.1104	73.32	73.6064	73.8989	74.1147	74.2507	74.4636	74.7365
2092	SIDS Pacific	66.769	66.1657	65.8323	65.656	65.5713	65.4118	65.4043	65.4396	65.6145	65.7362	65.7721	65.9558	66.412	66.5525	66.7383	66.8488
2093	SIDS Atlantic, Indian Ocean and South China Sea (AIS)	75.5667	75.5778	75.559	75.4815	75.1274	75.0342	75.1479	75.0978	75.1795	74.8861	74.7259	74.6213	74.3391	74.3319	74.2908	74.5082
5503	High-and-upper-middle-income countries	77.178	77.7778	78.1818	78.6821	79.1246	79.6131	80.1509	80.7224	81.3182	81.9434	82.5401	83.1021	83.5832	84.1388	84.6622	85.1944
5504	Low-and-Lower-middle-income countries	67.671	68.4827	68.8402	69.3736	69.8978	70.2906	70.8024	71.2606	71.8058	72.316	72.7115	73.0948	73.5872	74.0861	74.4802	74.8999
1503	High-income countries	80.7541	81.4087	81.7629	82.1942	82.6599	83.1914	83.7171	84.1352	84.5586	85.0064	85.5323	85.9544	86.3471	86.7839	87.2876	87.8605
1859	Low-and-middle-income countries	70.7053	71.4872	71.947	72.4417	72.9476	73.3428	73.7973	74.2655	74.7183	75.1036	75.4501	75.8271	76.2116	76.576	76.9065	77.2582
1517	Middle-income countries	71.6277	72.3298	72.7752	73.2511	73.7678	74.2453	74.6752	75.1107	75.6057	75.9936	76.372	76.7516	77.1551	77.5957	77.9581	78.3916
1502	Upper-middle-income countries	75.2834	75.7287	76.1219	76.5393	77.0746	77.5394	78.1124	78.7218	79.3202	79.9013	80.4851	81.0399	81.5389	82.0216	82.4157	82.9146
1501	Lower-middle-income countries	68.5652	69.176	69.4677	69.9483	70.3955	70.8549	71.3245	71.6711	72.2083	72.6698	73.1224	73.5257	73.9583	74.4793	74.8775	75.4231
1500	Low-income countries	64.0072	64.9149	65.3726	65.9269	66.417	66.9158	67.2806	67.682	68.1875	68.677	69.1366	69.5833	69.8606	70.228	70.6545	71.0404
1518	No income group available	71.9857	70.7081	70.3763	70.4282	70.3472	70.6095	71.061	71.3989	71.7797	72.2669	72.7415	73.1251	73.5926	73.9634	74.3683	74.9727
903	Africa	63.0383	63.8115	64.3418	64.8544	65.4261	65.9413	66.3849	66.9246	67.4029	67.9135	68.3675	68.8433	69.3124	69.909	70.4152	70.8975
910	Eastern Africa	64.8378	65.5035	66.0451	66.6252	67.1237	67.651	68.0879	68.6679	69.246	69.7859	70.2567	70.808	71.3341	71.7497	72.2639	72.8388
108	Burundi	62.6352	61.2168	60.5811	60.1058	59.829	59.8772	59.6543	59.6004	59.4255	59.5586	59.4406	59.7724	59.7053	59.7949	60.0787	60.1696
174	Comoros	65.9123	64.884	64.5189	64.7465	64.8981	65.1895	65.3784	65.6828	66.1065	66.4303	66.3909	66.9177	67.1408	67.5688	68.3734	68.7024
262	Djibouti	64.8837	63.804	63.1996	63.0077	63.2143	63.3518	63.2709	63.3603	63.4333	63.7882	63.996	64.0043	64.1853	64.6582	65.0788	65.0687
232	Eritrea	67.5993	66.7039	66.5191	66.6997	66.9999	67.2427	67.6483	67.5184	67.6965	67.7613	67.8247	68.3565	68.6227	68.9947	69.3724	69.76
231	Ethiopia	66.3541	65.5637	65.4005	65.3021	65.2694	65.6043	65.8085	65.9513	66.0877	66.4969	66.9776	67.1407	67.5253	67.9044	68.0797	68.4852
404	Kenya	62.5277	61.4154	60.909	60.8437	61.0073	61.132	61.4834	61.4607	61.4562	61.7988	62.2902	62.4728	62.7023	63.0343	63.4222	63.7042
450	Madagascar	62.7714	61.5536	61.0183	61.1081	61.1407	61.096	61.2956	61.7792	62.0753	62.3756	62.6518	62.9624	63.1836	63.153	63.4171	63.5197
454	Malawi	65.9825	65.2097	64.6926	64.5671	64.3929	64.5179	64.5687	64.6947	64.8342	64.8709	64.9027	64.889	65.5491	65.6911	65.9485	66.4262
480	Mauritius	73.8962	73.3147	72.8943	72.9045	73.1199	73.3357	73.5313	73.8286	74.2083	74.6997	75.0291	75.4817	76.0774	76.5902	77.3078	78.2096
175	Mayotte	74.7756	74.6232	74.4548	74.4229	74.6673	74.8312	75.1096	75.5075	75.963	76.1712	76.6814	77.1504	77.4458	78.1926	78.7704	79.3688
508	Mozambique	62.2063	61.3921	60.8354	60.4868	60.3211	60.5431	60.5311	60.491	60.2123	60.5859	60.7733	61.102	61.2464	61.2064	61.2438	61.4179
638	Réunion	82.4082	82.41	82.3383	82.3067	82.4857	82.7409	82.9909	83.2075	83.4263	83.5545	83.6423	83.9372	83.9101	84.2602	84.4301	84.5634
646	Rwanda	67.0959	65.8118	65.3814	65.305	65.2369	65.1285	65.278	65.533	65.6763	65.9282	66.2711	66.7097	66.8285	67.0306	67.4524	67.5949
690	Seychelles	71.9531	70.8069	70.4848	70.4663	70.4541	70.7309	70.8731	71.1373	71.3535	71.4957	71.7308	72.1463	72.4921	72.7909	73.2664	73.8227
706	Somalia	56.6024	56.2752	55.3301	54.4798	54.4025	54.3166	54.4006	54.2329	54.1362	54.0557	54.0939	54.4579	54.4449	54.5891	54.721	54.3881
728	South Sudan	56.9118	54.6776	53.8064	53.2094	52.7421	52.376	52.1824	51.9135	51.6897	51.7412	51.798	51.6956	51.3003	51.1982	51.1127	51.3032
800	Uganda	67.2238	66.3362	66.0875	65.9661	66.1005	66.1328	66.0156	66.291	66.4891	66.69	67.1579	67.6588	67.2452	67.4749	67.6718	67.9784
834	United Republic of Tanzania	66.4032	64.9434	64.4769	64.3509	64.5287	64.6557	64.7217	64.9905	64.8859	64.9483	65.2546	65.7104	65.3179	65.5051	65.8615	66.3213
894	Zambia	64.6766	64.2487	63.5712	63.162	63.0082	62.9898	62.8625	62.9255	63.1204	63.2096	63.255	63.2725	63.267	63.2475	63.2355	63.7897
716	Zimbabwe	61.6469	60.7974	60.5496	60.6509	60.9666	61.2166	61.7412	62.2496	62.5416	62.6895	63.1889	63.6717	64.0101	64.5026	64.7882	65.4709
911	Middle Africa	60.512	60.9775	60.8909	60.9721	61.2083	61.3604	61.4342	61.5658	61.8853	62.443	62.7931	63.1649	63.4124	64.0584	64.3674	64.5688
24	Angola	63.6719	62.4505	61.9308	61.6991	61.5589	61.4502	61.3657	61.498	61.7432	61.9042	62.0505	62.2207	62.4078	62.6879	62.7389	63.0564
120	Cameroon	62.3379	61.8076	61.6846	61.7313	61.7878	61.8048	61.8736	61.9027	62.2219	62.4873	62.7503	62.8772	63.414	63.9481	64.1902	64.2273
140	Central African Republic	45.3128	55.049	54.3808	54.1991	54.0843	53.8702	53.9456	54.0403	54.0268	53.8951	54.267	54.5367	54.9748	55.2936	55.6047	56.0918
148	Chad	53.8637	52.2925	51.3454	51.0307	50.6896	50.0827	50.1848	50.3517	50.1521	50.1435	50.289	50.5522	50.8723	50.8443	50.9294	50.9813
178	Congo	64.7767	63.795	63.2961	63.0335	63.1471	63.2707	63.3818	63.1691	63.5565	63.8492	63.9257	64.2892	64.4094	64.5696	64.4643	64.6101
180	Democratic Republic of the Congo	60.7839	59.5044	58.6476	58.221	57.9941	57.7132	57.4816	57.28	57.7029	58.1101	58.1764	58.1104	58.2187	58.4143	58.303	58.4812
226	Equatorial Guinea	62.807	61.4158	60.6852	60.371	60.3342	60.1742	60.3773	60.3179	60.612	60.9477	61.0554	61.2815	61.5431	61.7923	61.9354	62.1526
266	Gabon	67.4261	66.2269	65.8025	65.5489	65.1524	65.2762	65.5887	65.6302	65.6227	65.7674	66.1294	66.2291	66.1428	66.3362	66.5552	66.6689
678	Sao Tome and Principe	68.7572	67.7306	67.2087	67.1441	67.2756	67.4579	67.5077	67.5521	67.8462	68.0663	68.1914	68.4018	68.6407	68.9692	69.0592	68.8398
912	Northern Africa	71.172	71.4876	71.6003	71.9871	72.3756	72.8748	73.1633	73.4321	73.8304	74.0096	74.3548	74.7521	75.0824	75.5405	76.0233	76.5401
12	Algeria	75.4186	74.6882	74.6313	74.7135	75.082	75.4662	75.8177	76.1403	76.3902	76.7634	77.3663	77.9813	78.5907	79.0953	79.7782	80.3481
818	Egypt	70.4408	69.7655	69.2115	69.1434	69.0472	69.2094	69.4988	69.6826	69.7986	70.0381	70.3918	70.5837	70.8002	70.8582	71.1812	71.4607
434	Libya	71.4134	72.5498	72.61	72.6501	73.0873	73.3811	73.5845	73.9257	74.1728	74.2994	74.9874	75.661	76.1217	76.6793	77.2334	77.7938
504	Morocco	74.3505	73.5962	73.3778	73.3697	73.4772	73.7247	73.9127	73.9425	74.2406	74.6215	75.0397	75.3539	75.9025	76.28	76.5494	77.0362
729	Sudan	65.3236	64.1777	63.6491	63.5401	63.6338	63.8913	63.8402	64.0437	64.34	64.4224	64.606	64.6253	64.8756	65.2936	65.223	65.5981
788	Tunisia	75.2623	75.1629	74.9657	75.1224	75.4956	75.9596	76.2058	76.5318	76.8673	77.2718	77.6934	78.4297	79.0137	79.703	80.5337	81.088
732	Western Sahara	70.7907	69.4647	69.0397	69.1567	69.2152	69.2622	69.4876	69.4047	69.7689	70.1662	70.5077	70.737	70.9037	71.1642	71.2642	71.9034
913	Southern Africa	64.4842	64.1589	63.8243	63.81	63.9058	64.122	64.3666	64.6381	64.8724	65.1878	65.4483	65.9534	66.1213	66.4699	66.6452	66.9277
72	Botswana	67.3513	66.9451	66.1252	65.8177	65.666	65.5464	65.4198	65.6185	65.7176	65.8305	65.7358	65.8231	65.9428	66.3804	66.5266	66.6309
748	Eswatini	61.9017	61.8518	60.8191	60.5067	60.312	60.2486	60.0982	59.8791	60.0024	60.3523	60.4179	60.5521	60.4611	60.6862	60.8404	61.036
426	Lesotho	56.0461	55.7781	55.8117	56.3341	56.6481	57.1493	57.6364	58.0757	58.738	59.2012	59.5806	60.0516	60.5066	61.1658	61.5481	61.4619
516	Namibia	64.7705	65.1574	64.3575	64.0839	63.8047	63.7708	63.7006	63.8337	63.9382	64.0162	64.1405	63.879	63.9401	64.3466	64.6268	64.5432
710	South Africa	64.6865	63.9654	63.4646	63.2267	63.2112	63.2565	63.4624	63.5877	63.8345	64.1294	64.2668	64.5796	64.6834	64.9933	65.3822	65.2864
914	Western Africa	57.5392	57.0313	56.8262	56.9644	57.2917	57.6487	57.9931	58.2249	58.7163	59.01	59.3378	59.8928	60.3511	60.6165	61.3047	61.6832
204	Benin	59.9634	58.4151	57.4831	57.1468	56.8069	56.685	56.5388	56.6217	56.8457	56.9954	57.3477	57.3043	57.246	57.4243	57.8568	57.8411
854	Burkina Faso	60.2994	58.7826	58.2532	58.0395	57.6756	57.5801	57.4651	57.6128	57.5769	57.6628	57.8706	58.368	58.6661	58.5206	58.6375	58.7533
132	Cabo Verde	75.1693	74.4512	74.1172	74.2386	74.2953	74.5818	74.8779	75.094	75.3964	75.7372	76.3219	76.7388	77.2595	77.779	78.0631	78.9272
384	Côte d'Ivoire	60.9067	59.5795	59.0589	58.5965	58.3247	58.3233	58.3677	58.5054	58.5	58.7259	58.6262	58.6652	59.1528	59.3789	59.5427	59.7933
270	Gambia	64.6952	63.5351	62.9345	62.6527	62.4272	62.3681	62.4444	62.6456	63.0376	62.9641	63.3245	63.5043	63.681	63.8551	64.0033	64.1742
288	Ghana	64.6654	63.4328	62.9448	62.6406	62.4732	62.5167	62.3977	62.5522	62.6728	62.6996	63.0246	63.1592	63.1441	63.4519	64.0782	64.073
324	Guinea	59.8121	58.2581	57.4393	57.0969	56.9227	56.8218	56.8153	56.9931	56.7757	56.8737	56.7654	56.7647	56.9283	57.1718	57.4495	57.3234
624	Guinea-Bissau	62.8393	61.7112	61.2187	60.6643	60.4596	60.3826	60.2001	60.2327	60.3431	60.3066	60.3618	60.6089	60.6542	61.0719	61.2372	61.6428
430	Liberia	61.3922	59.7144	58.9495	58.5071	58.3529	58.1491	58.2748	58.0542	58.1206	58.0674	58.2795	58.1533	58.4898	59.0537	58.9985	58.7133
466	Mali	59.4902	58.1866	57.7034	57.5959	57.6503	57.819	57.6632	57.875	58.21	58.1752	58.2528	58.3943	58.5465	58.7403	58.8963	59.2426
478	Mauritania	67.5436	66.6373	66.2183	66.1221	66.4466	66.7976	67.0462	67.2013	67.3214	67.6891	68.1166	68.5897	68.8596	69.0041	69.2223	69.7565
562	Niger	60.1524	58.9434	58.526	58.79	58.942	59.1763	59.4616	59.8597	60.0235	60.0387	60.5728	60.8652	61.2419	61.7647	62.327	62.5152
566	Nigeria	53.5416	51.6153	50.4853	49.8455	49.7776	49.6757	49.3046	48.9488	48.7638	48.9856	48.7045	48.5287	48.7426	48.9282	49.1552	49.2665
654	Saint Helena	76.4942	75.2713	74.9341	75.0746	75.2609	75.3042	75.4084	75.7798	75.9825	76.1753	76.6428	76.9194	77.3292	77.871	78.3426	78.5507
686	Senegal	67.6544	66.8013	66.5793	66.7349	66.9919	67.228	67.4056	67.6029	67.6825	68.08	68.6633	68.8504	69.0977	69.3693	69.5504	69.8488
694	Sierra Leone	60.7479	59.3946	58.7781	58.4476	58.3571	58.3956	58.4172	58.576	58.5792	58.6489	58.7178	59.0153	59.0985	59.3333	59.8612	59.9617
768	Togo	61.7703	60.2606	59.662	59.4514	59.3086	59.3595	59.4623	59.2775	59.2044	59.7497	59.8556	59.907	60.0922	60.6563	60.7331	60.9577
935	Asia	73.8721	74.3716	74.8503	75.3696	75.8033	76.2469	76.7466	77.2501	77.8051	78.3248	78.8245	79.1817	79.4851	80.0904	80.496	80.9759
5500	Central Asia	71.7735	71.8348	71.8102	71.9755	72.2356	72.4154	72.6657	73.0794	73.6531	74.0173	74.3283	74.7829	75.1149	75.5881	76.187	76.7207
398	Kazakhstan	72.7235	72.5367	71.9383	71.7331	71.6357	71.7555	71.9026	71.8944	72.2349	72.5446	72.8182	73.2049	73.4579	73.7829	74.1914	74.9448
417	Kyrgyzstan	70.5683	69.8007	69.2137	68.8754	68.7001	68.8801	69.0173	69.1257	69.3034	69.645	69.7724	70.0749	70.5634	70.9577	71.2578	71.4953
762	Tajikistan	70.6368	69.7513	69.3924	69.0278	69.0558	68.8534	68.6274	68.6267	68.943	68.9439	69.1342	69.4182	69.2513	69.3805	69.7685	69.9742
795	Turkmenistan	69.3681	67.9299	67.2106	66.7667	66.5718	66.266	66.415	66.3023	66.4636	66.838	66.8605	66.9068	67.2159	67.1936	67.5389	67.8472
860	Uzbekistan	71.7205	70.3306	69.7058	69.3602	69.2701	69.1554	69.0064	69.1304	69.3701	69.5476	69.9158	69.9183	70.0412	70.6314	70.978	71.3218
906	Eastern Asia	78.593	77.9532	78.032	78.2247	78.4775	78.8223	79.2585	79.9298	80.5323	81.1828	81.6811	82.2737	82.9769	83.6513	84.0688	84.4757
156	China	77.6491	76.8567	76.9027	77.1548	77.396	77.7856	78.1589	78.8801	79.4826	80.0843	80.7221	81.3005	81.9115	82.6263	82.9794	83.2764
344	China, Hong Kong SAR	84.6707	84.15	83.9404	83.8267	83.9708	84.2317	84.496	84.7268	84.9662	85.157	85.1088	85.3448	85.5439	85.5104		
446	China, Macao SAR	82.9446	82.0666	82.2276	82.494	82.7395	83.1111	83.3339	83.6735	83.9611	84.317	84.5708	84.7599	84.7665	84.9298	85.1465	85.495
158	China, Taiwan Province of China	80.3483	79.5057	79.478	79.5722	79.8108	80.4631	81.1385	81.509	81.8404	81.9213	82.4017	82.8187	83.1267	83.3548	83.5977	83.9107
408	Dem. People's Republic of Korea	73.1342	71.5687	70.9411	70.6901	70.5722	70.419	70.3397	70.7211	71.027	71.1766	71.2211	71.285	71.6909	71.9707	72.1302	72.3394
392	Japan	84.2939	83.407	83.3022	83.4902	83.5797	83.9088	84.0053	84.339	84.535	84.7951	85.0783	85.5577	85.9153	86.2046	86.5003	86.6205
496	Mongolia	70.5778	70.3193	70.3716	70.5377	70.783	71.2349	71.7377	72.2623	72.6411	73.2571	73.9258	74.6584	75.0964	75.8309	76.5809	77.1051
410	Republic of Korea	83.5634	82.9449	82.7607	82.7748	82.8244	82.8692	82.921	83.1866	83.365	83.7497	83.8271	83.852	83.9271	84.3113	84.719	85.2058
5501	Southern Asia	70.372	70.7492	70.9905	71.3637	71.7756	72.1504	72.8286	73.3324	73.724	74.4033	74.8634	75.2988	75.6837	76.3081	76.7753	77.3101
4	Afghanistan	64.0108	64.1982	63.9448	63.9135	64.1361	64.4256	64.6819	64.8967	65.2507	65.4519	65.7422	65.7618	65.942	66.1403	66.1781	66.3652
50	Bangladesh	73.2606	73.4375	73.3989	73.7998	74.3884	74.9863	75.4839	76.0395	76.6063	77.3001	77.7916	78.5897	79.0854	79.7418	80.1976	80.6983
64	Bhutan	72.441	71.4116	71.5713	71.8249	72.3841	72.8399	73.2697	73.6689	74.2119	74.7208	75.4124	76.0169	76.6648	77.4157	77.8528	78.2806
356	India	70.4792	70.3232	70.2804	70.4384	70.6651	70.8185	71.3393	71.8523	72.2335	72.6367	73.0558	73.2853	73.8195	74.2545	74.7155	75.5206
364	Iran (Islamic Republic of)	76.0799	76.3401	76.2735	76.411	76.782	77.2036	77.5899	78.1218	78.6148	78.9881	79.5822	79.9978	80.6726	81.204	81.4996	82.0151
462	Maldives	79.9519	80.0446	80.1893	80.544	80.9853	81.4239	82.0175	82.4529	82.973	83.4605	83.8436	84.046	84.43	84.8478	85.0391	85.2769
524	Nepal	69.4402	68.7342	68.6198	69.0423	69.4335	69.66	70.0127	70.5391	70.7361	71.0363	71.3127	71.4467	71.6488	71.9723	72.1952	72.5549
586	Pakistan	66.6225	65.3853	64.8631	64.5278	64.5196	64.4492	64.6625	64.6269	64.8044	65.2452	65.7569	66.0715	66.2645	66.4628	66.7022	66.9702
144	Sri Lanka	76.8685	76.1041	75.8351	75.9778	76.2297	76.3305	76.6428	76.9503	77.4057	78.0729	78.6157	79.0444	79.9729	80.4871	81.2816	81.8957
920	South-Eastern Asia	71.2955	71.4894	71.6955	72.1057	72.4396	72.8609	73.0959	73.5058	73.9029	74.324	74.7065	75.1443	75.6161	76.1751	76.5994	76.9512
96	Brunei Darussalam	74.4144	73.5917	73.2367	73.0379	73.1715	73.1311	73.4691	73.5596	74.0068	74.3893	74.6343	75.0205	75.6899	75.8781	76.1635	76.7806
116	Cambodia	69.928	68.66	67.9727	67.5798	67.3414	67.2786	67.1037	67.0718	67.0782	67.0304	67.1117	67.5126	67.4357	67.5834	67.6569	67.5843
360	Indonesia	69.7432	69.0772	68.6673	68.6376	68.4984	68.5859	68.6459	68.6639	69.003	69.4051	69.4159	69.6549	70.1131	70.4375	70.6139	70.7936
418	Lao People's Democratic Republic	68.2539	67.2237	67.0227	67.1954	67.349	67.36	67.537	67.7531	68.0451	68.4042	68.4625	68.3624	68.7059	68.6512	69.0233	69.2145
458	Malaysia	75.5258	75.1763	75.0235	75.2004	75.3278	75.5056	75.895	76.2699	76.6227	77.0063	77.3388	78.004	78.6412	78.9466	79.3628	79.8348
104	Myanmar	66.1188	64.8854	64.6035	64.5842	64.6041	64.7817	64.9301	64.9608	65.2952	65.4972	65.7494	66.0091	65.925	66.1385	66.4362	66.7324
608	Philippines	68.729	67.5509	67.0091	66.5844	66.2916	66.3194	66.4894	66.5088	66.5551	66.8674	67.0847	67.2418	67.4174	67.7346	68.2274	68.3166
702	Singapore	83.2835	82.61	82.4612	82.6359	82.7728	82.9042	83.1003	83.3788	83.5988	83.6689	83.9471	84.2232	84.4906	84.5144	84.6424	85.0243
764	Thailand	76.2399	75.2292	75.125	75.3072	75.7928	76.1152	76.4509	76.9589	77.6102	78.1918	78.7151	79.1758	79.7787	80.2646	80.9329	81.3561
626	Timor-Leste	66.864	65.5866	65.4394	65.2571	65.2748	65.3638	65.8289	65.8547	66.222	66.4377	66.6207	66.9382	67.0593	67.2279	67.393	67.6773
704	Viet Nam	74.2382	72.8656	72.4869	72.45	72.6285	72.7117	72.8784	72.9654	73.4158	73.611	74.1359	74.5435	75.3092	75.8686	76.4428	77.0435
922	Western Asia	74.7222	75.3556	75.6592	76.0216	76.4537	76.8176	77.1754	77.6085	78.0031	78.4415	78.8511	79.2017	79.6047	80.0515	80.4379	80.8567
51	Armenia	73.8638	74.0814	73.7303	73.9033	73.9466	73.9496	73.8451	73.8668	74.2921	74.6497	75.0491	75.3658	75.8316	76.0232	76.62	77.4309
31	Azerbaijan	72.9294	72.5562	72.0378	71.8959	71.8553	71.6826	71.8293	71.9968	72.248	72.3583	72.6059	72.894	73.4544	74.1136	74.5997	74.7808
48	Bahrain	80.0847	79.8659	79.6524	79.7484	79.8954	80.2502	80.7132	80.8839	81.2378	81.4862	81.895	82.2635	82.6192	83.0828	83.4256	83.6693
196	Cyprus	80.8934	80.4265	80.381	80.5453	80.9164	81.2473	81.5843	81.9891	82.2966	82.5679	82.949	83.2758	83.8222	84.2697	84.4769	84.6181
268	Georgia	73.4428	72.7857	72.446	72.2426	72.0121	72.1105	72.3744	72.5669	72.7873	73.26	73.3857	73.5448	74.182	74.4823	75.1174	75.4004
368	Iraq	71.2917	70.1556	69.4972	68.9928	68.9177	68.7835	68.7902	68.7704	68.9345	69.0341	69.0652	69.3037	69.4334	69.6828	70.0211	69.8426
376	Israel	82.3294	81.2741	81.1731	81.303	81.5512	81.8837	82.1336	82.5132	82.9832	83.0397	83.2032	83.6065	83.8069	84.0274	84.31	84.3964
400	Jordan	76.4543	76.3169	75.9458	75.9593	75.958	76.2175	76.7152	76.723	77.5251	78.0273	78.3205	78.6104	79.0392	79.3943	80.0495	80.5945
414	Kuwait	79.0951	79.1831	79.1377	79.251	79.4866	79.8521	80.3856	80.8103	81.2711	81.8263	82.4542	82.8532				
422	Lebanon	76.5521	76.1032	75.7774	75.5975	75.6234	75.767	75.8457	75.9406	76.0286	76.3412	76.6135	77.0744	77.3301	77.8332	78.263	78.4364
512	Oman	78.3937	78.8376	78.8435	79.0476	79.4209	79.8372	80.2861	80.7557	81.3342	82.0738	82.5444	83.1361	83.5296	83.9409	84.1521	84.4064
634	Qatar	81.5685	81.1045	80.9946	81.0082	81.2048	81.2909	81.4324	81.6472	81.9241	82.2037	82.394	82.7334	83.0468	83.5133	83.8877	84.0056
682	Saudi Arabia	77.7755	77.6702	77.7037	78.102	78.5273	78.6513	79.401	80.085	80.6155	81.2435	81.8399	82.291	82.819	83.0689	83.6436	84.0573
275	State of Palestine	71.2371	74.6779	74.881	74.8187	74.8931	75.0354	75.3765	75.6861	75.8907	76.2667	76.6113	77.1459	77.5228	77.7614	78.3673	78.8982
760	Syrian Arab Republic	71.8608	70.81	70.445	70.2867	70.5054	70.603	70.9188	70.9345	71.1001	71.5056	71.7235	72.1692	72.5312	72.9168	73.068	73.4049
792	Türkiye	76.5605	76.1922	76.1066	76.2745	76.5683	77.0468	77.3813	77.7903	78.0343	78.4804	78.9342	79.444	79.9986	80.5037	81.0024	81.3726
784	United Arab Emirates	81.3454	81.6846	81.5792	81.6431	81.9334	82.2743	82.7319	83.0531	83.3273	83.59	84.0002	84.1928	84.3401	84.6079	84.7234	84.9487
887	Yemen	67.6933	67.0802	66.4144	66.2261	66.3072	66.4135	66.6246	66.4291	66.6831	67.0825	67.2233	67.4336	67.4897	67.631	68.1255	68.0926
908	Europe	78.3052	79.1607	79.6216	80.2234	80.8079	81.3719	81.9207	82.4952	83.0264	83.539	84.1635	84.7501	85.3017	85.7494	86.2254	86.7496
923	Eastern Europe	73.5488	74.1467	74.3532	74.6896	75.1665	75.6542	76.1059	76.664	76.9923	77.4212	78.1768	78.6498	79.0658	79.5634	80.2194	80.6112
112	Belarus	73.454	72.8418	72.5721	72.5775	72.7884	73.0329	73.3307	73.7271	74.1068	74.5768	75.0354	75.5093	76.0573	76.7987	77.2671	77.7936
100	Bulgaria	73.9469	73.9567	73.6285	73.5808	73.7217	73.7771	74.1543	74.5544	74.7187	74.9441	75.6019	76.1345	76.8154	77.3723	77.7323	78.1253
203	Czechia	78.7508	78.3935	78.1901	78.0332	78.1079	78.098	78.4791	78.6631	79.0358	79.4591	79.8582	80.4538	80.917	81.1621	81.5345	81.5426
348	Hungary	75.8473	75.3695	75.0139	75.1559	75.2676	75.4281	75.6805	75.9415	76.2702	76.9666	77.7325	78.1295	78.8557	79.3534	80.011	80.6481
616	Poland	77.4388	77.388	77.1678	77.365	77.6031	77.8762	78.3583	78.8304	79.274	79.8296	80.2684	80.6153	81.0196	81.282	81.4902	81.6937
498	Republic of Moldova	70.3015	69.0933	68.5508	68.2842	68.1496	68.2295	67.8534	68.0541	68.2628	68.175	68.2049	68.2665	68.287	68.4065	68.919	69.4112
642	Romania	74.651	74.272	73.9014	73.7511	73.7612	74.0049	74.2396	74.338	74.471	74.7759	75.2322	75.7895	76.1705	76.9448	77.5701	78.1922
643	Russian Federation	71.834	71.4924	71.2173	71.3504	71.5346	71.8328	72.0878	72.4142	72.768	73.1201	73.6155	74.2582	74.838	75.5066	76.0784	76.6299
703	Slovakia	76.92	76.9278	76.8625	76.925	77.1522	77.3924	77.7641	78.0323	78.4502	78.8924	79.3752	80.0112	80.7821	81.3125	81.6342	82.0648
804	Ukraine	72.5018	71.9224	71.6303	71.6493	71.7796	71.8432	72.174	72.2765	72.7491	73.1888	73.6346	74.0756	74.337	75.0542	75.5012	76.1097
924	Northern Europe	80.9828	80.8061	80.956	81.1964	81.4921	81.7979	82.3223	82.696	83.1511	83.5577	84.0789	84.4749	84.6989	85.1021	85.4841	85.8267
208	Denmark	81.4209	80.6541	80.3875	80.446	80.6056	80.803	81.2281	81.6515	82.0753	82.4442	82.7933	83.0536	83.2645	83.4516	83.8853	83.9723
233	Estonia	78.3221	77.8413	77.7439	77.7067	78.018	78.5071	79.0265	79.4921	79.8255	80.021	80.3953	80.7936	81.2265	81.5996	81.6844	82.0615
234	Faroe Islands	79.6687	79.1618	79.1461	79.2704	79.6819	80.3458	80.9013	81.4783	82.176	82.5622	82.9246	83.3012	83.617	84.1084	84.3361	84.7321
246	Finland	81.532	80.797	80.6754	80.9032	81.1399	81.4975	81.7627	82.0252	82.1183	82.4603	82.8037	83.2232	83.4353	83.6776	83.8661	84.1639
831	Guernsey	82.735	82.189	82.1558	82.2796	82.5493	82.6363	82.7908	82.9847	83.0523	83.2958	83.4793	83.7688	83.9951	84.0079	84.2361	84.5381
352	Iceland	82.2924	81.5164	81.201	81.1541	81.208	81.2687	81.4677	81.8143	82.2273	82.6959	83.0038	83.2786	83.6779	84.0002	84.3352	84.66
372	Ireland	81.9975	81.2975	81.2509	81.4979	81.803	82.0895	82.4002	82.757	82.8663	83.0348	83.3707	83.7171	84.1024	84.2441	84.392	84.6175
833	Isle of Man	80.5652	79.6469	79.4033	79.3679	79.507	79.7433	80.2682	80.7823	81.2622	81.5789	81.7726	82.1638	82.3832	82.646	83.184	83.422
832	Jersey	79.3158	78.2761	78.0188	78.0857	78.2298	78.4608	78.7403	79.0089	79.3812	79.7989	79.9927	80.4542	81.2043	81.7637	82.2249	82.6693
428	Latvia	74.9716	74.6847	74.2726	74.3357	74.2807	74.2792	74.5642	74.8686	75.2104	75.6768	76.0985	76.5093	76.9332	77.4078	77.7582	78.296
440	Lithuania	75.0294	74.5204	74.1472	74.1818	74.2864	74.4576	74.5577	74.9999	75.4012	75.7809	76.5467	77.0459	77.3091	77.7354	78.0338	78.6143
578	Norway	82.8895	82.1669	82.0351	82.2061	82.2336	82.3936	82.7389	83.0448	83.1252	83.5397	83.7912	83.9056	84.131	84.4397	84.8373	85.1442
752	Sweden	82.8504	82.15	82.1649	82.2695	82.4591	82.6366	82.7443	83.0474	83.1626	83.21	83.4799	83.9001	84.1858	84.4479	84.4257	84.7216
826	United Kingdom	80.8091	80.0215	79.8689	79.8462	79.9082	80.1118	80.5858	80.9021	81.3099	81.7675	82.1922	82.4531	82.5292	82.8657	83.1572	83.3827
925	Southern Europe	81.7716	82.3547	82.6969	83.0717	83.5617	83.9685	84.3421	84.7296	85.1281	85.6089	85.9489	86.4477	86.9361	87.2773	87.6467	88.1432
8	Albania	78.4407	78.3334	78.0102	78.208	78.3839	78.6911	79.0302	79.4762	79.8509	80.347	80.794	81.5272	82.0654	82.3906	82.8353	83.1854
20	Andorra	83.0283	83.0008	82.8721	82.9399	83.0745	83.2161	83.4566	83.5881	83.7197	84.0094	84.122	84.1717	84.4737			
70	Bosnia and Herzegovina	76.4996	76.5378	76.4091	76.3974	76.6844	76.8733	77.1119	77.7079	77.9277	78.6468	79.3502	79.768	80.264	80.9146	81.3377	81.7363
191	Croatia	77.8423	77.1557	76.9429	77.0031	77.0561	77.2839	77.6873	78.1713	78.5201	78.8221	79.4533	79.9426	80.6528	81.1269	81.4251	81.8261
292	Gibraltar	82.6188	82.4431	82.299	82.3488	82.3886	82.5504	82.7084	83.0162	83.1902	83.2887	83.5105	83.9116	84.0458	84.1546	84.5173	84.923
300	Greece	80.9219	80.7748	80.8304	81.1337	81.5179	81.9341	82.195	82.5599	82.8484	83.1012	83.3238	83.5715	83.8825	84.1147	84.3034	84.509
380	Italy	82.8342	82.683	82.605	82.662	82.9428	83.0589	83.1736	83.3671	83.4192	83.8598	84.0893	84.469	84.6835	84.8615	85.2252	85.4528
412	Kosovo (under UNSC res. 1244)	76.6743	76.648	76.4839	76.6447	76.8492	77.0349	77.2765	77.6229	78.0011	78.4831	78.9684	79.4319	79.9271	80.3587	80.8955	81.4079
470	Malta	82.5543	82.1844	82.2555	82.2999	82.4168	82.7429	82.9723	83.0593	83.2697	83.5129	83.7387	84.0212	84.3614	84.5636	84.8903	85.1794
499	Montenegro	75.7925	75.5889	75.3098	75.5494	75.7189	75.9245	76.3521	76.8249	77.2085	77.3235	77.6803	78.166	78.8884	79.4957	80.1402	80.5011
807	North Macedonia	75.8081	75.71	75.2409	74.9324	75.0107	75.1596	75.1358	74.9604	75.2319	75.6405	76.0348	76.6664	77.1201	77.4515	77.9932	78.5357
620	Portugal	81.5972	81.2843	81.2386	81.4432	81.7625	81.9089	82.1993	82.4127	82.66	83.0252	83.583	83.8465	83.9295	84.0512	84.3275	84.7009
674	San Marino	84.6783	84.283	84.0467	84.0691	84.0148	83.9972	84.1675	84.4039	84.7077	84.738	84.9233	85.1616	85.2864	85.5405	85.7607	86.0161
688	Serbia	75.1991	75.3248	75.1851	75.2328	75.4799	75.7428	76.0323	76.4647	77.0699	77.3483	78.0489	78.677	79.1319	79.8123	80.4453	81.2065
705	Slovenia	80.8449	80.3365	80.2853	80.4741	80.7571	81.0422	81.4286	81.7389	82.0517	82.4545	82.6401	82.7837	83.0806	83.1759	83.6312	83.9005
724	Spain	82.8832	82.5479	82.4712	82.5943	82.6037	82.694	82.9812	82.9766	83.3335	83.5195	84.0614	84.3516	84.639	84.9013	85.0378	85.3387
926	Western Europe	81.7636	81.86	82.0927	82.4779	82.909	83.3717	83.8092	84.1317	84.5823	84.9847	85.4402	85.8667	86.2091	86.6627	87.0847	87.455
40	Austria	81.5514	80.8546	80.767	80.9664	81.2119	81.5078	81.7468	82.0678	82.4286	82.8629	83.2161	83.2597	83.4715	83.7659	84.095	84.2587
56	Belgium	81.4537	80.9059	80.8349	81.0491	81.2693	81.4277	81.7454	82.0645	82.5642	82.7976	83.1126	83.2139	83.4172	83.3511	83.4726	83.8555
250	France	82.6094	82.1823	82.0097	82.0946	82.2856	82.5028	82.6411	82.8257	83.0506	83.1716	83.4139	83.6328	83.8416	84.0386	84.2492	84.5825
276	Germany	80.8867	80.2241	80.0742	80.1977	80.3727	80.7751	81.1322	81.5177	81.7049	82.0562	82.2607	82.5621	82.8049	83.1647	83.5643	83.8949
438	Liechtenstein	83.011	82.5182	82.4832	82.7245	82.9602	83.1076	83.3669	83.5941	83.8219	84.0448	84.3467	84.6705	84.9488	85.0613	85.2708	85.5855
442	Luxembourg	81.8208	80.981	80.763	80.7763	81.0282	81.2311	81.4147	81.6892	82.0147	82.1775	82.32	82.6485	82.8303	83.0579	83.3236	83.6676
492	Monaco	85.6975	84.9481	84.7041	84.6582	84.6648	84.6313	84.8078	84.9047	85.1099	85.2681	85.5139	85.3876	85.7006	86.2277	86.4577	86.8071
528	Netherlands	81.6416	80.9129	80.6663	80.6241	80.944	81.431	81.976	82.2778	82.5487	82.8021	83.2569	83.5674	83.8141	84.2212	84.6388	84.7565
756	Switzerland	83.4154	82.8174	82.6471	82.6423	82.8068	83.0553	83.1955	83.4121	83.6547	83.7944	84.1004	84.3746	84.7257	85.1529	85.4988	85.845
5505	Americas	76.0656	77.039	77.3542	77.7739	78.2171	78.7682	79.3658	79.886	80.4537	80.97	81.4631	82.0552	82.6188	83.0933	83.5313	84.0123
904	Latin America and the Caribbean	74.3905	75.5485	75.8874	76.4312	76.8753	77.3916	78.0294	78.6545	79.1711	79.7994	80.3965	80.8622	81.4021	81.928	82.3981	82.9256
915	Caribbean	72.1361	72.35	72.2965	72.3838	72.5755	72.6709	72.6598	72.6915	72.8718	73.0489	73.3106	73.6191	73.7415	73.8784	73.9367	74.1797
660	Anguilla	78.7715	78.1166	78.0584	78.1545	78.331	78.7214	79.2297	79.825	80.1966	80.5535	80.6764	81.2079	81.5858	82.0171	82.4137	82.7208
28	Antigua and Barbuda	77.1692	76.1996	75.8956	75.9307	76.1996	76.3723	76.762	76.8505	77.171	77.6153	78.3275	78.8722	79.2617	79.6598	80.3841	81.07
533	Aruba	75.384	74.679	74.1987	74.113	74.2348	74.3729	74.6549	74.8155	74.8837	74.8784	75.172	75.275	75.7034	75.8973	76.3527	77.0553
44	Bahamas	73.2978	72.84	72.4546	72.23	72.1752	72.2717	72.3795	72.3969	72.8082	72.8577	73.3129	73.8111	74.0241	74.2519	74.8082	75.3351
52	Barbados	75.8808	74.5496	74.2468	74.1337	74.1071	74.1125	74.2193	74.278	74.7286	75.117	75.5854	76.0346	76.4115	77.0774	77.5917	78.1478
535	Bonaire, Sint Eustatius and Saba	77.3345	75.9316	75.626	75.7305	75.9056	76.0869	76.4219	76.3443	76.6925	77.1166	77.5526	77.8575	78.2606	78.8459	79.2091	79.8897
92	British Virgin Islands	76.5394	75.8137	75.4744	75.4657	75.5658	75.7984	76.1008	76.3221	76.3688	76.9292	77.2447	77.6129	78.2119	78.8547	79.5584	79.9142
136	Cayman Islands	79.7126	79.1806	79.119	79.2051	79.4561	79.9207	80.3178	80.5677	81.0204	81.2881	81.8325	82.2923	82.8062	83.1699	83.7607	83.9529
192	Cuba	76.6698	76.66	76.5189	76.6312	76.9367	77.2756	77.61	78.0469	78.3961	78.8927	79.1591	79.7946	80.3118	80.8317	81.4344	81.8762
531	Curaçao	76.26	75.3316	75.0628	75.0355	75.1564	75.1507	75.3027	75.4215	75.6347	76.2658	77.0167	77.5471	77.8548	78.1008	78.9108	79.5732
212	Dominica	70.5097	69.2228	68.9566	68.9122	69.0508	69.1188	69.5319	69.8	70.2626	70.4986	70.7396	70.8955	71.078	71.5222	72.0228	72.1714
214	Dominican Republic	72.9523	71.7945	71.0647	70.4677	70.1887	70.3661	70.3954	70.3518	70.3566	70.5087	70.6424	70.9655	71.1438	71.3781	71.4183	71.5726
308	Grenada	74.7193	73.4937	73.089	72.933	72.9719	73.0111	73.1101	73.229	73.2435	73.3429	73.5058	74.0745	74.3134	74.6189	75.2995	75.7657
312	Guadeloupe	80.6529	81.0675	81.0243	81.1941	81.4938	81.8553	82.003	82.1912	82.4612	82.6646	82.8987	83.1046	83.1575	83.3076	83.3923	83.7386
332	Haiti	63.7488	62.74	62.2165	61.8332	61.4465	61.3765	61.2563	61.3858	61.5817	61.9375	62.2909	62.1243	62.0098	62.194	62.2788	62.3143
388	Jamaica	70.6197	69.3522	68.7285	68.5026	68.4764	68.2145	68.1085	67.9748	68.3236	68.6909	68.8	69.0495	69.2552	69.4546	69.3346	69.43
474	Martinique	80.7737	81.5619	81.5389	81.7274	82.009	82.3117	82.5909	82.8107	82.9185	83.1332	83.2687	83.4792	83.5638	83.796	83.9872	84.2747
500	Montserrat	75.715	74.4886	74.1921	74.1709	74.3553	74.3507	74.6077	74.9757	75.6414	75.6577	76.0741	76.3672	76.619	77.1577	77.6297	78.1225
630	Puerto Rico	80.4595	80.6693	80.8176	81.0403	81.3959	81.7007	81.9732	82.2796	82.5609	82.7162	82.9289	83.0838	83.2624	83.3425	83.5893	83.7291
652	Saint Barthélemy	83.9685	82.9464	82.8461	82.8141	82.7824	82.9996	83.0948	83.2945	83.512	83.5739	83.8362	84.0092	84.1296	84.2838	84.6895	84.9654
659	Saint Kitts and Nevis	70.7502	70.1572	69.6839	69.6183	69.45	69.8133	69.7424	69.8258	69.9809	69.914	70.2991	70.593	71.0742	71.0758	71.2594	71.645
662	Saint Lucia	71.5896	70.7836	70.2686	70.2026	70.1279	70.4718	70.6683	70.8335	70.9414	71.1629	71.5994	71.7453	72.2427	72.6499	72.8632	73.263
663	Saint Martin (French part)	80.0172	79.2963	79.3105	79.4992	79.7272	80.159	80.6823	81.1769	81.5627	81.9302	82.2367	82.5145	82.6074	82.922	83.0968	83.4157
670	Saint Vincent and the Grenadines	70.2716	69.2768	68.7219	68.4199	68.3961	68.4138	68.6617	68.575	68.5485	68.8087	68.9831	69.2462	69.3857	69.7836	70.0673	70.1231
534	Sint Maarten (Dutch part)	75.5286	74.8254	74.4381	74.3282	74.3459	74.5329	74.6306	74.6158	74.8441	74.9056	75.1549	75.7532	76.3172	76.5813	76.9864	77.2873
780	Trinidad and Tobago	72.5508	71.4935	70.8895	70.6889	70.4636	70.6977	70.7214	70.5719	70.7715	70.7477	70.9194	71.0225	71.3366	71.2888	71.5538	72.1498
796	Turks and Caicos Islands	77.5128	76.5429	76.3484	76.3459	76.4764	76.6481	77.012	77.2928	77.7967	78.4778	78.8017	78.9332	79.4877	79.9439	80.6087	81.2896
850	United States Virgin Islands	74.8995	74.2408	74.2277	74.3189	74.6394	75.0576	75.5507	76.0852	76.5126	76.9585	77.6847	78.3404	79.0039	79.4438	80.0807	80.56
916	Central America	73.1637	73.9713	74.031	74.3725	74.6463	74.9683	75.547	75.8905	76.4129	76.8829	77.3385	77.8222	78.5277	78.9992	79.5486	80.2742
84	Belize	72.2218	71.7684	71.2545	71.4854	71.6351	71.7324	71.6984	72.1303	72.637	72.8463	73.1006	73.3872	73.6069	73.889	74.2573	74.767
188	Costa Rica	79.6338	79.7836	79.8906	80.064	80.3067	80.9452	81.4184	82.021	82.4201	82.7912	83.1409	83.5782	83.9253	84.1787	84.5004	84.8236
222	El Salvador	71.1297	70.5602	70.3389	70.483	70.697	71.0334	71.4663	71.9463	72.3564	72.8032	73.0068	73.7032	74.5074	74.9937	75.6167	76.2914
320	Guatemala	70.7747	70.5846	70.0015	69.9414	69.7741	69.8928	70.0641	69.9396	70.2906	70.5226	70.5793	70.8048	70.9678	71.2529	71.0509	71.3611
340	Honduras	71.6284	70.9814	70.5542	70.5202	70.6289	70.7419	70.9619	71.3489	71.4264	71.7076	71.7666	71.7641	72.2927	72.8131	73.3402	73.7795
484	Mexico	73.0353	73.5586	73.3417	73.4787	73.5421	73.7791	74.2026	74.4753	74.7255	75.2692	75.4637	75.9274	76.5209	77.1318	77.6561	78.2014
558	Nicaragua	73.2209	73.1706	72.9121	72.8686	72.8431	72.9833	73.2073	73.5248	73.81	74.2563	74.6621	75.1386	75.2563	75.5411	75.9267	76.461
591	Panama	78.4528	78.4022	78.2632	78.3119	78.5368	78.9579	79.5662	79.9468	80.4615	80.9485	81.315	81.7925	82.2683	82.7975	83.077	83.4581
931	South America	74.9736	75.768	75.9718	76.431	76.8353	77.2984	77.847	78.3891	78.9618	79.4346	80.0274	80.5215	81.0494	81.6385	82.1907	82.7666
32	Argentina	75.9272	75.7379	75.2086	74.955	75.1675	75.317	75.3866	75.6707	76.0937	76.5618	77.106	77.5468	77.9876	78.5201	79.1192	79.649
68	Bolivia (Plurinational State of)	65.9648	66.4496	65.8444	65.6651	65.7143	65.7805	66.1994	66.3273	66.4836	66.8053	66.8827	67.0712	67.5092	68.0374	67.9754	68.1287
76	Brazil	74.6656	74.2726	73.9677	74.2322	74.0986	74.2882	74.6327	74.953	75.3456	75.7125	76.0239	76.4689	76.7487	77.3631	77.7329	78.1851
152	Chile	79.8826	80.052	79.9776	80.012	80.4316	80.8696	81.2689	81.6554	82.21	82.6088	83.0005	83.5605	83.8495	84.006	84.2279	84.5595
170	Colombia	75.9116	76.3553	76.0574	76.1933	76.4985	76.8682	77.0158	77.2515	77.8247	78.425	79.0131	79.6273	80.2638	80.7974	81.2234	81.6266
218	Ecuador	75.4827	75.9752	75.8839	75.824	76.0876	76.457	76.6614	77.15	77.6047	78.0343	78.5482	78.9296	79.5761	80.0075	80.4538	80.9735
238	Falkland Islands (Malvinas)	78.8237	77.9633	77.917	78.1512	78.362	78.7855	79.2073	79.4816	79.9551	80.4709	80.9495	81.4628	81.9623	82.5005	83.0939	83.4025
254	French Guiana	76.1651	75.5505	75.3755	75.4332	75.7387	76.1933	76.4836	76.7125	77.0021	77.3547	77.9774	78.4315	78.8901	79.6355	80.0986	80.5796
328	Guyana	68.3325	68.0829	67.5978	67.2925	67.1038	67.1688	67.1291	67.0719	67.1509	67.2158	67.4204	67.3512	67.2309	67.3726	67.5338	67.2837
600	Paraguay	71.957	71.9712	71.3239	71.1603	71.023	70.8072	70.8517	71.0224	70.7678	71.0762	71.249	71.3443	71.3112	71.6438	71.7768	71.9789
604	Peru	75.6765	76.3345	76.0409	76.1007	76.2832	76.7847	77.0948	77.332	77.5699	77.8728	78.3947	78.8294	79.4368	79.8942	80.4351	80.9041
740	Suriname	72.1326	71.6795	71.201	70.9793	70.7618	70.5873	70.8184	71.0989	71.0759	71.153	71.2017	71.4898	71.7261	72.04	72.4921	73.0127
858	Uruguay	77.0157	76.6751	76.3872	76.3412	76.2541	76.5535	76.8189	77.0599	77.7468	77.9859	78.3575	78.7811	79.1655	79.7406	80.2791	80.8798
862	Venezuela (Bolivarian Republic of)	71.9658	70.6495	70.2729	70.2947	70.2493	70.4569	70.8739	71.1947	71.5422	72.0426	72.4765	72.7524	73.2128	73.5517	73.8839	74.5516
905	Northern America	78.3828	78.4127	78.177	78.1462	78.3249	78.6042	78.9486	79.2994	79.5835	80.0669	80.4912	80.7431	81.2058	81.519	81.9608	82.4101
60	Bermuda	81.846	81.29	81.3347	81.5426	81.6952	81.9639	82.0094	82.261	82.6675	82.6933	82.8998	83.1302	83.472	83.8374	84.1985	84.2992
124	Canada	81.8645	81.4989	81.3438	81.4898	81.8014	81.9608	82.4282	82.6744	82.7453	82.8809	83.3197	83.7464	83.9778	84.3302	84.6646	84.8204
304	Greenland	69.6716	67.8685	67.1539	66.792	66.7714	66.7508	66.9435	67.2487	67.5284	67.8912	68.0925	68.2106	68.2179	68.5513	68.6669	68.6339
666	Saint Pierre and Miquelon	76.4392	75.3013	75.1577	75.325	75.5599	75.8066	75.9873	76.4294	76.8442	77.3451	77.7396	78.4211	78.945	79.4337	79.6739	80.1982
840	United States of America	77.9684	77.8953	77.5676	77.4518	77.5365	77.8048	78.0621	78.431	78.7499	79.2465	79.5597	79.8282	80.1722	80.5286	81.0296	81.3755
909	Oceania	78.5786	78.1723	78.0039	77.9986	78.0985	78.0539	78.0232	78.0651	78.1316	78.3225	78.4331	78.6691	78.7252	78.7266	78.929	78.979
927	Australia/New Zealand	83.1319	82.7425	82.6957	82.8963	83.0794	83.3706	83.6098	83.9074	84.1378	84.3103	84.6987	84.8198	85.105	85.3367	85.5922	85.8637
36	Australia	83.3533	82.8088	82.5732	82.6663	82.8645	83.1292	83.3106	83.4424	83.7445	83.7937	84.1674	84.2925	84.456	84.5857	84.842	84.9432
554	New Zealand	81.7388	80.8208	80.4995	80.5882	80.7689	81.0451	81.4272	81.7006	82.0057	82.1108	82.2839	82.5808	83.0481	83.2711	83.7001	84.0294
928	Melanesia	65.9448	65.1145	64.5886	64.2889	64.1303	63.8336	63.7237	63.6787	63.8625	64.0732	64.0189	64.2901	64.4836	64.6276	64.6486	64.7938
242	Fiji	66.3292	65.0967	64.4242	64.2608	64.3397	64.5995	64.6624	64.6682	64.8578	65.2513	65.5034	65.7063	65.84	66.0167	66.1087	66.2705
540	New Caledonia	77.7639	77.2961	77.0508	77.1194	77.2016	77.3857	77.7152	78.0515	78.3653	78.7967	79.3565	79.8206	80.2175	80.5315	80.9448	81.5912
598	Papua New Guinea	65.0931	63.8692	63.0827	62.5635	62.2801	61.8422	61.5843	61.4833	61.4306	61.6411	61.4985	61.8025	61.8171	61.6164	61.5212	61.673
90	Solomon Islands	69.6705	68.3797	67.9797	67.714	67.6788	67.6848	67.967	67.998	68.0009	68.0762	68.2105	68.2993	68.7937	69.059	69.3718	69.4679
548	Vanuatu	70.6788	69.7581	69.3846	69.2993	69.2662	69.2597	69.4391	69.703	70.2173	70.3942	70.8542	70.971	71.1176	71.4423	71.9479	72.2526
954	Micronesia	70.7883	70.7524	70.7934	70.8627	71.1493	71.2195	71.3972	71.498	71.6172	71.8548	72.0804	72.3075	72.5081	72.6487	72.7602	72.8051
316	Guam	76.4185	75.8808	75.8066	75.9666	76.2696	76.4122	76.5166	76.9317	77.3413	78.033	78.8754	79.5791	80.0956	80.4636	81.1836	81.8825
296	Kiribati	65.4023	63.957	63.1506	62.7845	62.6539	62.576	62.582	62.6584	62.7131	62.9419	63.2288	63.0793	63.2635	63.6385	63.6937	63.7309
584	Marshall Islands	65.9989	64.5384	63.7394	63.2685	62.9313	62.7173	62.954	62.8682	62.7027	62.646	62.8369	62.826	63.013	63.0766	63.3466	63.4651
583	Micronesia (Fed. States of)	66.4031	64.9761	64.3501	64.1087	64.0456	63.9387	64.0181	64.3037	64.5132	64.7032	65.0225	65.2005	65.3899	65.54	65.8171	65.9745
520	Nauru	61.425	59.8135	59.0432	58.6975	58.731	58.7532	58.9794	59.1715	59.3563	59.356	59.4597	59.8751	59.9592	60.3555	60.6902	60.9043
580	Northern Mariana Islands	78.2536	77.2492	76.9409	76.7848	76.6764	76.8976	76.9182	77.0036	77.4118	77.8856	78.1783	78.5456	78.9068	79.2338	79.8138	80.4329
585	Palau	68.5603	66.9812	66.1517	65.6648	65.2028	65.1345	65.2303	65.3965	65.5819	65.7249	65.9816	65.9978	66.0355	66.0797	66.2144	66.2568
957	Polynesia	76.4677	76.7904	77.0167	77.3169	77.5473	77.7903	77.9781	77.9891	78.0499	78.0904	78.1447	78.1356	78.1306	78.0614	77.9866	77.7888
16	American Samoa	72.4467	70.9203	70.3128	70.158	70.0888	69.8971	70.2272	70.1816	70.2925	70.3653	70.6448	70.9751	71.1863	71.3249	71.5029	71.5445
184	Cook Islands	74.7401	73.7721	73.4851	73.6104	73.9054	74.0846	74.5287	74.6968	74.791	75.2173	75.1891	75.5233	76.1176	76.714	77.1993	78.1617
258	French Polynesia	82.7342	82.8898	82.7571	82.744	82.8094	82.8716	82.9961	83.2613	83.5097	83.7098	83.9152	84.0898	84.2765	84.368	84.6511	84.8595
570	Niue	69.4179	67.826	67.1513	67.0126	66.913	67.0074	66.8998	67.142	67.2864	67.3987	67.796	67.9783	67.9781	67.9912	68.0065	67.9677
882	Samoa	71.0681	69.5833	68.8881	68.6011	68.6326	68.7757	68.6938	68.5156	68.6336	68.5915	68.573	69.1152	69.1143	69.279	69.1477	69.3323
772	Tokelau	76.552	75.1174	74.5402	74.2269	74.1588	74.1075	74.0813	74.2429	74.2782	74.3458	74.4774	74.6147	74.8318	75.073	75.2848	75.9311
776	Tonga	72.2816	71.035	70.6266	70.504	70.6021	70.6033	70.9569	71.1042	71.3994	71.6315	71.6559	71.7333	71.8116	72.1081	72.3365	72.4599
798	Tuvalu	66.3044	64.7435	64.0361	63.7484	63.6242	63.824	63.9922	64.2518	64.3994	64.222	64.3031	64.6512	64.9518	65.128	65.3829	65.6165
876	Wallis and Futuna Islands	78.0084	76.92	76.4089	76.418	76.5029	76.5505	76.8344	76.9693	77.1063	77.1045	77.3369	77.8062	78.0556	78.3246	78.9319	79.6561
