country_code	country	2020-2025	2025-2030	2030-2035	2035-2040	2040-2045	2045-2050	2050-2055	2055-2060	2060-2065	2065-2070	2070-2075	2075-2080	2080-2085	2085-2090	2090-2095	2095-2100
900	World	72.6796	74.7146	75.7745	76.6681	77.4463	78.1496	78.8263	79.4601	80.0821	80.6602	81.2151	81.7187	82.1962	82.6969	83.144	83.6387
1834	Sub-Saharan Africa	61.6177	63.9275	65.3024	66.4657	67.5481	68.5158	69.4284	70.339	71.2005	72.0355	72.9525	73.7812	74.4466	75.1872	75.9439	76.7364
1833	Northern Africa and Western Asia	73.4146	75.7021	76.9233	77.9588	78.8727	79.7275	80.5958	81.383	82.1013	82.8981	83.5394	84.17	84.8932	85.4795	86.1329	86.7838
1831	Central and Southern Asia	71.0682	74.5196	76.3232	77.7898	79.0842	80.1762	81.4264	82.4719	83.3059	84.2459	85.009	85.757	86.5907	87.2341	87.9458	88.5858
1832	Eastern and South-Eastern Asia	77.0579	79.279	80.637	81.7678	82.7487	83.5429	84.3767	85.207	85.8664	86.6059	87.3173	88.0584	88.7948	89.4726	90.1508	90.8426
1830	Latin America and the Caribbean	74.7108	77.3855	78.6205	79.6984	80.6943	81.6508	82.4964	83.2935	84.0337	84.7764	85.4874	86.1302	86.8108	87.5002	88.1781	88.9094
1835	Oceania (excluding Australia and New Zealand)	67.5338	70.558	72.2277	73.567	74.6512	75.6169	76.4499	77.4056	78.3602	79.2045	80.1027	81.0462	81.8896	82.701	83.4632	84.2113
1836	Australia/New Zealand	83.6423	85.7654	87.1388	88.4168	89.3483	90.3849	91.2484	92.0545	92.9539	93.834	94.6901	95.5895	96.3058	97.2033	97.875	98.5317
1829	Europe and Northern America	78.5806	80.6537	81.7675	82.7684	83.72	84.6089	85.4339	86.2141	87.0014	87.7416	88.5121	89.3566	90.1148	90.8585	91.5553	92.2103
5502	Europe, Northern America, Australia, and New Zealand	78.6915	80.7265	81.8144	82.7976	83.7255	84.6428	85.4507	86.2243	87.0332	87.8057	88.5724	89.3827	90.1038	90.836	91.5321	92.164
901	More developed regions	79.3056	81.2586	82.3665	83.2964	84.1763	85.0053	85.8137	86.5795	87.3488	88.0809	88.8091	89.6103	90.3083	91.0577	91.7507	92.4082
902	Less developed regions	71.304	73.5099	74.6744	75.6864	76.5167	77.2466	77.986	78.6848	79.3721	79.9578	80.4961	80.9788	81.4558	81.941	82.3919	82.8422
941	Least developed countries	65.7048	67.9142	69.1658	70.2536	71.2536	72.2466	73.1035	74.0127	74.7534	75.458	76.1804	76.9043	77.5715	78.2003	79.0049	79.6463
934	Less developed regions, excluding least developed countries	72.5754	74.918	76.1948	77.2317	78.103	78.8837	79.6581	80.4308	81.1695	81.8313	82.4224	83.0123	83.5665	84.0938	84.6749	85.1933
948	Less developed regions, excluding China	69.5076	71.8422	73.0011	74.022	74.9613	75.8302	76.662	77.4163	78.078	78.7789	79.3566	79.9667	80.4917	80.9984	81.5668	82.0716
1636	Land-locked Developing Countries (LLDC)	65.7924	68.355	69.6604	70.8324	71.887	72.8782	73.7829	74.6266	75.5476	76.3672	77.2281	77.9845	78.7158	79.4861	80.1659	80.9366
2087	LLDC: Africa	63.7682	66.6324	68.1913	69.4797	70.6311	71.7854	72.7986	73.859	74.822	75.7164	76.7052	77.5272	78.247	79.0332	79.847	80.61
2088	LLDC: Asia	69.9764	72.6365	73.9749	75.0726	76.1166	76.9859	77.8396	78.8335	79.6225	80.3949	81.319	82.0294	82.768	83.6183	84.4006	85.1013
2089	LLDC: Europe	73.0258	75.908	77.3818	78.8098	80.0149	81.0634	82.0109	83.04	83.8868	84.795	85.8561	86.7646	87.6273	88.4393	89.3233	90.1438
2090	LLDC: Latin America	68.8355	73.1201	74.6882	76.1104	77.2573	78.5409	79.6368	80.5902	81.5949	82.5922	83.5195	84.444	85.2287	85.9357	86.9368	87.7773
1637	Small Island Developing States (SIDS)	72.1932	74.3997	75.5603	76.4263	77.2426	78.0036	78.6607	79.2613	79.8833	80.479	81.1666	81.734	82.3261	82.8418	83.4856	84.1135
2091	SIDS Caribbean	72.5829	75.145	76.3912	77.3964	78.3109	79.2022	79.9974	80.7704	81.6023	82.2537	82.984	83.6914	84.341	85.0285	85.7334	86.4829
2092	SIDS Pacific	67.4876	70.3249	71.9652	73.2672	74.3802	75.4699	76.35	77.2457	78.1603	78.9642	79.9591	80.7887	81.8468	82.7055	83.4352	84.3344
2093	SIDS Atlantic, Indian Ocean and South China Sea (AIS)	76.1004	78.6503	80.2492	81.4351	82.3332	83.1996	84.0379	84.8471	85.5818	86.1293	86.8671	87.6331	88.3214	88.9084	89.4318	90.1363
5503	High-and-upper-middle-income countries	77.5305	79.5748	80.6757	81.6194	82.5114	83.3042	84.0366	84.8174	85.5595	86.1836	86.8179	87.4722	88.0789	88.7062	89.3637	89.8765
5504	Low-and-Lower-middle-income countries	68.0174	70.5154	71.8324	72.9265	73.9459	74.8313	75.6901	76.4962	77.2136	77.9374	78.5452	79.1171	79.7083	80.2145	80.7516	81.2819
1503	High-income countries	80.9737	82.7327	83.7729	84.6486	85.4559	86.244	87.0098	87.7496	88.4885	89.1683	89.8407	90.5072	91.2188	91.9149	92.6044	93.2348
1859	Low-and-middle-income countries	71.0115	73.2311	74.3733	75.3709	76.2071	76.9346	77.6541	78.3231	79.0045	79.6175	80.1493	80.645	81.1367	81.6137	82.1266	82.5775
1517	Middle-income countries	71.9661	74.277	75.559	76.5802	77.4496	78.2584	79.0334	79.7609	80.5176	81.191	81.7347	82.3337	82.8629	83.3813	83.9137	84.4656
1502	Upper-middle-income countries	75.7753	78.2108	79.5573	80.6977	81.7277	82.5697	83.4307	84.2772	85.0322	85.705	86.3664	87.1116	87.7138	88.2965	88.9875	89.4725
1501	Lower-middle-income countries	68.9828	71.6794	73.1163	74.3072	75.3743	76.3636	77.3427	78.1744	78.9828	79.7792	80.5062	81.2129	81.8526	82.4109	82.9398	83.4951
1500	Low-income countries	64.3064	66.6572	67.8919	69.0402	69.9952	71.0038	71.9135	72.7512	73.6211	74.3171	75.1223	75.9609	76.6416	77.3785	78.1891	78.9155
1518	No income group available	72.7918	75.7669	77.5555	78.7764	80.0615	81.3951	82.6334	83.6591	84.4791	85.5141	86.4366	87.1858	87.9297	88.6487	89.3183	90.3721
903	Africa	63.3326	65.5296	66.8084	67.9444	68.9977	69.945	70.7742	71.6573	72.4829	73.2214	73.9693	74.7922	75.362	76.0961	76.8697	77.5464
910	Eastern Africa	65.1842	67.5925	69.1016	70.3281	71.411	72.4244	73.3544	74.4323	75.4759	76.4135	77.2688	78.1964	78.9868	79.766	80.6297	81.5223
108	Burundi	63.6872	67.3482	69.3125	70.9872	72.5628	73.9318	75.0369	76.0354	76.951	77.9751	79.0584	80.2338	81.2565	82.3302	83.3687	84.4572
174	Comoros	66.9216	70.7272	72.9079	74.7336	76.258	77.7693	78.9987	80.3945	81.7541	82.8446	83.9982	84.8813	85.7037	86.516	87.5437	88.2385
262	Djibouti	65.9072	69.8861	72.1579	74.0578	75.8724	77.3637	78.6806	79.9402	81.2975	82.3237	83.3749	84.2866	85.242	86.0695	86.9254	87.7335
232	Eritrea	68.6001	72.637	75.1533	77.0955	78.7171	80.2956	81.5947	82.8439	84.1735	85.0167	86.022	86.884	87.6189	88.451	89.5648	90.4306
231	Ethiopia	67.3483	71.4768	73.9024	76.0872	77.7025	79.1968	80.4969	81.7494	82.9104	83.9303	84.9067	85.7825	86.6737	87.5355	88.5061	89.3239
404	Kenya	63.5419	67.3412	69.4153	71.1062	72.6072	74.0562	75.1065	75.8935	76.9291	78.0975	79.1594	80.2598	81.4532	82.5011	83.563	84.5743
450	Madagascar	63.8446	67.5457	69.6448	71.4067	72.8647	74.2701	75.5623	76.9003	78.1653	79.0332	80.0618	80.8684	81.7999	82.7685	83.6679	84.6091
454	Malawi	66.9977	70.9954	73.1338	74.9234	76.5731	78.0202	79.4349	80.5676	81.8024	82.9104	83.6111	84.3887	85.4067	86.2436	87.0072	87.6868
480	Mauritius	74.6686	78.0441	79.9161	81.399	82.7371	84.041	85.0984	86.0434	86.7875	87.8927	88.835	89.7222	90.658	91.6259	92.7611	93.7064
175	Mayotte	75.59	79.1509	80.9778	82.6123	83.8014	84.9961	86.1363	87.1976	88.131	89.0512	90.0359	90.9181	91.7008	92.5435	93.5936	94.5874
508	Mozambique	63.2482	67.4905	69.663	71.4768	73.0389	74.5161	75.8853	77.248	78.1879	79.1247	80.3481	81.3097	82.3486	83.3127	84.2191	84.7843
638	Réunion	83.0018	85.9854	87.4609	88.675	89.7803	90.8004	91.8259	92.9334	93.7272	94.5523	95.3476	96.3433	96.9495	97.7211	98.6286	99.3378
646	Rwanda	68.0945	71.7261	73.972	75.9847	77.5066	79.0163	80.276	81.5734	82.6708	83.6651	84.6499	85.5459	86.4611	87.0977	87.8876	88.5871
690	Seychelles	72.8229	75.8383	77.792	79.2033	80.6002	81.979	83.0634	84.1878	85.0586	86.0512	86.9325	87.8291	88.5828	89.4692	90.299	91.321
706	Somalia	57.7438	62.7593	64.791	66.3544	67.8725	69.3829	70.5538	71.531	72.6872	73.8883	74.8576	76.2478	77.2317	78.0949	79.2377	80.0548
728	South Sudan	58.0472	61.4499	63.3851	64.9963	66.4548	67.7136	68.7071	69.7584	70.8428	71.729	72.7261	73.8635	74.872	75.6438	76.8087	77.5271
800	Uganda	68.2276	72.1323	74.292	76.0172	77.7445	79.4616	81.0502	82.2737	83.5656	84.5553	85.6088	86.3178	87.0225	87.9369	88.7528	89.5218
834	United Republic of Tanzania	67.3803	70.8849	73.2379	75.0362	76.5084	77.9871	79.5409	80.961	82.1025	83.0545	84.1557	85.111	85.9694	86.8127	87.3971	88.3736
894	Zambia	65.6898	70.0315	72.0211	73.7237	75.2776	76.6649	78.0511	79.2674	80.3967	81.3472	82.3053	83.4835	84.38	85.2983	86.0586	86.9848
716	Zimbabwe	62.6948	67.0263	69.7299	71.6963	73.5694	75.041	76.3135	77.732	79.0322	80.5179	81.7371	82.9537	83.8253	84.7499	85.5562	86.3117
911	Middle Africa	61.1355	64.6252	66.3256	67.7685	69.0636	70.1116	71.1436	72.1689	73.0565	73.9699	74.9348	75.89	76.6993	77.7669	78.7963	79.5786
24	Angola	64.7034	68.4412	70.6154	72.3165	73.7714	75.232	76.4191	77.6197	78.6539	79.5304	80.6909	81.8318	82.8627	83.6853	84.5636	85.594
120	Cameroon	63.4159	68.1854	70.6957	72.6375	74.3918	76.2601	77.7723	79.2047	80.2882	81.7459	83.0198	84.148	84.9334	85.6811	86.6325	87.2719
140	Central African Republic	46.5296	61.995	65.0494	67.2648	69.1809	70.8825	72.5248	74.0526	75.345	76.4272	77.8685	78.6387	79.8795	81.1403	82.1333	83.1196
148	Chad	55.1315	59.3364	61.4931	63.3199	64.8281	66.215	67.6574	68.9809	70.0563	71.058	71.8146	72.5943	73.4998	74.23	75.2055	76.3606
178	Congo	65.8166	69.7666	72.2041	73.9799	75.3844	76.8161	78.167	79.2889	80.3762	81.6056	82.8635	83.851	84.7763	85.6102	86.4225	87.2751
180	Democratic Republic of the Congo	61.8626	65.7835	67.873	69.7873	71.3765	72.6196	74.1198	75.1212	76.2457	77.3317	78.2748	79.2144	80.1722	81.3399	82.1964	83.296
226	Equatorial Guinea	63.8804	67.6949	70.0306	72.1539	73.9825	75.5202	76.9161	78.0195	79.146	80.3153	81.4502	82.6309	83.6265	84.5577	85.6493	86.2722
266	Gabon	68.4159	71.8761	73.8672	75.7143	77.0261	78.4413	79.9988	81.1472	82.3912	83.509	84.4751	85.4492	86.119	86.8793	87.6871	88.3316
678	Sao Tome and Principe	69.6761	73.2661	75.2333	77.0555	78.5268	79.8396	81.0548	82.0615	83.2878	84.2714	85.2298	86.0421	86.95	87.6091	88.496	89.1803
912	Northern Africa	71.6666	74.3391	75.8283	77.1085	78.17	79.3145	80.3525	81.3879	82.2857	83.1331	83.8775	84.5256	85.3847	86.1308	86.7493	87.5068
12	Algeria	76.2145	79.4714	81.3685	82.9827	84.3392	85.5474	86.5238	87.5747	88.5315	89.5804	90.4112	91.2408	92.1388	93.2415	94.0793	94.916
818	Egypt	71.332	74.9435	76.8338	78.3705	79.7822	81.1206	82.3467	83.6459	84.6447	85.5567	86.4894	87.2754	87.9762	88.8833	89.8227	90.5666
434	Libya	72.4343	77.7043	79.5978	81.1513	82.5217	83.8799	85.1201	86.0543	87.0123	87.8864	88.8032	89.5116	90.4099	91.3955	92.2265	93.2052
504	Morocco	75.1571	78.472	80.3054	81.7747	83.0398	84.1874	85.2616	86.2866	87.1801	88.0146	88.6778	89.5906	90.4236	91.2531	91.9477	92.5227
729	Sudan	66.2874	70.0145	72.0523	73.7616	75.07	76.4757	77.7774	78.9817	80.207	81.4286	82.6434	83.5096	84.586	85.282	86.0401	86.704
788	Tunisia	76.0022	79.5649	81.4179	83.1	84.4415	85.5727	86.5093	87.4366	88.465	89.4741	90.5567	91.4209	92.3166	93.2089	94.1202	94.9803
732	Western Sahara	71.7107	74.8	76.7785	78.5807	79.9987	81.3628	82.5527	83.6148	84.5975	85.6206	86.5316	87.2124	87.7833	88.6228	89.2168	89.8592
913	Southern Africa	65.348	69.2579	71.2208	72.6628	74.0126	75.2843	76.6474	77.973	78.9815	80.0906	81.3163	82.225	83.043	83.8264	84.4325	85.4025
72	Botswana	68.3119	72.5585	74.4158	75.8375	77.143	78.5833	79.7986	80.7768	81.9185	82.8948	83.7794	84.6239	85.4752	86.2507	86.8648	87.4151
748	Eswatini	62.8864	67.6616	69.6154	71.1688	72.6566	74.0787	75.2294	76.3788	77.4655	78.4268	79.7201	80.6485	81.9228	83.0413	83.7835	84.7193
426	Lesotho	57.1794	62.5837	65.9765	69.0321	71.5639	73.5029	75.2069	76.9608	78.711	80.1027	81.4761	82.6253	83.7014	84.6914	85.556	86.6296
516	Namibia	65.7648	70.9187	72.7939	74.2802	75.4808	77.0196	78.021	79.2049	80.3964	81.515	82.4879	83.3401	84.2111	85.0057	85.749	86.1709
710	South Africa	65.6712	69.8091	71.8343	73.3737	74.8012	76.1157	77.5597	79.0327	80.0705	81.2572	82.5347	83.49	84.3276	85.171	85.9029	86.7982
914	Western Africa	58.2206	61.0847	62.844	64.2409	65.5247	66.7225	67.7307	68.684	69.5572	70.616	71.4367	72.4322	73.2353	73.894	74.7545	75.5147
204	Benin	61.0542	64.8398	66.8625	68.638	70.166	71.7276	73.0022	74.1752	75.2697	76.1814	77.21	78.5009	79.4503	80.6019	81.4193	82.2475
854	Burkina Faso	61.3786	64.9851	67.3193	69.1675	70.7095	72.0847	73.4716	74.8502	75.9884	77.1244	78.092	79.131	80.1346	81.1491	81.8692	82.9021
132	Cabo Verde	75.9275	79.0199	80.8684	82.455	83.6837	84.8683	85.954	87.0008	87.8937	88.8699	89.8378	90.8324	91.8542	92.8353	93.8913	94.9086
384	Côte d'Ivoire	61.9947	65.8421	67.962	69.6204	71.0662	72.6527	73.8342	74.9904	76.2774	77.4684	78.5211	79.3327	80.4307	81.4804	82.3856	83.4474
270	Gambia	65.7421	69.6543	71.909	73.7647	75.4308	76.7275	77.799	79.1074	80.5287	81.7032	82.9165	84.0414	84.7735	85.6785	86.3322	86.9425
288	Ghana	65.6932	69.4429	71.6311	73.3676	74.8182	76.3454	77.7965	79.0284	80.1206	81.2249	82.4498	83.4238	84.5334	85.3501	86.3601	87.0795
324	Guinea	60.8992	64.7141	66.7333	68.518	70.1489	71.3819	72.7122	73.8308	74.7449	75.8458	76.9557	78.03	78.9144	80.1047	81.3814	81.9168
624	Guinea-Bissau	63.8603	67.9247	69.9351	71.5883	73.0608	74.4062	75.5559	76.9086	78.0161	79.0938	80.0107	81.2077	82.4178	83.422	84.3384	85.2517
430	Liberia	62.474	65.9825	68.0147	69.4631	70.8641	72.1725	73.3744	74.2752	75.3858	76.5235	77.4935	78.5328	79.5794	80.4224	81.2654	82.6006
466	Mali	60.6021	64.6005	67.0337	69.0341	70.7708	72.1704	73.456	74.8831	76.1842	77.2943	78.2368	79.2035	80.3267	81.3231	82.3018	83.2097
478	Mauritania	68.5284	72.288	74.4204	76.2164	77.8623	79.1696	80.5484	81.5162	82.787	83.9244	84.9671	85.8522	86.7	87.3391	87.986	88.8962
562	Niger	61.2522	65.3485	67.7188	69.73	71.4001	72.7078	73.9993	75.2026	76.5861	77.6786	78.7334	79.8014	80.8851	81.9558	83.0797	84.0168
566	Nigeria	54.7317	58.7359	61.1554	62.9766	64.591	66.1814	67.5259	68.9135	69.6213	70.901	72.167	73.2714	74.3085	75.0172	75.8839	77.1243
654	Saint Helena	77.1866	79.6421	81.3728	82.8966	84.1557	85.1758	86.1904	87.3175	88.3097	89.169	90.1303	90.9915	91.9492	92.7893	93.9301	94.7111
686	Senegal	68.6663	72.6189	74.7985	76.4909	78.1141	79.3757	80.6005	81.7073	82.7149	83.8823	84.9877	85.6007	86.4144	87.1384	87.735	88.4994
694	Sierra Leone	61.8174	65.6563	67.696	69.3245	70.8402	72.2192	73.5036	74.8222	76.0917	77.0688	77.8707	78.9736	79.9962	80.9885	81.8884	82.6322
768	Togo	62.8509	66.866	69.1779	71.1544	72.9244	74.5348	76.1127	77.4696	78.7433	79.8694	80.7172	81.8392	82.6809	83.8761	84.6045	85.5172
935	Asia	74.3019	76.7534	78.1369	79.2624	80.2185	81.0323	81.9064	82.7207	83.4537	84.164	84.8072	85.4734	86.1792	86.8827	87.4962	88.1303
5500	Central Asia	72.2605	74.6951	75.9454	77.0154	77.9379	79.0008	79.9567	80.8474	81.8312	82.6966	83.5588	84.3773	85.205	85.944	86.6227	87.3325
398	Kazakhstan	73.5348	77.3387	79.011	80.3444	81.7542	82.9006	83.8576	84.8448	85.8556	86.6931	87.4234	88.4641	89.5074	90.3048	91.2216	92.194
417	Kyrgyzstan	71.4424	74.8858	76.5715	78.0606	79.3977	80.6666	81.9372	83.132	84.2934	85.0324	85.9213	86.8595	87.694	88.4107	89.4997	90.4348
762	Tajikistan	71.5227	75.0402	76.7945	78.359	79.7042	80.7727	81.9669	83.2281	84.2233	85.1616	86.0505	86.8726	87.6234	88.4038	88.8872	89.6934
795	Turkmenistan	70.2996	73.3796	75.212	76.7172	77.9816	79.2034	80.3337	81.4328	82.5584	83.5476	84.5682	85.4173	86.3237	87.1089	87.9158	88.6344
860	Uzbekistan	72.6362	75.5929	77.2758	78.5985	79.8694	81.2825	82.5111	83.4724	84.4429	85.3887	86.3439	87.1175	88.0488	88.9387	89.5691	90.4204
906	Eastern Asia	79.3837	81.9255	83.4955	84.8398	85.9751	86.9851	87.9825	89.1607	89.9809	90.8887	91.7221	92.6814	93.5136	94.3171	95.1276	95.9058
156	China	78.5425	81.4349	83.2252	84.7627	85.983	87.0155	88.1021	89.3891	90.329	91.33	92.2844	93.3322	94.0357	94.9439	95.7228	96.6006
344	China, Hong Kong SAR	85.3533	88.1574	89.6077	90.7827	92.1191	93.2129	94.3046	95.3626	96.3946	97.2162	98.1589	98.9236	99.617	100.5646	101.3734	102.419
446	China, Macao SAR	83.5608	85.7102	87.3169	88.5697	89.8134	91.0328	92.1558	93.1036	94.2237	95.2958	96.3366	97.1836	97.9232	98.8421	99.4805	100.4266
158	China, Taiwan Province of China	80.9566	83.2086	84.7573	86.192	87.3943	88.5796	89.8006	90.9009	91.9056	92.8631	93.6981	94.4206	95.0112	95.7901	96.6178	97.4861
408	Dem. People's Republic of Korea	73.9669	76.5156	78.1911	79.7997	80.8591	82.1192	83.2561	84.1531	85.1754	86.0466	86.7937	87.6475	88.5431	89.1591	89.8851	90.8062
392	Japan	84.9213	87.3539	88.9231	90.2232	91.3922	92.591	93.5787	94.6215	95.6565	96.6943	97.6731	98.4964	99.4375	100.1676	101.2128	102.0992
496	Mongolia	71.4292	75.2701	77.5942	79.3864	80.9722	82.3173	83.5453	84.4829	85.4398	86.4922	87.4572	88.4597	89.4913	90.3845	91.2947	92.2478
410	Republic of Korea	84.208	86.7145	88.2105	89.332	90.4254	91.4201	92.363	93.4139	94.3638	95.4166	96.39	97.3015	98.1938	99.015	100.0448	101.2272
5501	Southern Asia	71.0186	74.5593	76.4253	77.9173	79.2215	80.3633	81.6235	82.6509	83.4869	84.4492	85.2509	86.0562	86.8705	87.5144	88.2705	88.8615
4	Afghanistan	65.0608	70.0816	72.203	73.9923	75.5942	76.6616	78.039	79.162	80.3188	81.4119	82.2165	82.991	83.946	84.8128	85.5208	86.3113
50	Bangladesh	74.0954	78.22	80.3122	82.2035	83.7437	85.2022	86.216	87.2414	88.2532	89.2531	90.3199	91.2276	92.2916	93.3694	94.2393	95.0334
64	Bhutan	73.2936	76.6905	78.9364	80.8232	82.5075	83.8838	85.0886	86.2472	87.2873	88.2165	89.3319	90.1682	90.8531	91.6745	92.7594	93.5848
356	India	71.368	75.5385	77.7361	79.399	80.9611	82.2668	83.5675	84.7188	85.713	86.7176	87.6338	88.4644	89.2284	90.0506	91.228	91.9624
364	Iran (Islamic Republic of)	76.8277	80.7138	82.5276	84.105	85.3591	86.6227	87.8388	88.8466	89.8687	90.8042	91.6807	92.5233	93.513	94.2485	95.0303	95.7026
462	Maldives	80.594	83.9089	85.6345	86.9035	88.1339	89.3023	90.4381	91.5713	92.4749	93.3584	94.3675	95.2573	96.1143	96.8317	97.5524	98.5027
524	Nepal	70.3447	74.2058	76.4632	78.1823	79.6571	81.1856	82.4609	83.7218	84.8501	85.8746	86.7406	87.6526	88.5572	89.2695	89.9884	90.8067
586	Pakistan	67.6001	71.1465	73.1525	74.775	76.1961	77.5759	78.6887	79.7767	81.01	82.2522	83.0525	83.8487	84.763	85.7721	86.7943	87.7439
144	Sri Lanka	77.5847	80.3402	82.0458	83.5953	84.8764	85.9718	86.8363	87.7716	88.8304	89.8707	91.0252	91.9175	92.903	93.8387	94.5067	95.5583
920	South-Eastern Asia	71.7606	74.194	75.4932	76.682	77.6936	78.6547	79.5205	80.5077	81.3267	82.2082	83.0165	83.7138	84.4656	85.2762	85.9123	86.6242
96	Brunei Darussalam	75.1928	78.3275	80.1515	81.6997	83.1375	84.3388	85.3235	86.2454	87.2884	88.1375	88.8997	89.8705	90.7166	91.4709	92.2168	93.0377
116	Cambodia	70.8386	74.116	76.1146	77.718	79.0103	80.3408	81.6511	82.7897	83.8796	84.64	85.4225	86.0629	86.694	87.5308	88.1348	88.7268
360	Indonesia	70.6387	74.3537	76.2095	77.6036	78.9737	80.1796	81.1256	82.3985	83.4787	84.5535	85.4543	86.4459	87.2587	88.1546	88.9545	89.787
418	Lao People's Democratic Republic	69.2256	72.731	74.8891	76.6515	78.3371	79.7744	81.0124	82.2098	83.3908	84.3404	85.0857	85.9766	86.754	87.136	87.8409	88.607
458	Malaysia	76.263	79.5595	81.3135	82.7366	84.0297	85.2351	86.461	87.4108	88.2341	89.1003	90.2014	91.2607	92.1394	93.0909	93.8857	94.7244
104	Myanmar	67.0945	70.6184	72.8021	74.6743	76.2557	77.7736	79.3149	80.723	82.0257	83.0576	84.0306	84.9694	85.6146	86.4738	87.2216	87.9223
608	Philippines	69.6611	73.1167	74.7317	76.1777	77.3076	78.6227	79.9901	81.1206	82.139	83.3875	84.3755	85.1907	85.8793	86.7479	87.5491	88.2462
702	Singapore	83.9445	86.2354	87.7387	88.9588	90.1427	91.1827	92.1138	93.2439	94.1349	94.9467	95.7766	96.7241	97.5605	98.372	99.2254	100.0318
764	Thailand	76.9368	79.465	81.4029	83.0106	84.3043	85.3067	86.4924	87.6671	88.6727	89.5907	90.6651	91.6216	92.4527	93.33	94.1682	95.167
626	Timor-Leste	67.8926	71.6131	73.7628	75.3681	76.7581	78.1499	79.6328	80.8472	81.9289	82.9416	84.0622	85.006	85.8225	86.6937	87.3598	87.9235
704	Viet Nam	75.0114	77.4967	79.1193	80.6656	82.0196	83.1702	84.3341	85.2714	86.1739	86.8417	87.8634	88.9983	90.2159	91.1321	91.8682	92.8387
922	Western Asia	75.1597	77.6345	78.8353	79.8414	80.6936	81.4914	82.2392	82.9194	83.6284	84.3255	85.0181	85.666	86.2901	86.859	87.4564	88.0719
51	Armenia	74.638	78.6185	80.295	81.7273	83.1306	84.128	85.0975	86.0469	86.9041	87.6964	88.662	89.639	90.5947	91.5882	92.3209	93.2463
31	Azerbaijan	73.7391	77.5047	79.3601	80.9061	82.1586	83.2054	84.3145	85.4775	86.4663	87.2696	88.0193	88.8505	89.8961	90.6643	91.3473	92.4828
48	Bahrain	80.7796	83.9391	85.5097	86.8506	87.8526	88.8706	89.7364	90.6362	91.5736	92.4527	93.2309	93.9371	94.8984	95.9162	96.6617	97.5769
196	Cyprus	81.5319	84.156	85.7504	87.0681	88.2261	89.3676	90.5152	91.5599	92.3496	93.3672	94.1853	95.1209	96.1308	97.0524	97.9094	98.6154
268	Georgia	74.2052	77.4801	79.2615	80.7551	82.0375	83.3383	84.3743	85.2547	86.0231	86.841	87.9029	88.7373	89.7435	90.7697	91.8206	92.7498
368	Iraq	72.2155	75.3709	76.9213	78.1433	79.4853	80.8264	82.0699	82.9183	83.7164	84.7321	85.5732	86.4865	87.3386	88.1052	88.857	89.4877
376	Israel	82.9638	84.9086	86.4873	87.7514	88.9382	89.9701	90.9781	92.0171	93.131	94.04	94.6963	95.6388	96.572	97.1572	97.9194	98.9103
400	Jordan	77.2072	80.7478	82.5781	83.9995	85.2297	86.3538	87.311	88.2682	88.973	90.0558	91.0268	92.0314	92.9787	94.0449	94.9121	95.5673
414	Kuwait	79.845	83.2153	84.8005	86.2153	87.4781	88.5183	89.5691	90.5172	91.3449	92.3751	93.2166	94.1856	95.0346	95.7178	96.6205	97.3587
422	Lebanon	77.305	80.6213	82.2489	83.6192	84.904	85.8906	86.9216	87.7991	88.6497	89.5568	90.468	91.214	92.1316	92.9981	93.877	94.6965
512	Oman	79.1786	83.0117	84.614	85.951	87.2356	88.2521	89.2216	90.2421	91.2531	92.1893	92.9994	93.7038	94.635	95.2912	96.0959	96.9185
634	Qatar	82.243	84.9975	86.5154	87.647	88.8187	89.7452	90.6389	91.4751	92.2847	93.0809	93.8224	94.5927	95.3973	96.2771	97.1	97.7859
682	Saudi Arabia	78.4826	81.683	83.6026	85.1697	86.455	87.6027	88.6838	89.7155	90.7461	91.7305	92.673	93.5334	94.6194	95.5139	96.3538	97.3794
275	State of Palestine	72.231	79.7618	81.7995	83.324	84.4655	85.4314	86.3461	87.2798	88.1524	89.0673	89.9782	90.6665	91.5134	92.3663	93.1786	94.0172
760	Syrian Arab Republic	73.071	76.3364	78.164	79.5602	80.8064	81.9529	83.0211	83.9504	84.7264	85.7054	86.8165	87.5858	88.2134	88.7956	89.7209	90.6676
792	Türkiye	77.4774	80.9233	82.6704	83.9857	85.1537	86.3255	87.3317	88.289	89.2385	90.1839	91.0591	92.0134	92.8666	93.6804	94.4702	95.3026
784	United Arab Emirates	82.052	85.4541	86.929	88.2562	89.428	90.5646	91.2669	92.3563	93.4292	94.1646	94.7987	95.5114	96.3309	97.1507	98.023	98.7761
887	Yemen	68.6888	72.7128	74.4675	75.949	77.1447	78.2097	79.3511	80.357	81.4102	82.5127	83.3817	84.2395	85.1141	85.9934	86.8788	87.5353
908	Europe	78.5451	80.5165	81.5885	82.5539	83.4623	84.2884	85.054	85.818	86.5055	87.1863	87.9507	88.657	89.3678	90.0469	90.727	91.3954
923	Eastern Europe	74.0147	76.7842	78.1366	79.3731	80.483	81.4915	82.4869	83.3862	84.2863	85.0488	85.7497	86.4948	87.3138	88.1736	89.0636	89.9128
112	Belarus	74.2118	77.5092	79.3569	80.9175	82.1456	83.1152	84.0158	85.0197	85.9772	87.0462	87.9641	88.8797	89.9394	90.9115	91.5826	92.5713
100	Bulgaria	74.6995	78.5982	80.3649	81.6745	82.9175	84.0617	85.1484	86.119	86.988	87.8994	88.8	89.9306	90.8792	91.8071	92.6074	93.4546
203	Czechia	79.4059	82.377	83.8432	85.1296	86.1977	87.4066	88.378	89.3208	90.5026	91.5328	92.6544	93.3901	94.2819	95.0909	95.8963	96.6422
348	Hungary	76.5877	79.8315	81.5327	82.9431	84.2009	85.2861	86.3118	87.1421	88.1499	89.2265	90.3417	91.207	92.288	93.1716	94.1224	95.0044
616	Poland	78.0869	81.3631	82.9742	84.3867	85.4996	86.5546	87.6316	88.7324	89.6644	90.6749	91.6334	92.4144	93.431	94.2741	95.0761	95.9769
498	Republic of Moldova	71.201	74.3957	76.1357	77.6839	78.9487	80.2066	81.4725	82.4801	83.6599	84.4519	85.1877	85.9897	87.0167	87.8139	88.6536	89.2483
642	Romania	75.383	78.8184	80.4882	81.845	83.1671	84.3044	85.3659	86.0751	86.9417	88.1562	89.1468	90.0316	90.9933	91.87	92.7077	93.4909
643	Russian Federation	72.6116	76.199	78.018	79.6737	81.0125	82.1448	83.1859	84.3621	85.3791	86.2819	87.1536	87.9332	88.8085	89.692	90.5905	91.4788
703	Slovakia	77.5965	81.0482	82.8186	84.1446	85.3166	86.4921	87.4876	88.5418	89.4676	90.5506	91.4472	92.4067	93.2334	94.1177	94.9528	95.9235
804	Ukraine	73.9453	78.2036	79.8307	81.2516	82.393	83.3572	84.4771	85.315	86.2117	87.1938	88.0755	88.891	89.8046	90.7758	91.7501	92.5556
924	Northern Europe	81.378	83.2703	84.4679	85.473	86.4845	87.4331	88.3253	89.2731	90.1931	90.9862	91.7913	92.5225	93.32	94.1484	94.8687	95.59
208	Denmark	82.0424	84.4654	85.9945	87.286	88.502	89.5057	90.5573	91.5629	92.5244	93.1603	94.0052	94.8824	95.803	96.4948	97.409	98.0489
233	Estonia	78.9681	81.7406	83.3248	84.6646	85.8789	86.9604	87.9655	88.9399	89.8183	90.8998	91.8905	92.7833	93.7638	94.7514	95.7817	96.7572
234	Faroe Islands	80.3209	83.0489	84.8033	86.1068	87.4833	88.7342	89.9097	90.9925	91.9828	92.8812	93.7936	94.9378	95.6619	96.6977	97.5869	98.5233
246	Finland	82.1169	84.424	85.9069	87.1983	88.3781	89.4623	90.5093	91.6023	92.518	93.6388	94.5284	95.41	96.3268	97.2179	97.9216	98.723
831	Guernsey	83.3414	85.7288	87.1767	88.4233	89.4891	90.5705	91.5593	92.5079	93.4078	94.1578	94.9649	96.0795	96.935	97.9774	98.6884	99.4897
352	Iceland	82.9515	85.4821	87.0897	88.261	89.1041	90.121	91.1504	92.2373	93.159	94.111	94.7756	95.7416	96.487	97.4029	97.9794	98.0799
372	Ireland	82.6149	84.9425	86.373	87.7076	89.0329	90.1478	90.9928	92.0974	93.0971	93.8952	94.5487	95.2836	96.2342	96.9414	97.7477	98.4194
833	Isle of Man	81.1868	83.5007	84.9995	86.2918	87.5015	88.5392	89.5309	90.6638	91.6823	92.5571	93.3087	94.0175	94.8723	95.6008	96.3363	96.9762
832	Jersey	80.0057	82.3721	83.9211	85.2965	86.5327	87.5724	88.7092	89.8768	90.9828	91.9812	92.8312	93.6854	94.6353	95.4756	96.356	97.1046
428	Latvia	75.6553	78.9777	80.6935	82.0941	83.2732	84.2859	85.204	86.1166	87.1992	88.224	89.2758	90.0276	90.8519	91.848	92.8727	93.6941
440	Lithuania	75.7453	78.7613	80.3219	81.8172	82.9693	83.9587	84.9202	85.9099	86.8339	87.9168	88.8836	89.746	90.7246	91.7016	92.5438	93.5609
578	Norway	83.495	85.7034	87.2371	88.6104	89.752	90.7066	91.6649	92.7602	93.7053	94.6154	95.4966	96.0356	96.771	97.7716	98.5991	99.3766
752	Sweden	83.4515	85.7328	87.234	88.5343	89.7046	90.8117	91.7799	92.6295	93.5377	94.28	95.0845	96.0628	96.8999	97.7105	98.4507	99.2282
826	United Kingdom	81.4061	83.788	85.2527	86.4076	87.6603	88.7585	89.813	90.8541	91.8893	92.8439	93.675	94.5076	95.3771	96.455	97.1686	97.8396
925	Southern Europe	82.0676	84.2239	85.4341	86.4554	87.3829	88.2883	89.1487	89.9867	90.7267	91.4187	92.1581	93.0094	93.7947	94.4604	95.0536	95.721
8	Albania	79.0964	82.4115	84.0903	85.4358	86.6718	87.8876	89.0279	90.1616	91.051	91.9873	92.865	93.6114	94.5238	95.399	96.244	97.2692
20	Andorra	83.6733	86.6478	88.1384	89.2789	90.4901	91.4666	92.4739	93.4417	94.3688	95.3889	96.2922	96.8536	97.7138	98.7349	99.6926	100.4668
70	Bosnia and Herzegovina	77.2383	80.8236	82.5713	83.9446	85.1528	86.3978	87.3494	88.3389	89.3818	90.383	91.4662	92.2765	93.1633	94.0129	94.8991	95.9202
191	Croatia	78.5178	81.4031	83.1172	84.4307	85.5989	86.6511	87.6662	88.6045	89.6493	90.685	91.4044	92.2646	93.1692	94.243	95.0463	95.9136
292	Gibraltar	83.2476	86.0196	87.5859	88.8503	89.8929	90.9998	91.9735	92.9079	93.9629	94.7552	95.8751	96.776	97.6254	98.3675	99.1902	100.0462
300	Greece	81.5231	84.3504	86.0486	87.3492	88.4058	89.567	90.5941	91.5645	92.4892	93.3738	94.1762	94.8523	95.5972	96.241	97.1957	97.9107
380	Italy	83.4222	86.2988	87.8575	89.0625	90.1006	91.0595	92.0955	93.2563	94.1644	94.8542	95.7891	96.7387	97.6235	98.3923	99.2152	100.0049
412	Kosovo (under UNSC res. 1244)	77.3681	80.9474	82.6304	84.1405	85.3472	86.4296	87.5709	88.4433	89.2299	90.174	91.0851	92.076	92.9717	93.9016	94.6473	95.3269
470	Malta	83.183	85.8045	87.4554	88.6116	89.8005	90.9171	91.8807	92.7349	93.7006	94.5251	95.346	96.2399	97.0921	98.1354	99.0179	99.852
499	Montenegro	76.5335	79.9114	81.4949	82.9618	84.1543	85.4267	86.5279	87.5042	88.395	89.2922	90.3609	91.3198	92.2942	93.071	93.8721	94.7426
807	North Macedonia	76.5494	80.1756	81.7398	83.0852	84.2245	85.1919	86.2325	87.1139	87.9653	88.8594	89.8679	90.6997	91.3772	92.2424	93.3476	94.2674
620	Portugal	82.2081	84.8793	86.3745	87.7337	88.9244	90.0252	91.1799	92.0593	92.9594	93.8867	95.0605	95.775	96.6975	97.3218	98.1261	99.1197
674	San Marino	85.3139	88.1733	89.5156	90.7803	91.8552	93.0128	94.1413	95.0991	96.0194	96.8625	97.9481	98.8447	99.723	100.5234	101.1968	101.9321
688	Serbia	75.9156	79.6904	81.592	82.9445	84.1781	85.2128	86.3033	87.2542	88.1864	89.2542	90.2308	91.2599	92.2038	93.0912	94.0727	94.989
705	Slovenia	81.4575	84.1522	85.7371	86.9171	88.1267	89.254	90.3837	91.2604	92.1774	93.1148	94.0096	94.9252	95.772	96.717	97.5451	98.3735
724	Spain	83.4964	86.2739	87.8467	89.0266	90.1615	91.2926	92.5527	93.6356	94.4964	95.5434	96.5777	97.3484	98.177	98.949	99.5765	100.44
926	Western Europe	82.1093	83.8721	85.0455	86.1579	87.1256	87.9209	88.7463	89.384	90.1139	90.8389	91.6225	92.2801	92.9254	93.6544	94.4985	95.2378
40	Austria	82.1604	84.5327	86.1757	87.4461	88.5804	89.8142	90.731	91.7615	92.6457	93.5524	94.452	95.2619	96.2013	97.034	97.9969	99.0196
56	Belgium	82.0941	84.6297	86.0789	87.3174	88.5949	89.7811	90.6642	91.7863	92.8338	93.6441	94.3578	95.2025	96.1087	96.9449	97.7536	98.5624
250	France	83.2265	85.713	87.1375	88.5461	89.6647	90.5885	91.6677	92.8274	93.7607	94.5951	95.6223	96.3037	97.2941	98.0127	98.6901	99.5121
276	Germany	81.4982	83.8684	85.3924	86.7212	87.7958	88.9361	90.0589	90.8765	91.7112	92.6084	93.7083	94.5217	95.2971	96.2052	97.1291	97.9199
438	Liechtenstein	83.6228	86.1199	87.686	88.8937	90.0066	91.1453	92.1921	93.1168	94.1415	95.1551	95.8988	96.8081	97.7053	98.3257	99.1995	99.8578
442	Luxembourg	82.442	84.7252	86.1476	87.4082	88.5529	89.5873	90.5751	91.6216	92.5677	93.3177	94.0032	95.0084	95.7105	96.489	97.43	98.2628
492	Monaco	86.337	88.8235	90.2966	91.4439	92.5657	93.5968	94.5276	95.5456	96.4563	97.4918	98.17	99.1532	99.9058	100.7353	101.5522	102.3642
528	Netherlands	82.244	84.6252	86.1083	87.4852	88.6326	89.5643	90.6912	91.7605	92.7246	93.6532	94.5539	95.199	95.9948	96.8953	97.643	98.2129
756	Switzerland	84.0248	86.3914	87.8882	89.2117	90.3389	91.3807	92.4781	93.2753	94.122	95.0098	95.8424	96.4592	97.4312	98.2593	99.249	99.986
5505	Americas	76.38	78.8935	80.0728	81.1157	82.0524	82.8994	83.6501	84.3918	85.2285	86.0134	86.7346	87.4006	88.0277	88.8124	89.5094	90.2685
904	Latin America and the Caribbean	74.7108	77.3855	78.6205	79.6984	80.6943	81.6508	82.4964	83.2935	84.0337	84.7764	85.4874	86.1302	86.8108	87.5002	88.1781	88.9094
915	Caribbean	72.6154	75.2283	76.4711	77.4925	78.417	79.2922	80.1034	80.9477	81.7791	82.4466	83.1749	83.866	84.5142	85.1692	85.8178	86.5741
660	Anguilla	79.4151	82.1005	83.7778	85.0252	86.2186	87.3197	88.4241	89.3645	90.4282	91.3549	92.3184	93.1815	94.0462	94.799	95.5889	96.4338
28	Antigua and Barbuda	77.8736	80.5176	82.19	83.6724	84.8485	86.0696	87.3216	88.21	89.1364	90.0843	91.0363	91.9296	92.9475	93.8155	94.7626	95.6418
533	Aruba	76.1571	79.2189	80.9332	82.2638	83.5296	84.6821	85.7607	86.5835	87.2789	88.2969	89.1388	90.0046	91.1058	91.8995	92.6409	93.6235
44	Bahamas	74.0966	77.6674	79.3885	80.7654	81.994	83.2285	84.3616	85.3526	86.229	87.0924	87.7726	88.6819	89.6923	90.6547	91.4545	92.1497
52	Barbados	76.6262	79.1266	80.9171	82.1568	83.5211	84.5686	85.5847	86.5132	87.5439	88.3267	89.1786	90.2024	91.1952	92.1712	92.9983	93.955
535	Bonaire, Sint Eustatius and Saba	78.0931	80.4021	82.1087	83.5053	84.6606	85.768	86.9898	87.9815	88.9597	89.7941	90.7741	91.4999	92.2867	92.9601	93.6705	94.5408
92	British Virgin Islands	77.2748	80.1699	81.8823	83.4296	84.585	85.8617	86.9691	88.0503	88.9186	89.8482	90.7614	91.556	92.4941	93.284	94.1814	95.0283
136	Cayman Islands	80.3751	83.0499	84.7329	85.9399	87.2962	88.3525	89.5114	90.6303	91.5679	92.5844	93.5616	94.5605	95.375	96.1992	97.179	98.106
192	Cuba	77.3671	80.9207	82.7466	84.2165	85.4716	86.5075	87.5091	88.451	89.5835	90.5787	91.6649	92.4695	93.1715	94.1074	94.9053	95.7422
531	Curaçao	76.9883	79.7119	81.3487	82.7536	84.044	84.9735	85.787	86.7003	87.5511	88.4428	89.4607	90.3509	91.1276	91.9803	93.1075	93.8792
212	Dominica	71.3613	74.3787	76.1392	77.793	79.2899	80.4364	81.5531	82.5818	83.7257	84.6952	85.5791	86.3817	87.11	88.1745	88.8642	89.6484
214	Dominican Republic	73.7943	76.7634	78.4901	79.7512	80.9939	82.256	83.4239	84.2757	85.1721	86.0095	86.9837	87.7891	88.452	89.129	89.8432	90.513
308	Grenada	75.4989	78.1988	79.8361	81.3963	82.766	83.884	84.8164	85.6061	86.5544	87.2698	88.143	89.0193	89.7296	90.5332	91.5002	92.3755
312	Guadeloupe	81.2469	84.5484	86.0776	87.2908	88.5382	89.5243	90.3744	91.4483	92.4643	93.4125	94.4262	95.278	95.9728	96.829	97.6024	98.2593
332	Haiti	64.7312	68.6169	70.6682	72.4121	73.9398	75.3434	76.6001	77.7188	78.7524	79.9615	81.3159	82.3112	83.5119	84.5701	85.0614	85.691
388	Jamaica	71.4824	74.6386	76.4382	77.7011	79.1306	80.299	81.305	82.2854	83.4149	84.3082	85.1916	86.2037	86.9427	87.65	88.1595	88.7107
474	Martinique	81.3684	85.0355	86.4705	87.7963	88.9768	90.055	91.1235	92.0846	92.966	93.91	94.922	95.8068	96.4167	97.0794	97.7377	98.5153
500	Montserrat	76.4783	79.198	80.863	82.3151	83.656	84.7804	85.7351	86.7823	87.9069	88.7183	89.6961	90.4472	91.4686	92.4593	93.2554	94.2195
630	Puerto Rico	81.0567	84.3052	85.9492	87.2865	88.3501	89.4697	90.5552	91.6096	92.658	93.4775	94.263	95.0903	95.994	96.722	97.439	98.1146
652	Saint Barthélemy	84.6302	86.7783	88.2408	89.4629	90.5442	91.5915	92.4584	93.3404	94.495	95.5818	96.4039	97.2418	97.9467	98.7949	99.6647	100.3994
659	Saint Kitts and Nevis	71.574	75.2373	77.1069	78.6429	79.9993	81.2031	82.3255	83.379	84.3777	85.2079	86.0271	86.8557	87.653	88.3683	89.108	90.0531
662	Saint Lucia	72.4126	75.756	77.5866	79.1511	80.5413	81.7559	82.9518	84.1357	85.025	85.8364	86.6837	87.3667	88.1874	88.9529	89.9272	90.6407
663	Saint Martin (French part)	80.5683	82.9942	84.7194	85.991	87.168	88.3373	89.4411	90.3753	91.3256	92.4659	93.2607	94.1748	95.0869	95.9714	96.6608	97.5839
670	Saint Vincent and the Grenadines	71.1259	74.4336	76.2339	77.7278	79.0655	80.3283	81.3228	82.5307	83.6169	84.5177	85.1567	85.8875	86.7741	87.721	88.4915	89.1645
534	Sint Maarten (Dutch part)	76.279	79.3328	81.2098	82.5625	83.7986	84.8727	85.715	86.6816	87.6713	88.7008	89.7404	90.6867	91.5907	92.4148	93.4956	94.3647
780	Trinidad and Tobago	73.3706	76.5466	78.3015	79.8768	80.9713	82.3044	83.3742	84.3888	85.3672	86.2394	86.9316	87.7508	88.7415	89.6188	90.6121	91.271
796	Turks and Caicos Islands	78.2454	80.8126	82.52	83.9312	85.2318	86.4994	87.3048	88.1319	89.1916	90.1113	91.005	91.8837	92.8664	93.8002	94.8731	95.8826
850	United States Virgin Islands	75.5801	78.5468	80.5948	82.1251	83.4797	84.6627	85.6152	86.7443	87.7142	88.7985	89.7948	90.7149	91.5183	92.4151	93.0269	93.67
916	Central America	73.745	77.4076	78.9552	80.3082	81.4551	82.4649	83.5501	84.452	85.3287	86.107	86.9014	87.7662	88.5693	89.3876	90.2266	90.9797
84	Belize	73.064	76.7254	78.5588	80.1481	81.659	82.889	83.9161	84.9446	86.0182	86.8982	87.8322	88.6166	89.3927	90.36	91.3878	92.4479
188	Costa Rica	80.2538	83.57	85.2274	86.5543	87.8749	88.9694	90.0017	91.1226	92.1242	93.0133	93.769	94.9034	95.6989	96.4907	97.3281	98.1607
222	El Salvador	71.9697	75.4276	77.4207	79.0427	80.5199	81.8769	83.03	84.1248	85.2531	86.1995	86.9991	88.0405	88.9057	89.8387	90.8678	91.7425
320	Guatemala	71.6612	75.8745	77.6711	79.1891	80.3289	81.6814	82.8698	83.9358	85.0757	85.8076	86.4093	86.9712	87.803	88.6976	89.3146	90.0348
340	Honduras	72.4856	76.1027	77.8827	79.4666	80.949	82.2292	83.4786	84.5472	85.5611	86.4674	87.1507	87.8721	88.7548	89.557	90.6201	91.5628
484	Mexico	73.8151	78.1487	79.9034	81.3883	82.7845	83.9306	85.1111	86.168	87.1185	87.9348	88.8093	89.8059	90.8006	91.7389	92.6211	93.6127
558	Nicaragua	74.0631	78.087	79.8902	81.4153	82.5125	83.7606	84.9418	85.9738	86.9582	87.8111	88.4186	89.1312	89.8361	90.7445	91.4002	92.1831
591	Panama	79.1291	82.311	84.0057	85.2759	86.419	87.7096	88.9387	90.0275	90.9644	91.9039	92.7543	93.8247	94.7102	95.6475	96.6729	97.4532
931	South America	75.3823	78.1587	79.4854	80.6369	81.7253	82.7486	83.5867	84.3737	85.2188	85.907	86.6317	87.3373	88.0134	88.8743	89.5673	90.3344
32	Argentina	76.6523	80.2436	81.9935	83.2772	84.4894	85.578	86.5628	87.4655	88.2784	89.3676	90.3017	91.2361	92.0932	92.9629	93.8962	94.6719
68	Bolivia (Plurinational State of)	66.9532	72.0926	74.0112	75.558	76.8688	78.4173	79.6484	80.7929	82.0021	83.0534	84.1156	85.1609	85.7795	86.6785	87.4641	88.319
76	Brazil	75.4115	78.7695	80.4956	81.9602	83.252	84.5512	85.494	86.4232	87.3192	88.0868	88.9562	89.8139	90.6536	91.6676	92.6085	93.5565
152	Chile	80.5131	83.7655	85.4399	86.7142	87.9579	89.0061	90.0829	91.0642	92.1236	93.2171	94.0895	94.7783	95.4794	96.3629	97.0858	97.8345
170	Colombia	76.6484	80.6595	82.4031	83.8733	85.1045	86.2199	87.3132	88.3315	89.3087	90.4205	91.5712	92.4422	93.4221	94.4463	95.212	96.0718
218	Ecuador	76.2319	80.3476	82.0322	83.4486	84.64	85.4974	86.4457	87.405	88.4734	89.4786	90.4074	91.2002	92.1778	92.8741	93.7486	94.4326
238	Falkland Islands (Malvinas)	79.5122	82.0653	83.8225	85.1148	86.1391	87.1693	88.2866	89.462	90.2628	91.3002	92.1971	92.8788	93.8358	94.5329	95.3922	96.1047
254	French Guiana	76.8966	79.9616	81.6973	83.2278	84.4926	85.5968	86.6006	87.6466	88.5102	89.5346	90.4241	91.4435	92.3138	93.2332	94.0989	94.8811
328	Guyana	69.2372	73.4026	75.2973	76.9792	78.2985	79.7139	80.9502	81.9066	82.9271	83.9462	84.7028	85.6123	86.3408	87.353	88.0447	88.706
600	Paraguay	72.7735	76.9325	78.7841	80.2671	81.4966	82.6412	83.5438	84.5637	85.546	86.4621	87.3074	87.9803	88.7717	89.6191	90.448	91.1515
604	Peru	76.4191	80.7148	82.4417	83.8535	85.0656	86.2485	87.3942	88.2889	89.3138	90.2264	90.967	92.0022	93.0017	93.8092	94.5954	95.2865
740	Suriname	72.9583	76.6095	78.3263	79.8519	81.2089	82.4036	83.5234	84.5664	85.6596	86.7471	87.6951	88.6696	89.3335	90.2224	90.9701	91.8935
858	Uruguay	77.6685	80.8501	82.5568	84.0006	85.0122	86.0291	87.1133	88.1094	89.0565	89.8463	90.7783	91.9194	92.6805	93.5596	94.4635	95.3596
862	Venezuela (Bolivarian Republic of)	72.7873	75.8098	77.6369	78.8887	80.1872	81.5256	82.7975	83.8678	84.67	85.7524	86.6664	87.3732	88.155	88.9013	89.6218	90.6601
905	Northern America	78.9929	82.014	83.6011	84.9371	85.9837	86.9235	87.9927	89.1328	90.1076	90.7135	91.7173	92.482	93.3821	94.2572	95.1357	95.8356
60	Bermuda	82.4451	84.8972	86.4955	87.7168	88.7916	89.8904	90.9319	91.8757	92.9125	93.6972	94.5657	95.387	96.3846	97.0112	97.9374	98.8846
124	Canada	82.4778	85.0707	86.6826	88.0075	89.1632	90.1435	91.1293	92.0925	93.1765	94.0945	94.7598	95.5414	96.3835	97.1363	98.0315	98.8411
304	Greenland	70.5755	73.1771	74.7512	76.2065	77.5551	78.9461	80.3273	81.4886	82.4501	83.373	84.4348	85.1907	85.9445	86.702	87.2323	88.0505
666	Saint Pierre and Miquelon	77.1213	79.5896	81.3276	82.7495	83.892	85.028	86.108	87.2418	88.2143	88.9006	89.7168	90.7863	91.6707	92.694	93.4047	94.3507
840	United States of America	78.639	81.8826	83.5632	84.9272	86.0218	87.0585	88.1791	89.3666	90.3868	91.0415	92.0903	92.8979	93.8254	94.7025	95.6548	96.3846
909	Oceania	79.0903	81.2281	82.4189	83.4867	84.2878	85.0608	85.7288	86.3665	87.0906	87.79	88.5	89.1489	89.8207	90.6075	91.4788	92.2607
927	Australia/New Zealand	83.6423	85.7654	87.1388	88.4168	89.3483	90.3849	91.2484	92.0545	92.9539	93.834	94.6901	95.5895	96.3058	97.2033	97.875	98.5317
36	Australia	83.9624	86.3617	87.8458	89.2571	90.204	91.296	92.1718	92.9482	93.8817	94.7834	95.7981	96.8061	97.6581	98.4739	99.0912	99.7525
554	New Zealand	82.3427	84.6583	86.0891	87.3215	88.5807	89.6803	90.7843	91.7262	92.7261	93.6201	94.5446	95.6165	96.337	97.0616	97.8549	98.5897
928	Melanesia	66.7828	69.9036	71.6434	73.0359	74.1796	75.2409	76.1625	77.195	78.2169	79.0846	80.0692	81.0665	81.9652	82.7768	83.5578	84.3622
242	Fiji	67.2905	70.7743	72.661	74.0532	75.246	76.4565	77.5899	78.6084	79.9163	80.8893	81.9299	82.9598	83.9873	84.8517	85.7178	86.6663
540	New Caledonia	78.4676	81.4867	83.0268	84.3382	85.5108	86.5911	87.5259	88.459	89.4017	90.3388	91.2667	92.1044	92.9454	93.7458	94.6794	95.5209
598	Papua New Guinea	66.0963	69.6145	71.5697	73.0512	74.3437	75.4531	76.479	77.5415	78.7895	79.6789	80.7371	81.804	82.7203	83.4994	84.3904	85.264
90	Solomon Islands	70.6008	73.8814	75.8352	77.1243	78.2014	79.4483	80.6844	81.7734	82.9264	83.9493	85.1021	85.9819	86.5883	87.2715	87.9596	88.7179
548	Vanuatu	71.5803	74.883	76.7205	78.1961	79.6007	80.7622	82.0544	83.209	84.2117	85.1852	86.0434	86.997	87.8621	88.4648	89.4386	90.2142
954	Micronesia	71.2411	73.5663	74.9311	76.1053	76.9967	77.7708	78.597	79.3924	80.05	80.7956	81.6341	82.4454	83.3941	84.2248	85.0647	85.7429
316	Guam	77.0944	80.0551	81.8215	83.2426	84.3789	85.5518	86.7736	87.9161	89.0934	89.9369	91.014	92.051	93.0375	93.8333	94.5881	95.5718
296	Kiribati	66.4078	69.9118	71.7782	73.3326	74.6424	75.8353	76.8817	77.995	79.1946	80.1806	81.1243	82.0513	83.0654	83.8654	84.9842	85.8732
584	Marshall Islands	66.9133	70.4477	72.3034	73.6821	74.9193	76.0211	77.3937	78.6966	79.4961	80.5066	81.4786	82.5624	83.3015	84.3716	85.2179	86.04
583	Micronesia (Fed. States of)	67.3624	70.5615	72.4792	74.0735	75.4214	76.485	77.5943	78.7824	80.0028	80.985	82.1419	83.0711	83.8888	84.7779	85.5047	86.4387
520	Nauru	62.4481	65.8881	67.9165	69.2006	70.578	71.9089	73.0386	74.2048	75.3999	76.3631	77.1993	78.0695	79.0716	80.1339	80.94	81.9977
580	Northern Mariana Islands	78.9414	81.5044	83.2295	84.4389	85.661	86.799	87.937	88.6899	89.5257	90.4389	91.2959	92.4111	93.3767	93.9176	94.692	95.4868
585	Palau	69.5255	72.4233	74.1259	75.4754	76.7402	78.0458	79.3749	80.4305	81.5918	82.6562	83.5858	84.4614	85.4375	85.9729	86.8393	87.5037
957	Polynesia	76.9	79.3257	80.832	82.055	83.24	84.2522	85.3455	86.2332	87.199	87.9133	88.5532	89.1469	89.7858	90.134	90.3544	90.7928
16	American Samoa	73.245	75.9944	77.6729	79.0473	80.3032	81.4465	82.6162	83.6735	84.597	85.2396	86.056	86.9795	87.912	88.6582	89.5066	90.2234
184	Cook Islands	75.4419	78.2891	80.1797	81.93	83.3763	84.5008	85.5684	86.4426	87.2939	88.3804	89.3738	90.0355	90.8582	91.7093	92.6875	93.6731
258	French Polynesia	83.3448	86.6182	88.0979	89.2369	90.4463	91.3845	92.4881	93.5151	94.3311	95.2794	96.0775	96.8904	97.9284	98.6061	99.4045	100.1791
570	Niue	70.3433	73.212	74.8502	76.3364	77.7244	79.0197	80.1509	81.4976	82.4766	83.2727	84.1032	85.079	86.1241	86.8497	87.6701	88.3004
882	Samoa	71.9638	75.0081	76.7337	78.0625	79.3235	80.3465	81.7514	82.9663	83.9639	84.7788	85.6407	86.5819	87.3057	88.1199	88.6527	89.5073
772	Tokelau	77.3796	79.8408	81.4201	82.6523	83.8527	85.0612	86.0836	86.8518	87.542	88.3208	89.1865	90.0204	90.7933	91.7092	92.2635	93.2222
776	Tonga	73.108	76.0123	77.801	79.2809	80.5615	81.8668	83.06	84.1643	85.2453	86.069	86.8761	87.5921	88.2674	88.9999	89.5355	90.6736
798	Tuvalu	67.2577	70.7999	72.5161	73.9408	75.3024	76.686	77.9698	79.115	80.4043	81.5518	82.6838	83.6525	84.6425	85.5139	86.2595	87.0133
876	Wallis and Futuna Islands	78.7202	81.3481	82.9469	84.2497	85.4339	86.4556	87.2153	88.0886	88.8147	89.44	90.0619	90.9544	91.829	92.5708	93.3245	94.1382
