country_code	country	2020-2025	2025-2030	2030-2035	2035-2040	2040-2045	2045-2050	2050-2055	2055-2060	2060-2065	2065-2070	2070-2075	2075-2080	2080-2085	2085-2090	2090-2095	2095-2100
900	World	72.5969	74.0512	74.8064	75.5142	76.18	76.7823	77.3228	77.8367	78.3436	78.8396	79.3195	79.7754	80.2182	80.6547	81.0946	81.5296
1834	Sub-Saharan Africa	61.4809	63.0311	63.9655	64.8495	65.6959	66.5037	67.2827	68.0376	68.779	69.5004	70.2041	70.8822	71.5386	72.1764	72.8222	73.4679
1833	Northern Africa and Western Asia	73.292	74.8557	75.6728	76.4441	77.1831	77.8855	78.5573	79.2016	79.8188	80.4234	81.0157	81.5901	82.1569	82.7248	83.287	83.8325
1831	Central and Southern Asia	70.7173	72.8442	73.8735	74.8411	75.7712	76.6583	77.5011	78.3141	79.0919	79.8325	80.5401	81.2214	81.8843	82.5033	83.1043	83.6968
1832	Eastern and South-Eastern Asia	76.8473	77.9607	78.7961	79.5534	80.268	80.9348	81.5416	82.1252	82.7074	83.2752	83.8291	84.3528	84.8651	85.3969	85.9169	86.4199
1830	Latin America and the Caribbean	74.5596	76.5297	77.362	78.1706	78.959	79.722	80.4636	81.1831	81.8737	82.5382	83.1777	83.8005	84.3976	84.9738	85.5351	86.084
1835	Oceania (excluding Australia and New Zealand)	67.1815	68.354	68.9927	69.5817	70.1084	70.6036	71.0818	71.5684	72.057	72.5711	73.106	73.6464	74.1994	74.7803	75.3708	75.9487
1836	Australia/New Zealand	83.4339	84.3244	84.9771	85.5884	86.1794	86.7534	87.3142	87.8679	88.4341	88.9901	89.5143	90.0521	90.5772	91.096	91.6474	92.186
1829	Europe and Northern America	78.4759	80.0023	80.7812	81.5511	82.3023	83.0197	83.6935	84.3428	84.9888	85.6359	86.2754	86.8957	87.4849	88.0586	88.6209	89.1726
5502	Europe, Northern America, Australia, and New Zealand	78.5912	80.1071	80.887	81.6568	82.408	83.1259	83.801	84.4518	85.0992	85.7473	86.3868	87.0078	87.5978	88.1725	88.7375	89.2921
901	More developed regions	79.2152	80.6511	81.4049	82.1436	82.8651	83.5611	84.2231	84.8657	85.5019	86.1328	86.7531	87.3575	87.9375	88.5083	89.072	89.6239
902	Less developed regions	71.2042	72.7318	73.5572	74.3251	75.0412	75.6877	76.2664	76.8099	77.3396	77.8543	78.3472	78.8065	79.2454	79.6742	80.1074	80.5376
941	Least developed countries	65.59	67.2535	68.1639	69.0118	69.816	70.5817	71.314	72.0137	72.6824	73.3232	73.9397	74.525	75.0901	75.6372	76.1827	76.7315
934	Less developed regions, excluding least developed countries	72.4593	73.9659	74.7926	75.5638	76.2955	76.9643	77.5659	78.1363	78.7007	79.2566	79.7941	80.2986	80.7812	81.2538	81.7299	82.1997
948	Less developed regions, excluding China	69.3799	71.109	71.932	72.712	73.4549	74.1539	74.8155	75.4497	76.0603	76.6435	77.2008	77.7321	78.2454	78.7359	79.2269	79.7191
1636	Land-locked Developing Countries (LLDC)	65.6432	67.5093	68.4418	69.3261	70.1569	70.924	71.6558	72.3678	73.0746	73.7642	74.4334	75.0771	75.7149	76.348	76.9848	77.614
2087	LLDC: Africa	63.5914	65.4982	66.5172	67.4642	68.3583	69.1967	70.006	70.7886	71.5725	72.3447	73.0949	73.8055	74.4904	75.1547	75.8202	76.4758
2088	LLDC: Asia	69.7642	71.5011	72.3924	73.2382	74.0242	74.7477	75.4343	76.1084	76.7534	77.3624	77.9543	78.5417	79.1427	79.7475	80.3439	80.9382
2089	LLDC: Europe	72.6793	74.058	74.7847	75.5212	76.2637	77.015	77.7388	78.4475	79.1361	79.8137	80.5116	81.1801	81.8161	82.4185	83.0028	83.6092
2090	LLDC: Latin America	68.227	71.141	71.8685	72.5763	73.2832	73.9733	74.6855	75.3979	76.0982	76.8014	77.4828	78.1631	78.8337	79.5079	80.187	80.8449
1637	Small Island Developing States (SIDS)	72.0201	73.4289	74.0884	74.6798	75.1995	75.6808	76.1261	76.5617	76.9883	77.4233	77.8569	78.2676	78.6589	79.0537	79.4595	79.879
2091	SIDS Caribbean	72.3373	73.815	74.4947	75.1212	75.6942	76.2283	76.7118	77.1774	77.6371	78.1291	78.639	79.1455	79.6473	80.1464	80.6428	81.1309
2092	SIDS Pacific	67.1728	68.3466	69.0175	69.6394	70.2001	70.7254	71.2307	71.7425	72.2525	72.7842	73.3328	73.8797	74.4346	75.013	75.6006	76.177
2093	SIDS Atlantic, Indian Ocean and South China Sea (AIS)	75.8697	77.1439	77.9001	78.5386	79.0548	79.5697	80.0937	80.5913	81.044	81.4131	81.7077	81.9458	82.1273	82.3191	82.5603	82.883
5503	High-and-upper-middle-income countries	77.4241	78.8062	79.6192	80.3704	81.0893	81.7685	82.4054	83.0302	83.6458	84.2442	84.8267	85.3847	85.9249	86.4755	87.0172	87.5457
5504	Low-and-Lower-middle-income countries	67.8302	69.5712	70.433	71.2501	72.0308	72.7694	73.4732	74.1493	74.7985	75.4134	75.9961	76.5492	77.0839	77.5922	78.1017	78.6107
1503	High-income countries	80.9105	82.1519	82.8765	83.5662	84.2293	84.871	85.4914	86.0991	86.6956	87.2779	87.841	88.3894	88.9342	89.4869	90.0362	90.5637
1859	Low-and-middle-income countries	70.9053	72.4636	73.2983	74.0817	74.8146	75.4757	76.0657	76.6188	77.1574	77.6803	78.1806	78.6467	79.0913	79.5252	79.9624	80.3953
1517	Middle-income countries	71.8506	73.415	74.2656	75.0626	75.8172	76.506	77.1236	77.7059	78.2768	78.8355	79.3736	79.8784	80.3585	80.8275	81.2963	81.7586
1502	Upper-middle-income countries	75.616	77.1014	78.0187	78.8612	79.6549	80.3915	81.0622	81.7031	82.3287	82.9341	83.5154	84.0523	84.5553	85.0671	85.5672	86.0503
1501	Lower-middle-income countries	68.7569	70.5141	71.3844	72.2103	73.0085	73.7704	74.4979	75.1993	75.8749	76.5176	77.128	77.7113	78.2744	78.8087	79.3405	79.8689
1500	Low-income countries	64.1698	65.8487	66.7241	67.5363	68.3008	69.0203	69.716	70.39	71.0558	71.7151	72.3696	72.9993	73.6142	74.2094	74.809	75.4108
1518	No income group available	72.4055	73.2831	74.1041	74.9146	75.7223	76.5276	77.3113	78.0957	78.8697	79.6316	80.3903	81.1369	81.8585	82.5494	83.2039	83.8336
903	Africa	63.2051	64.7285	65.6217	66.477	67.2955	68.0677	68.8059	69.5152	70.2046	70.8722	71.523	72.1527	72.7695	73.3753	73.9913	74.6052
910	Eastern Africa	65.0423	66.5945	67.5852	68.5051	69.3619	70.1742	70.9606	71.7271	72.4925	73.2465	73.9901	74.7129	75.422	76.1202	76.8204	77.5127
108	Burundi	63.2104	64.4174	65.1703	65.9142	66.6274	67.2837	67.939	68.5701	69.1674	69.7493	70.3407	70.9248	71.5167	72.1214	72.7039	73.2968
174	Comoros	66.437	67.8318	68.9285	69.9441	70.8647	71.7453	72.5952	73.4175	74.2399	75.0238	75.7901	76.5547	77.3086	78.0678	78.8086	79.5277
262	Djibouti	65.427	66.9753	67.9276	68.8441	69.6841	70.4742	71.2398	71.9992	72.7385	73.4865	74.2148	74.9386	75.6612	76.3759	77.1141	77.8094
232	Eritrea	68.0921	69.7942	70.9305	71.984	72.9407	73.8502	74.7206	75.5606	76.3685	77.1776	77.9631	78.7196	79.4782	80.2332	80.9602	81.6725
231	Ethiopia	66.8801	68.6083	69.8278	70.9345	71.9559	72.9199	73.8506	74.7491	75.6444	76.5285	77.3896	78.2065	78.9994	79.7639	80.5226	81.2463
404	Kenya	63.0691	64.4984	65.3428	66.13	66.8758	67.5676	68.227	68.8818	69.5144	70.1611	70.7898	71.4095	72.053	72.7103	73.38	74.0413
450	Madagascar	63.3335	64.588	65.5273	66.3966	67.1952	67.957	68.6635	69.3474	70.0209	70.6647	71.3061	71.9188	72.5382	73.1782	73.8335	74.4757
454	Malawi	66.505	68.258	69.1259	69.9389	70.7107	71.4314	72.1358	72.8357	73.558	74.2505	74.9264	75.6114	76.2943	76.9758	77.6488	78.3186
480	Mauritius	74.2948	75.7333	76.5686	77.4272	78.2533	79.1016	79.9769	80.8181	81.6368	82.4417	83.2278	83.9959	84.7009	85.4141	86.065	86.7253
175	Mayotte	75.1308	77.0121	77.937	78.79	79.6929	80.5601	81.419	82.2278	82.9954	83.7307	84.42	85.0758	85.6994	86.2855	86.8616	87.4302
508	Mozambique	62.6875	64.4248	65.2556	66.0724	66.8307	67.5342	68.232	68.8858	69.5329	70.161	70.7735	71.3851	71.9909	72.6069	73.2363	73.8845
638	Réunion	82.7255	84.2128	84.8078	85.3876	85.9866	86.5624	87.1377	87.706	88.2492	88.792	89.3219	89.8367	90.3622	90.8741	91.3465	91.8507
646	Rwanda	67.6297	68.8367	69.8389	70.7638	71.6466	72.4802	73.2905	74.082	74.8541	75.6023	76.3467	77.0823	77.8124	78.5365	79.2563	79.9552
690	Seychelles	72.5673	73.7972	74.5687	75.3477	76.0687	76.7589	77.445	78.2539	79.0071	79.752	80.5954	81.3942	82.3561	83.1146	83.9047	84.5251
706	Somalia	57.081	59.5099	60.2439	60.945	61.6101	62.2811	62.9452	63.5979	64.2299	64.8156	65.4224	66.0102	66.6027	67.1621	67.7333	68.3128
728	South Sudan	57.5939	58.173	58.7656	59.3683	59.974	60.5499	61.1038	61.6601	62.2368	62.7929	63.3728	63.9041	64.4251	64.9333	65.4191	65.9289
800	Uganda	67.7515	69.3194	70.3549	71.304	72.2165	73.0893	73.9307	74.7407	75.5591	76.3478	77.1276	77.8883	78.645	79.3584	80.0785	80.7871
834	United Republic of Tanzania	66.912	67.9984	68.9911	69.9189	70.7349	71.5269	72.3009	73.0564	73.808	74.5475	75.2781	76.0255	76.7483	77.4612	78.1754	78.8879
894	Zambia	65.1989	67.2153	68.0203	68.7812	69.5085	70.218	70.9176	71.6122	72.305	72.9691	73.6532	74.3257	74.9977	75.6946	76.3756	77.0394
716	Zimbabwe	62.1542	64.053	65.3404	66.5272	67.6242	68.6338	69.5966	70.4791	71.3129	72.1311	72.9164	73.7069	74.4774	75.2467	76.0219	76.8156
911	Middle Africa	60.8019	62.8389	63.7025	64.5119	65.2806	66.0063	66.7094	67.3758	68.0164	68.6563	69.2958	69.9152	70.5304	71.1282	71.7383	72.3569
24	Angola	64.1887	65.4846	66.3505	67.1269	67.8486	68.5238	69.1802	69.8227	70.462	71.1025	71.7204	72.3356	72.9307	73.5403	74.1472	74.7674
120	Cameroon	62.8926	64.9486	66.1574	67.2159	68.1955	69.1278	69.9939	70.7961	71.5826	72.3645	73.1455	73.8825	74.6084	75.3371	76.0631	76.7851
140	Central African Republic	39.8297	59.0068	59.7488	60.8871	61.9484	62.942	63.8939	64.7572	65.5803	66.3677	67.1066	67.8169	68.5232	69.2685	69.963	70.6666
148	Chad	54.5611	55.8277	56.6323	57.4179	58.1644	58.897	59.6174	60.2835	60.9479	61.5828	62.187	62.7803	63.3661	63.9301	64.5061	65.0567
178	Congo	65.3229	66.7854	67.7601	68.6273	69.4432	70.1956	70.9248	71.6379	72.3491	73.077	73.7855	74.4379	75.1144	75.7973	76.4667	77.1383
180	Democratic Republic of the Congo	61.2866	62.6652	63.4638	64.2227	64.9578	65.6548	66.3317	66.9663	67.5541	68.1432	68.7443	69.3277	69.9146	70.467	71.0449	71.6444
226	Equatorial Guinea	63.3797	64.6467	65.5648	66.4418	67.2697	68.0686	68.8363	69.5797	70.288	70.977	71.6867	72.3908	73.0953	73.7831	74.4419	75.0889
266	Gabon	67.9695	69.1861	69.981	70.7466	71.4984	72.249	72.9845	73.7252	74.4549	75.1744	75.88	76.6149	77.3444	78.0731	78.7674	79.4447
678	Sao Tome and Principe	69.2439	70.5707	71.3952	72.2773	73.1286	73.9276	74.685	75.4184	76.1867	76.912	77.6843	78.4554	79.2119	79.969	80.691	81.3795
912	Northern Africa	71.4489	73.0019	73.8652	74.7168	75.5369	76.3072	77.0436	77.7512	78.4271	79.0877	79.7361	80.3663	80.9984	81.6237	82.243	82.8449
12	Algeria	75.8879	77.2927	78.2553	79.1789	80.0938	80.9805	81.8293	82.6352	83.3893	84.1125	84.8017	85.461	86.0969	86.7269	87.3173	87.8825
818	Egypt	70.8818	72.5079	73.3488	74.1622	74.9576	75.737	76.5179	77.2994	78.0744	78.8534	79.6206	80.3599	81.0945	81.7929	82.4944	83.1679
434	Libya	71.9708	75.3645	76.4232	77.2889	78.1282	78.9814	79.8043	80.6064	81.3961	82.1687	82.9287	83.6676	84.373	85.0483	85.6886	86.2933
504	Morocco	74.828	76.1954	77.0215	77.8274	78.626	79.4195	80.2003	80.9449	81.6535	82.3313	83.0086	83.6478	84.2669	84.8622	85.4373	85.9864
729	Sudan	65.7772	67.2302	68.0982	68.9408	69.7564	70.5424	71.2972	72.0379	72.7537	73.4629	74.1881	74.9076	75.6226	76.3534	77.065	77.7855
788	Tunisia	75.6302	77.4788	78.4379	79.363	80.2808	81.1607	82.0011	82.7994	83.5456	84.2553	84.9379	85.5965	86.2438	86.868	87.4702	88.0472
732	Western Sahara	71.383	72.3807	73.195	73.9695	74.7545	75.5371	76.298	77.0593	77.8201	78.5432	79.2958	80.0128	80.7101	81.3957	82.0843	82.699
913	Southern Africa	64.897	66.7956	67.6435	68.4437	69.2138	69.9632	70.6766	71.3844	72.0861	72.7767	73.4773	74.1616	74.8406	75.5333	76.2222	76.9195
72	Botswana	67.7062	69.8368	70.4856	71.1059	71.7046	72.326	72.9599	73.5887	74.2323	74.8859	75.5266	76.1856	76.8431	77.5184	78.1738	78.8197
748	Eswatini	62.2732	64.7587	65.408	66.0276	66.6384	67.2344	67.817	68.3673	68.9121	69.4643	70.0181	70.585	71.1517	71.7228	72.3186	72.9082
426	Lesotho	56.5741	59.2489	61.0974	62.7384	64.1802	65.48	66.6226	67.6529	68.6183	69.5268	70.3832	71.2092	72.0234	72.8153	73.5769	74.3261
516	Namibia	65.2488	68.095	68.7607	69.3984	69.9893	70.6072	71.2211	71.8343	72.4729	73.1276	73.7673	74.4136	75.0684	75.7307	76.3591	77.015
710	South Africa	65.1508	66.9662	67.7757	68.5442	69.2895	70.0195	70.7204	71.4231	72.1214	72.8118	73.5217	74.2152	74.9012	75.5991	76.2946	76.9997
914	Western Africa	57.8991	59.1022	59.9753	60.8253	61.6572	62.455	63.2213	63.9592	64.6745	65.3597	66.0235	66.6729	67.2989	67.9015	68.5105	69.108
204	Benin	60.5263	61.6079	62.4124	63.1844	63.9177	64.5815	65.2303	65.8613	66.4802	67.0536	67.6273	68.197	68.7743	69.3358	69.8706	70.4204
854	Burkina Faso	60.8662	61.9579	62.8321	63.6484	64.4178	65.1537	65.8545	66.4988	67.1495	67.773	68.4017	69.002	69.5793	70.147	70.7451	71.3302
132	Cabo Verde	75.6096	76.8897	77.78	78.6572	79.5075	80.3339	81.158	81.9821	82.7664	83.5001	84.2538	84.9372	85.5713	86.1872	86.826	87.453
384	Côte d'Ivoire	61.4867	62.7269	63.5125	64.2577	64.9659	65.6547	66.3015	66.9441	67.5607	68.1579	68.7297	69.324	69.9042	70.4667	71.0216	71.5814
270	Gambia	65.2553	66.7994	67.6652	68.4595	69.2027	69.8985	70.5622	71.2283	71.8662	72.4832	73.1037	73.7151	74.325	74.9477	75.5587	76.1829
288	Ghana	65.2246	66.4195	67.3219	68.164	68.9494	69.7217	70.4585	71.1926	71.875	72.5659	73.2735	73.9702	74.669	75.3469	76.049	76.7382
324	Guinea	60.3485	61.4896	62.2761	63.0413	63.7619	64.4379	65.1012	65.7106	66.286	66.8827	67.4593	68.0295	68.6038	69.1714	69.7263	70.2926
624	Guinea-Bissau	63.3437	64.8595	65.6241	66.3492	67.0367	67.7016	68.3347	68.9394	69.5406	70.1284	70.7272	71.346	71.9296	72.535	73.1418	73.7629
430	Liberia	61.9226	62.8741	63.5708	64.2684	64.9184	65.5646	66.2059	66.8247	67.4197	67.9966	68.5681	69.1294	69.6618	70.2159	70.7435	71.2606
466	Mali	60.0319	61.4054	62.3952	63.3565	64.2504	65.0593	65.7904	66.4888	67.1369	67.7841	68.4117	68.996	69.579	70.1574	70.715	71.2692
478	Mauritania	68.0627	69.5274	70.5327	71.4635	72.3325	73.1637	73.9749	74.7661	75.557	76.3436	77.1224	77.8794	78.6393	79.3816	80.1256	80.8673
562	Niger	60.6645	62.2268	63.3359	64.3539	65.2911	66.1467	66.9681	67.7322	68.4264	69.1103	69.748	70.3804	71.01	71.6126	72.2164	72.8046
566	Nigeria	54.1314	55.1994	55.9607	56.7128	57.4706	58.2049	58.9192	59.6077	60.2909	60.9356	61.5677	62.1947	62.7891	63.3519	63.927	64.4806
654	Saint Helena	94.9721	81.0582	81.977	83.0647	83.9541	85.1438	85.7492	86.0413	86.8249	87.324	88.508	89.3426	89.6144	89.0153	89.6654	90.9162
686	Senegal	68.1827	69.7824	70.8426	71.7921	72.6619	73.4639	74.221	74.9712	75.7147	76.4421	77.1553	77.8539	78.5523	79.2264	79.9043	80.5804
694	Sierra Leone	61.2813	62.6237	63.4578	64.267	65.0113	65.7169	66.3623	67.0056	67.6461	68.2633	68.8751	69.4631	70.0322	70.5938	71.1682	71.7548
768	Togo	62.3388	63.6496	64.5664	65.4445	66.2798	67.0658	67.7976	68.5033	69.1776	69.8437	70.4962	71.1349	71.7439	72.366	72.9796	73.6075
935	Asia	74.1562	75.7093	76.6204	77.4525	78.2369	78.9619	79.6231	80.2565	80.8782	81.4862	82.0791	82.6451	83.1996	83.7491	84.2903	84.8169
5500	Central Asia	72.0417	73.3534	74.0108	74.6597	75.3192	75.9852	76.6665	77.363	78.053	78.7438	79.442	80.1302	80.8244	81.5237	82.1929	82.8492
398	Kazakhstan	73.0454	75.0859	75.7733	76.4837	77.2112	77.9377	78.676	79.4123	80.1425	80.8617	81.5551	82.2407	82.9282	83.5955	84.2405	84.876
417	Kyrgyzstan	71.0114	72.4047	73.142	73.8681	74.6088	75.3513	76.1031	76.8467	77.5983	78.3507	79.1188	79.8624	80.612	81.3229	82.0296	82.7034
762	Tajikistan	71.1056	72.4807	73.1428	73.8114	74.4719	75.131	75.8026	76.4705	77.1316	77.8113	78.4879	79.1484	79.7888	80.4347	81.0552	81.6647
795	Turkmenistan	69.921	70.7614	71.3738	71.9998	72.6368	73.3048	73.9789	74.6672	75.333	76.026	76.7237	77.4296	78.1283	78.8305	79.5096	80.1829
860	Uzbekistan	72.2153	73.0515	73.711	74.3693	75.0363	75.7058	76.3903	77.108	77.8213	78.5304	79.2581	79.9604	80.6609	81.3705	82.0392	82.705
906	Eastern Asia	79.0566	80.1427	81.061	81.8966	82.6946	83.4584	84.1793	84.8895	85.5765	86.223	86.847	87.4383	88.0135	88.6156	89.1987	89.7607
156	China	78.1758	79.3564	80.3766	81.3126	82.194	83.0212	83.7832	84.5265	85.2449	85.9178	86.5668	87.1758	87.7557	88.3557	88.933	89.4916
344	China, Hong Kong SAR	85.0472	86.1744	86.8559	87.5274	88.1787	88.8106	89.4391	90.0188	90.5932	91.1367	91.6754	92.184	92.6542	93.1284	93.632	94.1544
446	China, Macao SAR	83.304	84.0704	84.8867	85.605	86.2799	86.9774	87.623	88.2558	88.8024	89.3595	89.94	90.4775	90.9836	91.4995	92.0258	92.5565
158	China, Taiwan Province of China	80.6628	81.4829	82.3748	83.1797	83.925	84.6072	85.2765	85.9198	86.543	87.1419	87.7295	88.2985	88.8768	89.4347	90.0112	90.5755
408	Dem. People's Republic of Korea	73.5874	74.1962	74.8153	75.4471	76.0904	76.7398	77.4025	78.0791	78.7765	79.4591	80.1481	80.8309	81.5025	82.1795	82.8385	83.4713
392	Japan	84.628	85.393	86.0965	86.7651	87.4248	88.0833	88.7269	89.3546	89.9556	90.5461	91.1569	91.7589	92.3433	92.9302	93.5225	94.1168
496	Mongolia	71.0321	72.9257	74.0835	75.1683	76.2242	77.2229	78.1956	79.1268	80.0299	80.884	81.6978	82.4863	83.2714	84.0074	84.7071	85.371
410	Republic of Korea	83.9434	84.8824	85.4132	85.9583	86.5207	87.0853	87.6397	88.2016	88.7446	89.3105	89.8733	90.4352	91.0121	91.6025	92.2094	92.8241
5501	Southern Asia	70.6508	72.8114	73.8563	74.8357	75.7751	76.6706	77.5209	78.3397	79.122	79.8653	80.5738	81.2554	81.9178	82.5349	83.1356	83.7287
4	Afghanistan	64.4074	67.154	68.1824	69.1065	69.911	70.6456	71.3413	72.0312	72.7125	73.3522	73.9691	74.5908	75.22	75.8286	76.4273	77.0428
50	Bangladesh	73.6627	75.9361	77.1657	78.3147	79.4162	80.4776	81.4506	82.389	83.2604	84.0834	84.8562	85.5795	86.251	86.8846	87.4855	88.0709
64	Bhutan	72.9161	74.2494	75.4626	76.5922	77.6452	78.6619	79.6433	80.5574	81.5048	82.3773	83.1943	84.0023	84.7183	85.4177	86.0679	86.6833
356	India	70.8629	73.1359	74.2367	75.2579	76.2309	77.1549	78.0408	78.9133	79.7706	80.6007	81.4009	82.1768	82.9335	83.6358	84.3165	84.9796
364	Iran (Islamic Republic of)	76.4738	78.6625	79.6427	80.585	81.4914	82.3917	83.235	84.0296	84.7532	85.4346	86.0939	86.7249	87.3306	87.9183	88.4996	89.0411
462	Maldives	80.3148	82.2218	83.2663	84.223	85.0125	85.8193	86.5592	87.1896	87.7475	88.2659	88.7709	89.2732	89.792	90.3394	90.9186	91.4754
524	Nepal	69.9007	71.5485	72.7068	73.7515	74.7354	75.654	76.5385	77.4152	78.233	79.0104	79.7709	80.5079	81.2425	81.9555	82.6617	83.3483
586	Pakistan	67.1048	68.2974	68.982	69.6706	70.3498	71.0054	71.6512	72.2873	72.9524	73.6393	74.3246	75.0058	75.7095	76.4047	77.1108	77.8396
144	Sri Lanka	77.2891	78.3556	79.2131	80.0711	80.9203	81.7339	82.5059	83.2576	83.973	84.6601	85.3361	85.9904	86.6237	87.2343	87.8291	88.4288
920	South-Eastern Asia	71.5628	72.9377	73.7165	74.4624	75.1773	75.8668	76.5385	77.1957	77.8573	78.5171	79.1857	79.8477	80.5093	81.1679	81.8198	82.4719
96	Brunei Darussalam	74.8018	76.1177	76.9251	77.7571	78.5436	79.3126	80.0857	80.847	81.5955	82.3299	83.0608	83.7628	84.4548	85.1386	85.7691	86.3656
116	Cambodia	70.4364	71.4306	72.1719	72.8698	73.5507	74.2312	74.893	75.566	76.2398	76.9017	77.5684	78.2352	78.8958	79.5468	80.1957	80.8409
360	Indonesia	70.173	71.8589	72.555	73.2466	73.9455	74.6457	75.3338	76.0153	76.7058	77.4039	78.1173	78.8204	79.5177	80.2031	80.8736	81.5488
418	Lao People's Democratic Republic	68.7806	70.1106	71.1934	72.1871	73.0759	73.9055	74.6762	75.4182	76.1555	76.8891	77.5925	78.2843	78.99	79.6603	80.34	81.0032
458	Malaysia	75.9531	77.5052	78.3336	79.1642	79.9971	80.8011	81.5956	82.3713	83.1098	83.8148	84.4934	85.1505	85.7815	86.3951	86.9986	87.5929
104	Myanmar	66.6445	67.8502	68.7947	69.6588	70.4866	71.2588	72.0352	72.7796	73.5169	74.2622	75.0152	75.7858	76.5202	77.2596	77.9757	78.6968
608	Philippines	69.2035	70.4303	71.0434	71.6658	72.2993	72.946	73.6076	74.2658	74.9571	75.6531	76.3692	77.0724	77.7968	78.5292	79.2708	79.9873
702	Singapore	83.6557	84.4337	85.0712	85.6916	86.2693	86.847	87.4176	87.9772	88.5423	89.1051	89.645	90.1838	90.7125	91.2411	91.8037	92.3806
764	Thailand	76.6307	77.4299	78.4713	79.4742	80.4191	81.3209	82.1444	82.917	83.6527	84.3472	85.0127	85.6683	86.2992	86.915	87.5232	88.1125
626	Timor-Leste	67.4235	68.6623	69.6157	70.4861	71.305	72.073	72.805	73.5094	74.1841	74.8393	75.5103	76.155	76.7927	77.4444	78.082	78.7234
704	Viet Nam	74.6834	75.3649	76.1547	76.9551	77.7606	78.5578	79.3553	80.1379	80.8974	81.6288	82.3548	83.0702	83.7788	84.455	85.1009	85.7576
922	Western Asia	75.006	76.5696	77.3548	78.059	78.7274	79.3666	79.9756	80.5587	81.119	81.6685	82.2057	82.7246	83.2278	83.7441	84.259	84.7588
51	Armenia	74.1451	76.4554	77.2656	78.0357	78.8077	79.5782	80.346	81.0882	81.7941	82.4693	83.1195	83.7484	84.3899	85.0143	85.631	86.2403
31	Azerbaijan	73.3275	75.204	75.9679	76.7286	77.4896	78.2485	78.9981	79.7471	80.4934	81.2221	81.9308	82.6404	83.3213	83.9848	84.6273	85.2595
48	Bahrain	80.4275	82.0405	82.8372	83.6189	84.3377	84.9952	85.5894	86.1592	86.7184	87.2726	87.7958	88.3004	88.802	89.3199	89.8297	90.3026
196	Cyprus	81.2699	82.4987	83.313	84.069	84.771	85.4396	86.0956	86.7051	87.2977	87.8704	88.4193	88.9579	89.5047	90.0633	90.596	91.1425
268	Georgia	73.7887	75.2452	76.0548	76.8305	77.6059	78.4007	79.1809	79.9204	80.6435	81.3288	81.9933	82.6371	83.2931	83.9219	84.5551	85.1517
368	Iraq	71.7972	72.8722	73.4016	73.9333	74.4904	75.053	75.6567	76.2673	76.8824	77.4995	78.1373	78.7797	79.4104	80.0611	80.6927	81.3078
376	Israel	82.6949	83.1827	83.9116	84.5612	85.1871	85.8014	86.4065	86.998	87.5631	88.1242	88.6727	89.2136	89.742	90.2757	90.8171	91.3459
400	Jordan	76.847	78.6532	79.4588	80.2764	81.0792	81.8593	82.6092	83.3422	84.0575	84.7367	85.3865	86.0098	86.6275	87.2258	87.7979	88.3686
414	Kuwait	79.1757	81.2048	82.1436	83.0414	83.8422	84.5719	85.2509	85.8988	86.5245	87.1062	87.7038	88.2903	88.8455	89.3879	89.8932	90.3877
422	Lebanon	76.8776	78.4977	79.1943	79.9087	80.6158	81.3083	81.9764	82.6411	83.281	83.8996	84.5249	85.1236	85.6947	86.2495	86.7901	87.3348
512	Oman	78.7249	80.991	81.9659	82.9203	83.7965	84.6027	85.3187	85.9819	86.5992	87.1561	87.6844	88.2063	88.7145	89.2185	89.719	90.2125
634	Qatar	81.9527	82.9287	83.666	84.432	85.1299	85.6828	86.2282	86.7388	87.1784	87.5796	88.0381	88.5599	89.0926	89.6717	90.2239	90.7267
682	Saudi Arabia	78.1897	79.7584	80.8312	81.8594	82.8184	83.6849	84.4846	85.2408	85.9539	86.6347	87.2747	87.877	88.4672	89.0441	89.5916	90.1252
275	State of Palestine	71.4131	77.319	78.5959	79.4041	80.1975	80.9889	81.7475	82.4593	83.1655	83.8274	84.4588	85.0801	85.6656	86.2468	86.7993	87.3247
760	Syrian Arab Republic	72.6117	73.7411	74.5179	75.269	76.0185	76.7409	77.4552	78.1663	78.8833	79.6093	80.3303	81.0493	81.7359	82.389	83.0404	83.6813
792	Türkiye	77.0884	78.7005	79.6585	80.5208	81.3504	82.1527	82.8994	83.6049	84.2606	84.9	85.521	86.1165	86.6871	87.2511	87.8115	88.3426
784	United Arab Emirates	81.7223	83.5834	84.3358	85.0232	85.7834	86.3652	86.807	87.3198	87.8025	88.4308	89.0661	89.52	89.9506	90.4291	90.903	91.3697
887	Yemen	68.2005	70.0126	70.68	71.2998	71.9058	72.522	73.1341	73.7144	74.2942	74.8946	75.5111	76.1266	76.7329	77.3679	78.0067	78.6101
908	Europe	78.433	79.8877	80.6747	81.4565	82.2276	82.9537	83.6336	84.2789	84.916	85.5666	86.2228	86.8626	87.4662	88.0434	88.6103	89.1725
923	Eastern Europe	73.7167	75.5521	76.3887	77.2322	78.0689	78.8844	79.6666	80.4134	81.1298	81.8277	82.5086	83.1736	83.8103	84.4371	85.0411	85.6191
112	Belarus	73.8045	75.2505	76.1027	76.9441	77.7751	78.587	79.3775	80.1559	80.9061	81.644	82.3331	83.0038	83.6665	84.3175	84.9561	85.5594
100	Bulgaria	74.2122	76.3591	77.1442	77.9302	78.7193	79.4923	80.2501	81.0043	81.7193	82.4167	83.0914	83.7587	84.3943	85.0229	85.6257	86.215
203	Czechia	79.0831	80.5025	81.2028	81.8921	82.5855	83.2513	83.9008	84.5349	85.1333	85.7219	86.3249	86.9102	87.495	88.0754	88.6378	89.1849
348	Hungary	76.2048	77.7545	78.5311	79.3164	80.0977	80.8977	81.6771	82.4104	83.1271	83.8216	84.5229	85.2007	85.8522	86.4819	87.1114	87.7236
616	Poland	77.7824	79.4509	80.3096	81.1197	81.9025	82.6566	83.3782	84.0484	84.6829	85.2844	85.8827	86.4874	87.0651	87.6196	88.1804	88.7282
498	Republic of Moldova	70.7322	71.8021	72.4947	73.1868	73.9068	74.6325	75.3421	76.0558	76.758	77.4498	78.1652	78.8768	79.5871	80.2673	80.9138	81.5831
642	Romania	74.9785	76.6347	77.4007	78.1654	78.9353	79.7094	80.4817	81.239	81.9657	82.689	83.394	84.0742	84.7298	85.3773	86.0135	86.6229
643	Russian Federation	72.174	73.9981	74.889	75.7858	76.6659	77.5239	78.3558	79.167	79.9479	80.6967	81.4075	82.1018	82.7737	83.4468	84.0864	84.6827
703	Slovakia	77.2223	79.1089	79.937	80.727	81.5002	82.2678	83.0061	83.6996	84.3572	84.9769	85.5656	86.1553	86.7637	87.3686	87.9389	88.5021
804	Ukraine	72.9797	75.2905	76.0506	76.8468	77.6392	78.4117	79.174	79.9251	80.6486	81.3492	82.047	82.7225	83.3803	84.0311	84.647	85.2432
924	Northern Europe	81.2363	82.1423	82.8883	83.5933	84.2758	84.9216	85.5544	86.162	86.755	87.3297	87.8953	88.448	88.9902	89.5208	90.0654	90.5981
208	Denmark	81.7845	82.6578	83.3694	84.057	84.6996	85.3158	85.9098	86.5048	87.079	87.6469	88.201	88.7581	89.294	89.8186	90.3571	90.8852
233	Estonia	78.6781	79.8833	80.6857	81.483	82.2244	82.9016	83.5727	84.2248	84.8516	85.4636	86.0565	86.6563	87.2645	87.8655	88.4359	88.9913
234	Faroe Islands	80.7266	81.9107	82.7929	83.6269	84.4982	85.2435	85.9626	86.5573	87.2207	87.9134	88.5227	89.1539	89.8438	90.5043	91.1027	91.6314
246	Finland	81.8685	82.6832	83.4298	84.1103	84.7495	85.3697	85.9684	86.5684	87.1849	87.747	88.3029	88.8538	89.4073	89.9485	90.5015	91.0357
831	Guernsey	83.7586	84.6393	85.3552	85.8867	86.4404	86.9349	87.5	87.9456	88.4468	88.9485	89.4409	89.9118	90.4318	91.0402	91.6141	92.2196
352	Iceland	82.7187	83.6929	84.3571	84.9584	85.5861	86.1734	86.7455	87.3068	87.844	88.4271	89.0412	89.6199	90.2023	90.78	91.3469	91.8936
372	Ireland	82.3802	83.2347	83.9887	84.6884	85.3397	85.9521	86.5585	87.1607	87.7339	88.2876	88.8345	89.3833	89.9261	90.4783	91.0047	91.5175
833	Isle of Man	81.989	82.7419	83.438	84.3348	84.9838	85.5628	86.1341	86.7071	87.3221	87.9339	88.5216	89.0882	89.5552	90.0106	90.447	90.971
832	Jersey	80.3406	81.0767	81.8863	82.6324	83.3006	84.0318	84.7347	85.3177	85.9664	86.6164	87.2006	87.7791	88.4634	89.056	89.5597	90.093
428	Latvia	75.2815	76.8401	77.5877	78.3353	79.0926	79.8443	80.5859	81.2948	82.0295	82.7054	83.3377	83.9712	84.5693	85.1843	85.7753	86.3549
440	Lithuania	75.3856	76.7091	77.4808	78.2504	79.0269	79.7989	80.5557	81.3295	82.0425	82.7501	83.4318	84.0712	84.6757	85.2835	85.9056	86.5077
578	Norway	83.2449	84.0245	84.6889	85.3122	85.9179	86.4977	87.0679	87.6139	88.1432	88.6749	89.2061	89.7275	90.2483	90.7817	91.3253	91.8546
752	Sweden	83.2057	83.9869	84.6397	85.2683	85.8978	86.4943	87.0572	87.6209	88.1735	88.7294	89.2965	89.833	90.3481	90.8932	91.4319	91.9604
826	United Kingdom	81.1585	82.0181	82.7586	83.4593	84.1425	84.7833	85.4148	86.0149	86.5965	87.1565	87.7098	88.2522	88.7868	89.299	89.8333	90.3583
925	Southern Europe	81.9448	83.3038	84.0413	84.7424	85.4347	86.0882	86.7068	87.29	87.8415	88.3995	88.9739	89.554	90.1341	90.7053	91.2671	91.8083
8	Albania	78.7631	80.44	81.3084	82.1563	82.9627	83.7124	84.4381	85.1094	85.777	86.4385	87.0371	87.6051	88.1675	88.7184	89.2522	89.7927
20	Andorra	83.8013	85.3431	86.0062	86.5652	87.0897	87.5862	88.2786	89.0572	89.6404	90.2125	90.7457	91.3231	91.7428	92.2989	92.8116	93.367
70	Bosnia and Herzegovina	76.7761	78.7024	79.5911	80.4471	81.254	82.0637	82.8476	83.5802	84.2596	84.9329	85.5402	86.1615	86.7973	87.4001	87.9942	88.5649
191	Croatia	78.1896	79.3523	80.1844	80.9723	81.7588	82.5179	83.2402	83.9236	84.5897	85.2082	85.8106	86.4027	86.9961	87.5798	88.1531	88.7255
292	Gibraltar	84.4656	85.6619	86.3204	86.8992	87.3078	87.7718	88.263	88.8182	89.2944	89.8995	90.5361	91.0597	91.4547	91.876	92.5532	93.098
300	Greece	81.2017	82.6722	83.4938	84.2231	84.8975	85.531	86.1427	86.7391	87.3264	87.891	88.4384	88.9944	89.535	90.0763	90.6217	91.1422
380	Italy	83.1341	84.4098	85.0828	85.7257	86.3579	86.9571	87.5435	88.1044	88.6386	89.1833	89.7568	90.3212	90.8858	91.4211	91.9672	92.5003
412	Kosovo (under UNSC res. 1244)	76.9499	78.9248	79.7985	80.6791	81.5184	82.3115	83.0667	83.7759	84.4482	85.0956	85.7128	86.3213	86.9131	87.444	87.9669	88.4734
470	Malta	83.0137	84.1073	84.8213	85.4699	86.0632	86.6868	87.3	87.8749	88.44	89.0387	89.5799	90.0907	90.6366	91.1486	91.716	92.2766
499	Montenegro	76.1733	77.8599	78.6996	79.5542	80.3903	81.2206	82.0475	82.7416	83.4751	84.1671	84.7831	85.3914	86.0298	86.6606	87.202	87.7609
807	North Macedonia	76.1239	78.0576	78.7344	79.4434	80.1489	80.8773	81.6082	82.2974	82.9874	83.6546	84.3171	84.9326	85.53	86.1414	86.7126	87.2882
620	Portugal	81.9514	83.1665	83.9179	84.6047	85.2618	85.8903	86.4902	87.0731	87.6427	88.2109	88.7747	89.3576	89.9327	90.4935	91.0426	91.6029
674	San Marino	85.8247	87.0668	87.628	88.3193	88.9519	89.5069	90.1163	90.6518	91.0752	91.5014	91.9917	92.4738	93.0473	93.5873	94.0674	94.5753
688	Serbia	75.4613	77.6143	78.5195	79.3972	80.2523	81.0978	81.913	82.6886	83.4214	84.121	84.7976	85.4582	86.1182	86.7629	87.3946	88.0048
705	Slovenia	81.1975	82.3832	83.1414	83.8576	84.5145	85.1319	85.7396	86.3254	86.917	87.4852	88.048	88.6367	89.2255	89.795	90.3568	90.8821
724	Spain	83.2203	84.337	85.0095	85.6371	86.2741	86.8837	87.4855	88.0849	88.6477	89.214	89.7868	90.3616	90.9284	91.5094	92.0686	92.6045
926	Western Europe	81.9764	82.9152	83.646	84.3377	84.9817	85.5822	86.175	86.7665	87.3543	87.9392	88.5035	89.0447	89.586	90.1469	90.7168	91.2723
40	Austria	81.8843	82.7491	83.5395	84.2657	84.9461	85.5807	86.1889	86.7752	87.3675	87.9541	88.535	89.0858	89.6292	90.1821	90.7221	91.2842
56	Belgium	81.8035	82.8598	83.6124	84.3035	84.9597	85.5804	86.1812	86.7647	87.3399	87.9017	88.4656	89.0021	89.5489	90.1047	90.6398	91.1767
250	France	82.9264	83.9345	84.5421	85.1429	85.7307	86.3082	86.8916	87.4636	88.0281	88.5948	89.17	89.7115	90.2577	90.8083	91.3576	91.8949
276	Germany	81.2181	82.1097	82.885	83.6065	84.2772	84.8981	85.5007	86.1006	86.6863	87.2742	87.8358	88.3878	88.9204	89.465	90.0136	90.5471
438	Liechtenstein	84.2686	85.1539	85.7943	86.4779	87.0751	87.5824	88.1714	88.7519	89.2836	90.0028	90.707	91.3267	91.8809	92.391	92.9332	93.4157
442	Luxembourg	82.2146	82.9996	83.6766	84.3419	84.9785	85.5566	86.108	86.6565	87.2059	87.7318	88.2612	88.7743	89.3193	89.869	90.4516	91.0018
492	Monaco	86.6719	87.5622	88.1495	88.9059	89.5336	90.0477	90.6813	91.2816	91.7936	92.2656	92.7035	93.2408	93.6726	94.175	94.669	95.1761
528	Netherlands	81.9891	82.8773	83.5923	84.2862	84.9451	85.5741	86.1934	86.7733	87.3585	87.9529	88.5267	89.0661	89.6099	90.1513	90.7088	91.2688
756	Switzerland	83.7693	84.6258	85.2696	85.8816	86.4723	87.054	87.6273	88.1854	88.7372	89.2887	89.8286	90.3705	90.9079	91.4611	92.0241	92.5734
5505	Americas	76.2449	78.0866	78.8848	79.6445	80.3676	81.0691	81.7495	82.4226	83.0847	83.7275	84.3472	84.9539	85.5485	86.1452	86.7307	87.2918
904	Latin America and the Caribbean	74.5596	76.5297	77.362	78.1706	78.959	79.722	80.4636	81.1831	81.8737	82.5382	83.1777	83.8005	84.3976	84.9738	85.5351	86.084
915	Caribbean	72.3581	73.8119	74.4942	75.1214	75.6929	76.2239	76.7017	77.1605	77.6119	78.0956	78.599	79.099	79.5941	80.0856	80.5736	81.0535
660	Anguilla	80.7845	81.9457	82.9781	83.8823	84.4152	85.3414	85.9737	86.4942	87.0022	87.5359	87.9913	88.8026	89.639	90.1912	90.7297	91.2219
28	Antigua and Barbuda	78.0166	78.782	79.6441	80.5779	81.2525	82.1016	83.0836	83.9633	84.5709	85.1647	85.7925	86.4329	87.0218	87.6609	88.363	88.939
533	Aruba	76.1487	77.394	78.0523	78.9991	79.6602	80.3666	81.2393	81.9789	82.6479	83.3295	84.0274	84.5877	85.1885	85.7489	86.3184	86.9108
44	Bahamas	73.6734	75.2872	76.0833	76.8342	77.6139	78.3819	79.1483	79.9242	80.632	81.3433	82.0309	82.6734	83.3111	83.9476	84.5416	85.1567
52	Barbados	76.3603	77.0121	77.7751	78.558	79.332	80.0938	80.845	81.5588	82.2977	82.9728	83.7542	84.448	85.0733	85.7177	86.3363	86.8941
535	Bonaire, Sint Eustatius and Saba	79.2183	79.4738	80.1499	80.8374	81.4801	82.2705	82.9432	83.5317	84.1395	85.2503	86.0516	86.56	87.1561	87.6427	88.2262	88.7853
92	British Virgin Islands	77.8286	79.0003	79.7757	80.6091	81.3334	82.0325	82.5967	83.2218	84.0862	85.1631	85.9102	86.5094	87.0708	87.648	88.2257	88.7867
136	Cayman Islands	80.6427	81.8698	82.5548	83.4	84.0681	84.8176	85.5123	86.1329	86.7761	87.4489	88.0367	88.6204	89.137	89.7056	90.2523	90.8058
192	Cuba	76.8784	78.9204	79.7786	80.6183	81.422	82.1983	82.9317	83.647	84.3252	84.9935	85.6338	86.2458	86.8415	87.4333	88.0031	88.5346
531	Curaçao	76.8808	77.9772	78.8096	79.6089	80.3118	81.017	81.8162	82.4871	83.167	83.816	84.4303	85.0339	85.5918	86.1702	86.742	87.2754
212	Dominica	71.2498	72.224	72.8886	73.7807	74.9591	75.9261	76.6824	77.5577	78.1925	79.008	79.6785	80.2628	81.0943	81.8553	82.4992	83.0868
214	Dominican Republic	73.4239	74.3778	75.0149	75.6562	76.307	76.9566	77.6042	78.2486	78.8897	79.5332	80.1708	80.808	81.4202	82.0126	82.593	83.17
308	Grenada	75.4672	76.185	76.964	77.7884	78.7229	79.5294	80.1954	80.9377	81.6135	82.2032	83.0515	83.8022	84.5475	85.1607	85.7137	86.2518
312	Guadeloupe	80.9329	82.8739	83.5988	84.2389	84.8432	85.4034	85.983	86.5459	87.1771	87.7923	88.3047	88.8058	89.3027	89.7428	90.1863	90.6453
332	Haiti	64.2562	65.7327	66.5197	67.2571	67.9713	68.664	69.3184	69.9524	70.554	71.1698	71.7994	72.4224	73.0559	73.6935	74.3342	74.9703
388	Jamaica	71.0535	72.0842	72.7391	73.3945	74.0322	74.6761	75.3317	76.0012	76.6609	77.3258	77.989	78.6643	79.3359	79.99	80.6625	81.337
474	Martinique	80.9295	83.4028	84.1685	84.8311	85.4182	86.0638	86.5768	87.1266	87.667	88.2194	88.7204	89.2027	89.6742	90.2213	90.7153	91.1861
500	Montserrat	79.8873	80.6928	82.1048	82.1589	83.9479	84.4758	85.2167	85.3904	86.0779	87.1832	87.8064	89.3392	89.6365	88.6702	90.012	90.6935
630	Puerto Rico	80.8031	82.5435	83.2982	83.9796	84.6105	85.2322	85.8205	86.4291	87.0042	87.5946	88.1582	88.7195	89.2781	89.8084	90.3166	90.8254
652	Saint Barthélemy	86.8308	87.3238	87.2853	88.0375	88.4706	88.9281	89.3195	89.8452	90.315	90.725	91.12	91.5605	92.0154	92.3792	92.9794	93.7413
659	Saint Kitts and Nevis	71.6696	73.4115	74.225	75.1846	76.1506	76.9	77.5461	78.2618	78.9148	79.7656	80.5546	81.4196	82.1299	82.7622	83.4269	84.0403
662	Saint Lucia	72.043	73.506	74.3374	75.2776	76.0973	76.7983	77.4822	78.2076	78.8584	79.5616	80.4489	81.2323	81.93	82.5839	83.2653	83.9839
663	Saint Martin (French part)	81.0186	82.3233	83.3044	84.1196	84.8095	85.7181	86.7308	87.7437	88.7016	89.1784	89.3873	89.9856	89.9973	90.6449	90.9411	91.4609
670	Saint Vincent and the Grenadines	70.9007	72.2457	72.9492	73.559	74.1562	74.8378	75.6947	76.4003	77.0394	77.8046	78.702	79.3585	79.9843	80.6493	81.6747	82.3002
534	Sint Maarten (Dutch part)	77.1606	78.2005	79.0064	79.7596	80.5744	81.1288	81.834	82.5162	83.2361	83.854	84.417	84.9331	85.4592	86.01	86.9124	87.6218
780	Trinidad and Tobago	73.0143	74.1577	74.8243	75.5042	76.1888	76.8984	77.6345	78.3797	79.0908	79.7897	80.5099	81.2158	81.9156	82.5921	83.2391	83.8852
796	Turks and Caicos Islands	78.7993	79.6199	80.482	81.2331	81.936	82.7138	83.4344	84.1188	85.2135	85.8115	86.3677	87.0853	87.6747	88.2951	88.8381	89.3755
850	United States Virgin Islands	75.542	76.6771	77.7391	78.7941	80.1922	81.2074	81.8816	82.6049	83.3813	84.0903	84.6911	85.272	85.8999	86.4323	87.1502	87.7015
916	Central America	73.3869	75.8373	76.7132	77.5642	78.4042	79.2052	79.9925	80.7534	81.4872	82.1864	82.8608	83.5243	84.1646	84.775	85.3757	85.9582
84	Belize	72.6852	74.4017	75.2381	76.0442	76.8361	77.693	78.4972	79.3133	80.1159	80.8844	81.6659	82.415	83.1587	83.8489	84.5348	85.1765
188	Costa Rica	79.995	81.7517	82.6575	83.4989	84.2554	84.9724	85.6512	86.3143	86.9334	87.5318	88.1159	88.6868	89.2515	89.7942	90.35	90.8901
222	El Salvador	71.5339	73.0846	74.1218	75.1466	76.1257	77.0689	77.9899	78.8932	79.7702	80.6151	81.4039	82.1724	82.9196	83.6375	84.3231	84.9901
320	Guatemala	71.1369	73.3441	74.0799	74.7962	75.4857	76.1647	76.8624	77.5623	78.2475	78.9275	79.5922	80.2564	80.9073	81.5338	82.1649	82.7812
340	Honduras	72.0793	73.7252	74.5438	75.3504	76.1555	76.9582	77.7642	78.5404	79.3163	80.0989	80.851	81.5755	82.3085	83.0041	83.6709	84.3262
484	Mexico	73.3398	75.9717	76.8718	77.7477	78.6222	79.4589	80.2897	81.0978	81.8779	82.6121	83.3186	84.0132	84.6748	85.2976	85.9063	86.4941
558	Nicaragua	73.5295	75.7459	76.5474	77.3224	78.0997	78.8691	79.6244	80.3561	81.0874	81.7954	82.4812	83.136	83.7573	84.3704	84.9784	85.5708
591	Panama	78.85	80.5106	81.4102	82.2626	83.0569	83.8022	84.4939	85.1578	85.7972	86.4108	87.0138	87.6078	88.1772	88.7511	89.3195	89.8768
931	South America	75.2023	77.0522	77.8893	78.7059	79.5024	80.2783	81.0305	81.7621	82.4629	83.1357	83.7783	84.4001	84.9923	85.5664	86.1212	86.6649
32	Argentina	76.2966	78.0887	78.8324	79.5871	80.3399	81.0788	81.7991	82.5057	83.1863	83.8502	84.5016	85.1348	85.735	86.3294	86.9071	87.4651
68	Bolivia (Plurinational State of)	66.1219	69.3454	70.1107	70.8389	71.5607	72.2616	72.9731	73.6852	74.3904	75.1118	75.8158	76.5251	77.22	77.9149	78.6172	79.2999
76	Brazil	75.0721	76.701	77.5456	78.3659	79.1651	79.9482	80.714	81.4645	82.1793	82.865	83.5131	84.1516	84.7629	85.3666	85.949	86.5154
152	Chile	80.2558	82.0543	82.9166	83.7271	84.4906	85.2149	85.8889	86.5353	87.1448	87.7364	88.3066	88.84	89.3826	89.9243	90.4541	90.9809
170	Colombia	76.2959	78.648	79.5513	80.4313	81.2789	82.0944	82.8696	83.6224	84.3509	85.0349	85.685	86.3032	86.9126	87.4973	88.0505	88.5962
218	Ecuador	75.821	78.2834	79.1565	79.9931	80.8066	81.5904	82.3525	83.0682	83.7465	84.3928	85.0085	85.5977	86.1632	86.7207	87.2729	87.7889
238	Falkland Islands (Malvinas)	91.3695	91.5566	89.3097	86.8419	86.1238	88.0808	87.4455	88.7943	89.8627	89.8779	90.4293	92.0949	92.9407	94.5941	95.4508	93.6836
254	French Guiana	76.4819	77.9068	78.8182	79.6807	80.5405	81.36	82.1387	82.8555	83.5608	84.2743	84.9422	85.5704	86.1949	86.774	87.36	87.9517
328	Guyana	68.5989	70.8032	71.4745	72.1432	72.8005	73.4466	74.0977	74.7472	75.4257	76.1251	76.8038	77.4445	78.1124	78.7652	79.4499	80.1026
600	Paraguay	72.2263	74.5023	75.1723	75.8561	76.5452	77.2202	77.9366	78.6635	79.3803	80.081	80.7565	81.4129	82.0585	82.7026	83.34	83.951
604	Peru	75.8169	78.6494	79.5446	80.3937	81.2004	81.9899	82.7548	83.4732	84.1599	84.8001	85.4202	85.9953	86.5436	87.0665	87.5927	88.101
740	Suriname	72.5062	74.3199	75.0407	75.7778	76.4863	77.207	77.9371	78.68	79.4049	80.1644	80.9041	81.6402	82.3156	82.9739	83.6301	84.2861
858	Uruguay	77.332	78.8912	79.7055	80.5161	81.3	82.0263	82.7197	83.3944	84.033	84.6615	85.2787	85.8964	86.4718	87.0475	87.6102	88.1904
862	Venezuela (Bolivarian Republic of)	72.398	73.2774	74.1013	74.9152	75.7266	76.5369	77.3253	78.1136	78.8894	79.6502	80.4069	81.1523	81.8727	82.5646	83.221	83.8536
905	Northern America	78.7197	80.3844	81.1271	81.8517	82.5471	83.2456	83.9169	84.5755	85.2197	85.8299	86.4117	86.9823	87.544	88.1159	88.6761	89.2083
60	Bermuda	82.9613	83.8063	84.5344	85.3483	85.8839	86.4084	86.9261	87.5352	88.2059	88.7583	89.331	89.9952	90.5913	91.1169	91.7191	92.2672
124	Canada	82.2416	83.3624	84.0883	84.7532	85.3829	85.9785	86.5583	87.1559	87.7377	88.2882	88.8294	89.3639	89.8926	90.4197	90.9717	91.5115
304	Greenland	70.1054	70.9681	71.775	72.6996	73.5626	73.9723	74.3742	74.9426	75.5712	76.0562	76.8155	77.7201	78.5642	79.3992	80.2134	81.0412
666	Saint Pierre and Miquelon	80.2433	81.2764	82.3997	83.1519	83.4851	83.9686	85.4772	86.65	87.5641	87.9372	89.3889	89.2201	88.6083	89.1642	91.4772	92.5738
840	United States of America	78.3273	80.0438	80.7853	81.5141	82.2141	82.9211	83.6001	84.2648	84.916	85.5325	86.1172	86.6901	87.2536	87.8289	88.3904	88.9228
909	Oceania	78.8861	79.8072	80.3065	80.7581	81.1863	81.5997	82.0076	82.4287	82.866	83.3141	83.7585	84.224	84.7025	85.2105	85.7611	86.3074
927	Australia/New Zealand	83.4339	84.3244	84.9771	85.5884	86.1794	86.7534	87.3142	87.8679	88.4341	88.9901	89.5143	90.0521	90.5772	91.096	91.6474	92.186
36	Australia	83.6988	84.6266	85.2654	85.8644	86.4465	87.013	87.5656	88.1137	88.6764	89.2263	89.7452	90.2851	90.8137	91.3275	91.879	92.4179
554	New Zealand	82.0776	82.8142	83.5148	84.1771	84.8061	85.401	85.983	86.5312	87.085	87.6442	88.1855	88.707	89.1976	89.7214	90.2527	90.7603
928	Melanesia	66.4069	67.5682	68.2086	68.8097	69.364	69.8993	70.4228	70.9537	71.4808	72.0261	72.5868	73.1453	73.7135	74.3081	74.9138	75.5081
242	Fiji	66.816	68.0215	68.7049	69.3741	70.025	70.6481	71.2752	71.8806	72.4631	73.0778	73.6877	74.2955	74.9405	75.5969	76.2288	76.8601
540	New Caledonia	78.1816	79.617	80.4022	81.1617	81.8934	82.6653	83.3659	84.051	84.6924	85.2748	85.8642	86.4574	87.0429	87.575	88.1268	88.7049
598	Papua New Guinea	65.6262	66.769	67.3737	67.9501	68.4868	69.0121	69.5236	70.0439	70.558	71.0901	71.635	72.1749	72.7233	73.3042	73.8991	74.4827
90	Solomon Islands	70.1704	71.2626	71.9637	72.6444	73.2865	73.9306	74.5662	75.2216	75.8601	76.5115	77.1809	77.8497	78.5203	79.1726	79.8124	80.452
548	Vanuatu	71.1876	72.3667	73.1713	73.9596	74.7603	75.5176	76.2701	77.047	77.8136	78.5658	79.2701	79.9753	80.6838	81.3428	82.0243	82.7147
954	Micronesia	71.0337	72.2492	72.9981	73.6634	74.2519	74.7712	75.2253	75.6969	76.1802	76.7254	77.2748	77.8544	78.4383	79.0158	79.5908	80.1549
316	Guam	76.962	78.2634	79.1029	79.9841	81.0051	81.8772	82.6075	83.3092	83.9852	84.6585	85.3224	85.9346	86.5044	87.0921	87.676	88.3511
296	Kiribati	65.9363	67.126	67.6442	68.2596	68.8171	69.3433	69.9142	70.4864	71.0857	71.6085	72.11	72.6357	73.1308	73.6793	74.1893	74.8325
584	Marshall Islands	66.6324	68.456	69.297	70.5439	71.607	71.8492	72.9421	73.6462	74.4816	75.1981	75.3903	75.7514	75.9403	76.4811	76.5836	77.3252
583	Micronesia (Fed. States of)	66.8228	67.684	68.5765	69.1799	69.8378	70.5929	71.2473	71.9245	72.5593	73.2343	74.0444	74.7577	75.4702	76.1371	76.754	77.3747
520	Nauru	64.8922	65.4051	65.6899	67.8125	67.9191	67.6054	67.8758	69.2384	69.8708	70.4107	70.288	70.8487	71.2633	72.1611	72.6632	73.1385
580	Northern Mariana Islands	79.7168	80.6305	81.3069	82.0188	82.7806	83.395	84.0148	84.2652	84.9384	85.4634	86.2838	87.1984	87.8745	88.3628	88.8368	89.2391
585	Palau	71.5537	72.1374	72.5373	73.3011	74.0127	74.5267	75.1138	75.1626	75.876	76.7582	77.5047	78.5853	79.3662	79.873	80.3796	80.9718
957	Polynesia	76.6815	78.1155	78.9709	79.7597	80.4939	81.172	81.8274	82.3877	82.8941	83.3326	83.7402	84.1318	84.4573	84.788	85.0884	85.3734
16	American Samoa	73.4584	73.8067	74.8236	75.8716	76.4065	76.7601	77.4329	78.3311	79.394	80.395	80.8884	81.3931	82.3227	82.9418	83.3013	84.0195
184	Cook Islands	77.3255	79.2357	80.1858	81.0935	81.8695	82.9063	84.1195	85.2539	86.4982	86.8528	86.9585	87.3299	87.8493	88.7072	89.3493	90.2961
258	French Polynesia	83.1856	84.9573	85.6228	86.1874	86.7249	87.2878	87.8715	88.407	88.9325	89.4544	89.9634	90.4835	91.0039	91.4877	91.9482	92.436
570	Niue	86.4212	86.112	82.6936	83.2963	86.7781	92.5089	94.8424	92.8853	95.0228	98.3577	99.3534	100.7572	98.4258	91.3988	90.1763	91.7933
882	Samoa	71.5278	72.276	72.8496	73.5228	74.184	74.7712	75.3973	76.0887	76.7994	77.5017	78.2229	78.8824	79.5568	80.1987	80.8503	81.5093
772	Tokelau	97.6687	97.778	100.9868	100.989	96.2607	92.0545	91.7349	92.9413	200.9542	90.2506	87.0656	88.2034	88.4752	89.8135	90.8045	91.1763
776	Tonga	72.6667	73.5014	74.3312	75.2295	76.0265	77.0989	77.9199	78.6762	79.2955	79.9182	80.5074	81.0655	81.5814	82.2197	82.9651	83.6137
798	Tuvalu	71.1038	72.973	74.1553	73.5094	73.678	74.7827	75.4058	74.4614	75.3354	76.5855	76.9983	78.0063	78.629	78.9581	79.4863	79.912
876	Wallis and Futuna Islands	103.444	81.3276	81.4541	82.3931	83.3046	84.323	85.7772	86.1907	87.0654	86.5108	86.5446	87.9818	88.4983	89.2187	90.0862	90.983
