country_code	country	2020-2025	2025-2030	2030-2035	2035-2040	2040-2045	2045-2050	2050-2055	2055-2060	2060-2065	2065-2070	2070-2075	2075-2080	2080-2085	2085-2090	2090-2095	2095-2100
900	World	72.6398	74.47	75.4519	76.2785	77.0132	77.6869	78.332	78.9474	79.4782	80.0259	80.566	81.0657	81.5257	81.9498	82.3809	82.8927
1834	Sub-Saharan Africa	61.5686	63.6253	64.8619	65.9222	66.906	67.8387	68.6759	69.5117	70.353	71.1643	71.9744	72.7757	73.4692	74.1774	74.8649	75.606
1833	Northern Africa and Western Asia	73.355	75.3812	76.4749	77.4064	78.2871	79.1163	79.8918	80.6775	81.3566	82.0771	82.7615	83.3732	83.9663	84.551	85.153	85.7776
1831	Central and Southern Asia	70.9639	73.9624	75.5258	76.8431	77.9906	79.0455	80.2388	81.2149	82.1412	83.0225	83.6738	84.2929	85.0028	85.67	86.269	86.878
1832	Eastern and South-Eastern Asia	76.9543	78.8089	80.0283	80.9966	81.8516	82.6191	83.3637	84.0916	84.7449	85.4536	86.1056	86.7815	87.367	87.9603	88.6172	89.2382
1830	Latin America and the Caribbean	74.6532	77.0789	78.1354	79.1696	80.1207	81.0103	81.8039	82.5598	83.2651	83.9624	84.6697	85.3217	85.9591	86.5999	87.2221	87.8713
1835	Oceania (excluding Australia and New Zealand)	67.391	69.78	71.1028	72.2053	73.0767	73.8575	74.6444	75.4194	76.2845	77.1752	77.9192	78.7992	79.4813	80.3534	81.0698	81.7969
1836	Australia/New Zealand	83.5531	85.2479	86.399	87.4171	88.3172	89.1637	89.9921	90.8157	91.5634	92.2975	92.8822	93.7196	94.4017	94.975	95.7214	96.4933
1829	Europe and Northern America	78.54	80.4318	81.4225	82.3635	83.2418	84.0031	84.7951	85.5328	86.26	86.9883	87.7267	88.425	89.1556	89.7961	90.4613	91.1631
5502	Europe, Northern America, Australia, and New Zealand	78.6517	80.51	81.4741	82.4011	83.2597	84.0469	84.8373	85.5672	86.3126	87.0499	87.7931	88.5062	89.1951	89.825	90.4865	91.1595
901	More developed regions	79.2683	81.0474	82.0045	82.8927	83.713	84.4659	85.2118	85.9414	86.6482	87.3802	88.0827	88.7557	89.4942	90.1155	90.7618	91.4785
902	Less developed regions	71.257	73.2246	74.3027	75.2162	76.0376	76.7429	77.4406	78.0717	78.624	79.2057	79.7474	80.2455	80.735	81.1428	81.5547	82.0283
941	Least developed countries	65.6633	67.6738	68.7856	69.7847	70.7176	71.6334	72.4786	73.295	74.0189	74.7232	75.4379	76.1197	76.7501	77.3909	78.0516	78.6721
934	Less developed regions, excluding least developed countries	72.5206	74.5628	75.6879	76.6362	77.4893	78.2708	79.004	79.6671	80.3164	80.9487	81.5695	82.1331	82.6611	83.1805	83.6665	84.1786
948	Less developed regions, excluding China	69.4667	71.5878	72.6525	73.5916	74.4497	75.2431	76.039	76.7536	77.412	78.0331	78.6031	79.1634	79.7137	80.1996	80.7402	81.2567
1636	Land-locked Developing Countries (LLDC)	65.7398	68.0447	69.2286	70.3039	71.2779	72.204	73.0333	73.8427	74.673	75.5162	76.2586	77.0238	77.7373	78.4788	79.1589	79.8615
2087	LLDC: Africa	63.7	66.217	67.592	68.7446	69.8332	70.8339	71.7825	72.7085	73.6711	74.6114	75.4625	76.2917	77.073	77.8325	78.5446	79.3047
2088	LLDC: Asia	69.9025	72.2299	73.4447	74.512	75.4034	76.2441	77.0741	77.8699	78.6717	79.45	80.2427	81.0128	81.7559	82.4812	83.1642	83.8807
2089	LLDC: Europe	72.9221	75.2688	76.5188	77.6913	78.7567	79.7612	80.7211	81.6721	82.5887	83.5031	84.381	85.2102	86.0004	86.6771	87.3574	88.0534
2090	LLDC: Latin America	68.7098	72.4245	73.7562	74.8754	75.9051	76.9786	77.9298	78.8877	79.7613	80.6762	81.5699	82.5347	83.4371	84.1675	84.9877	85.6878
1637	Small Island Developing States (SIDS)	72.133	74.0527	75.0441	75.8523	76.6065	77.1753	77.7876	78.3915	78.9518	79.4799	80.0298	80.5559	81.1452	81.6264	82.1731	82.7483
2091	SIDS Caribbean	72.5016	74.6702	75.7588	76.6681	77.5122	78.2751	78.9476	79.5827	80.2165	80.8503	81.5065	82.2525	83.0005	83.6798	84.3007	84.9521
2092	SIDS Pacific	67.3612	69.6229	70.8994	72.0217	72.9519	73.8137	74.6421	75.5069	76.3225	77.187	77.9395	78.752	79.4878	80.3506	81.1817	81.9526
2093	SIDS Atlantic, Indian Ocean and South China Sea (AIS)	75.9965	78.1388	79.422	80.4318	81.2575	81.9862	82.6644	83.3907	83.9964	84.553	85.1051	85.5627	86.113	86.6075	87.0765	87.7192
5503	High-and-upper-middle-income countries	77.4715	79.2898	80.2948	81.2065	82.0103	82.7688	83.4866	84.1633	84.8196	85.4613	86.1082	86.7508	87.3046	87.8931	88.4788	89.0472
5504	Low-and-Lower-middle-income countries	67.9601	70.183	71.3446	72.3607	73.2961	74.1145	74.937	75.6898	76.3929	77.0591	77.6883	78.2168	78.7415	79.2934	79.8138	80.3448
1503	High-income countries	80.9353	82.5227	83.458	84.2984	85.0396	85.7367	86.4475	87.1398	87.8185	88.5111	89.1798	89.8003	90.4424	91.0455	91.66	92.248
1859	Low-and-middle-income countries	70.9654	72.947	73.9942	74.9203	75.7239	76.4396	77.1222	77.7265	78.286	78.8667	79.4158	79.921	80.4177	80.8361	81.2822	81.7697
1517	Middle-income countries	71.9154	73.9608	75.0904	76.0587	76.9058	77.7053	78.4473	79.1061	79.7378	80.3696	80.9811	81.5278	82.0716	82.608	83.0566	83.5648
1502	Upper-middle-income countries	75.6927	77.818	79.0462	80.0885	81.0089	81.8236	82.6157	83.3635	84.0502	84.7585	85.4336	86.0789	86.6363	87.2029	87.7556	88.2826
1501	Lower-middle-income countries	68.9139	71.2859	72.5321	73.6301	74.6188	75.5186	76.4018	77.201	77.9891	78.7203	79.415	80.0283	80.5978	81.1751	81.6743	82.2357
1500	Low-income countries	64.2553	66.3719	67.4651	68.504	69.4246	70.2966	71.1105	71.9234	72.7253	73.4552	74.2069	74.9448	75.6626	76.3226	77.0883	77.7866
1518	No income group available	72.6528	74.8736	76.3029	77.4678	78.6022	79.7814	80.8116	81.8528	82.8055	83.6402	84.431	85.1814	85.8406	86.5843	87.2289	87.9728
903	Africa	63.2818	65.2522	66.4016	67.4421	68.3932	69.2849	70.089	70.9016	71.6927	72.407	73.1151	73.8755	74.5365	75.2299	75.9104	76.5676
910	Eastern Africa	65.1285	67.2369	68.5329	69.656	70.6994	71.7388	72.595	73.4937	74.4062	75.2725	76.1155	76.9518	77.7421	78.5058	79.3473	80.1546
108	Burundi	63.5063	66.3586	67.9539	69.3629	70.5773	71.7624	72.7368	73.7007	74.5189	75.3973	76.3501	77.5269	78.3727	79.2442	80.1268	81.0715
174	Comoros	66.7488	69.7705	71.5222	73.2251	74.6125	75.829	77.0884	78.2913	79.383	80.5331	81.4916	82.5335	83.4959	84.226	85.0475	85.8118
262	Djibouti	65.7286	68.867	70.7039	72.2318	73.6197	74.9883	76.219	77.3672	78.5334	79.6417	80.6829	81.6574	82.6027	83.565	84.3418	85.0813
232	Eritrea	68.4299	71.6497	73.6431	75.229	76.7965	78.2443	79.4455	80.6006	81.6536	82.7034	83.4512	84.3645	85.1406	86.0232	86.7283	87.4554
231	Ethiopia	67.1776	70.484	72.5734	74.3071	75.84	77.1914	78.3013	79.6497	80.7914	81.8781	82.8861	83.8256	84.6939	85.3564	86.0416	86.7855
404	Kenya	63.3758	66.4149	68.0242	69.4467	70.6514	71.8424	72.81	73.4989	74.3723	75.3615	76.2675	77.1091	78.1571	79.1794	80.182	81.005
450	Madagascar	63.6507	66.5303	68.2737	69.6	70.9261	72.1594	73.2761	74.4859	75.5313	76.3717	77.3547	78.2218	79.0201	79.9358	80.9075	81.8015
454	Malawi	66.8194	70.0844	71.7584	73.1651	74.517	75.6606	76.9627	77.9667	78.9973	80.0503	80.8943	81.8355	82.8137	83.7026	84.4293	85.159
480	Mauritius	74.5412	77.2184	78.6601	79.9953	81.2014	82.3372	83.505	84.4284	85.1421	85.9588	86.6861	87.5196	88.4595	89.3061	90.1632	90.9518
175	Mayotte	75.4438	78.3884	79.8967	81.3119	82.4763	83.5957	84.6191	85.5649	86.3938	87.18	88.0669	88.866	89.6156	90.2813	90.9413	91.7012
508	Mozambique	63.069	66.3825	68.1336	69.6156	70.8889	72.1925	73.3219	74.2973	75.1556	76.1619	77.1573	78.0356	78.8752	79.8097	80.772	81.6824
638	Réunion	82.892	85.363	86.5513	87.5157	88.4354	89.2766	90.1141	90.9912	91.7535	92.4968	93.3391	94.1109	94.8889	95.7073	96.3362	97.0078
646	Rwanda	67.9142	70.6923	72.5781	74.1992	75.6353	76.819	78.0096	78.9934	79.9373	81.0417	82.036	82.9619	83.8781	84.5997	85.3447	86.0126
690	Seychelles	72.6736	75.0739	76.5603	77.7674	78.9566	80.0477	81.2144	82.2512	83.1742	84.142	84.9153	85.632	86.4009	87.1715	87.8597	88.639
706	Somalia	57.5452	61.6423	63.2098	64.5053	65.7676	66.959	68.0555	69.0056	69.9549	70.8933	71.7556	72.6537	73.5967	74.5668	75.3012	76.1313
728	South Sudan	57.8605	60.3045	61.7605	63.0036	64.2705	65.2632	66.1502	67.0203	68.2307	69.0878	69.8718	70.6153	71.2368	71.8614	72.7622	73.6156
800	Uganda	68.0463	71.1763	73.0161	74.5805	76.0094	77.312	78.5925	79.9354	81.1274	82.1468	83.0425	83.9993	84.7847	85.5469	86.1172	86.7399
834	United Republic of Tanzania	67.2168	69.9267	71.7682	73.2252	74.507	75.7394	77.0447	78.1681	79.3002	80.4032	81.3993	82.5667	83.4929	84.1904	84.9974	85.7356
894	Zambia	65.4922	68.9924	70.6665	72.0909	73.3404	74.4849	75.6299	76.7642	77.8503	78.6741	79.8024	80.5561	81.2573	82.0843	83.1209	84.0611
716	Zimbabwe	62.5218	66.0201	68.1888	69.9921	71.6463	72.9052	74.201	75.4695	76.6896	77.8369	78.9244	79.8862	80.8664	81.9289	82.9417	83.8631
911	Middle Africa	61.0188	64.0104	65.4159	66.6309	67.73	68.8413	69.6686	70.4601	71.2911	72.1352	72.9947	73.8246	74.6197	75.4614	76.3006	77.0758
24	Angola	64.5143	67.4222	69.1969	70.576	71.7876	72.9028	73.8891	74.9844	76.0499	76.8753	77.7621	78.8607	79.7714	80.6302	81.4826	82.5481
120	Cameroon	63.2313	67.0057	69.1239	70.8577	72.419	73.8575	75.0663	76.3507	77.4655	78.5951	79.8019	80.8312	81.8465	82.8093	83.7657	84.356
140	Central African Republic	46.3103	60.77	63.145	65.2167	66.8343	68.2712	69.5275	70.996	72.1685	73.0724	74.0313	75.0971	76.1357	77.1209	78.3004	79.2801
148	Chad	54.9042	58.0758	59.8875	61.2493	62.5911	63.8672	64.999	65.9952	66.982	67.8291	68.524	69.3925	70.1945	70.9707	71.7977	72.5773
178	Congo	65.6288	68.7939	70.6312	72.0797	73.3766	74.4807	75.5295	76.5088	77.7322	78.8982	79.8736	80.8947	81.8369	82.7658	83.7021	84.3715
180	Democratic Republic of the Congo	61.6529	64.7194	66.3039	67.8429	69.2547	70.3836	71.3492	72.068	72.9951	73.8126	74.8901	75.7262	76.6098	77.4885	78.3904	79.262
226	Equatorial Guinea	63.6773	66.6243	68.4823	70.0864	71.6601	72.928	74.2231	75.3384	76.2737	77.353	78.4551	79.4805	80.4227	81.3447	82.0773	82.9342
266	Gabon	68.2344	70.9616	72.5292	74.0516	75.1996	76.4206	77.6682	78.683	79.6327	80.6351	81.501	82.4634	83.2581	84.061	84.8599	85.5022
678	Sao Tome and Principe	69.5133	72.3358	73.9062	75.4812	76.9118	77.9959	79.0819	80.085	81.1177	82.1903	83.0617	84.0081	84.7348	85.2997	85.9798	86.6647
912	Northern Africa	71.5843	73.8695	75.1424	76.2592	77.3217	78.3289	79.2516	80.177	80.9875	81.8112	82.6639	83.2904	83.9622	84.6454	85.3546	86.0499
12	Algeria	76.0824	78.6841	80.2869	81.5581	82.89	84.1057	85.125	85.9442	86.6837	87.5174	88.3496	89.1726	90.0784	90.9275	91.6868	92.4307
818	Egypt	71.1814	74.0578	75.6153	77.0121	78.2722	79.3605	80.5779	81.6829	82.6987	83.6597	84.6229	85.2696	85.9881	86.5895	87.1391	87.901
434	Libya	72.2714	76.9018	78.5693	79.8306	81.1866	82.3966	83.5499	84.4309	85.2239	85.97	86.7544	87.4424	88.1782	89.0976	89.9159	90.591
504	Morocco	75.0217	77.6668	79.1915	80.4709	81.6272	82.7473	83.6958	84.6452	85.3953	86.105	86.8161	87.4653	88.2841	89.0185	89.6406	90.4359
729	Sudan	66.1319	69.0765	70.7194	72.0191	73.3281	74.4752	75.52	76.6585	77.7563	78.966	80.0728	80.9122	81.8265	82.756	83.6236	84.1757
788	Tunisia	75.8737	78.8611	80.4308	81.7768	83.0977	84.2451	85.0876	85.9031	86.7257	87.5578	88.4763	89.2168	90.1515	90.9948	91.7967	92.5259
732	Western Sahara	71.5427	73.9376	75.5995	77.0744	78.3253	79.5281	80.6099	81.5528	82.5977	83.5228	84.498	85.2225	85.7393	86.341	86.8391	87.5065
913	Southern Africa	65.1967	68.4191	69.99	71.209	72.521	73.5767	74.6259	75.7398	76.6412	77.6264	78.735	79.7568	80.5424	81.3437	82.1874	83.0086
72	Botswana	68.1616	71.6218	73.1111	74.3399	75.4423	76.4487	77.4472	78.3844	79.2384	80.2877	81.1356	81.9837	82.8433	83.7245	84.4103	85.0814
748	Eswatini	62.7128	66.6295	68.1796	69.5192	70.6697	71.8113	72.9388	73.904	74.6483	75.4937	76.4781	77.5143	78.4444	79.3925	80.2241	81.0652
426	Lesotho	56.9757	61.4379	64.3534	66.8709	69.036	70.8566	72.4768	73.9249	75.2569	76.5511	77.8337	79.0583	80.2247	81.3728	82.4568	83.3809
516	Namibia	65.5845	69.9543	71.352	72.5534	73.6947	74.9912	75.9753	76.9842	77.9837	78.8576	79.8112	80.6265	81.503	82.4387	83.1809	83.6921
710	South Africa	65.499	68.8248	70.5081	71.7276	73.0357	74.2137	75.2686	76.3911	77.4421	78.5064	79.6387	80.7431	81.562	82.4155	83.3443	84.1077
914	Western Africa	58.1063	60.3878	61.8178	63.0028	64.1223	65.2216	66.1395	67.0549	68.0461	68.8352	69.6333	70.4843	71.1392	71.8317	72.614	73.2761
204	Benin	60.8662	63.7349	65.4088	66.7914	68.1882	69.3844	70.4901	71.5734	72.4751	73.2273	74.0615	74.8558	75.8447	76.8643	77.7479	78.5377
854	Burkina Faso	61.1905	63.9273	65.7519	67.3708	68.5563	69.7711	70.9042	71.9456	72.8195	73.7086	74.4623	75.3407	76.3397	77.2778	78.0548	78.9307
132	Cabo Verde	75.803	78.289	79.8423	81.1948	82.4044	83.4491	84.4604	85.3298	86.1892	86.9906	87.7966	88.6924	89.6309	90.5201	91.4683	92.2904
384	Côte d'Ivoire	61.8018	64.7609	66.4454	67.7858	69.0795	70.4142	71.4195	72.34	73.2723	74.1477	75.1421	75.9859	76.9869	78.0388	78.8105	79.6328
270	Gambia	65.5594	68.7029	70.4759	71.9828	73.29	74.5087	75.5831	76.5721	77.768	78.6656	79.7426	80.6553	81.7696	82.5274	83.2855	84.0068
288	Ghana	65.5084	68.4167	70.1449	71.5883	72.8042	73.9492	75.1396	76.2976	77.3253	78.243	79.2112	80.2483	81.1842	82.1811	83.2688	84.0885
324	Guinea	60.711	63.6242	65.2707	66.5748	67.7889	68.8798	69.8962	70.8213	71.9205	72.8494	73.9092	74.8298	75.4236	76.1927	77.0058	77.7211
624	Guinea-Bissau	63.6815	66.8349	68.4918	69.9258	70.9773	72.0312	73.1018	74.0533	75.0619	76.04	76.8062	77.7942	78.697	79.9179	80.9599	81.8462
430	Liberia	62.2663	64.9309	66.5106	67.7518	68.8569	69.9698	70.8956	71.7726	72.8775	73.6338	74.3085	75.2997	76.4233	77.012	77.9572	78.8245
466	Mali	60.4154	63.4914	65.4651	67.2436	68.562	69.7775	70.911	71.9725	72.9317	73.8546	74.8326	75.6858	76.7559	77.6485	78.5941	79.4551
478	Mauritania	68.3672	71.3422	73.0726	74.5679	75.9388	77.1945	78.3276	79.2874	80.3122	81.4125	82.4555	83.3658	84.2336	84.8808	85.5675	86.4575
562	Niger	61.0709	64.2989	66.2644	67.8612	69.3215	70.4528	71.5434	72.4672	73.6246	74.6233	75.7087	76.5918	77.2681	78.2716	79.4728	80.4763
566	Nigeria	54.5119	57.4976	59.3612	60.8657	62.1176	63.1837	64.3252	65.4622	66.5288	67.5446	68.4934	69.5938	70.3427	71.1907	71.8861	72.7697
654	Saint Helena	77.0676	78.9345	80.3811	81.7164	82.9921	83.8972	84.761	85.6406	86.4674	87.2899	88.0663	88.7744	89.5602	90.3697	91.2705	92.1374
686	Senegal	68.4823	71.5985	73.4364	74.9001	76.2187	77.4598	78.5583	79.5541	80.3992	81.4494	82.3661	83.1746	84.1251	84.7925	85.5009	86.1176
694	Sierra Leone	61.6235	64.5733	66.2585	67.6556	68.9013	70.1047	71.2612	72.1469	73.0624	73.9094	74.7795	75.5946	76.5089	77.2887	78.3125	79.2313
768	Togo	62.661	65.7389	67.5331	69.0788	70.5119	71.87	73.0233	74.1285	75.2272	76.1146	77.0357	78.0928	79.0124	79.8784	80.7561	81.7443
935	Asia	74.2338	76.3841	77.6214	78.6781	79.5772	80.3884	81.2091	81.9589	82.6564	83.3201	84.0056	84.5899	85.1504	85.7745	86.3762	86.9298
5500	Central Asia	72.173	74.2113	75.2839	76.2362	77.1022	78.0185	78.8685	79.7823	80.6511	81.499	82.2599	82.9604	83.7158	84.4077	85.1199	85.8422
398	Kazakhstan	73.3979	76.5497	77.9268	79.1225	80.2155	81.3427	82.2964	83.181	84.0075	84.7884	85.5228	86.302	87.1495	87.9517	88.8424	89.6656
417	Kyrgyzstan	71.2712	73.9822	75.4661	76.7579	77.8814	78.956	80.0344	81.0972	82.2593	83.3235	83.997	84.6301	85.4036	86.1175	86.9188	87.5376
762	Tajikistan	71.3711	74.1601	75.5313	76.7707	77.946	78.9874	79.9536	80.9607	81.9821	82.8985	83.7902	84.4751	85.2092	85.8028	86.5185	87.1193
795	Turkmenistan	70.1489	72.4235	73.8698	75.0096	76.2109	77.2805	78.3082	79.2981	80.2741	81.1373	82.09	83.0099	83.8312	84.5381	85.344	85.9317
860	Uzbekistan	72.4588	74.6765	76.0497	77.2163	78.3468	79.4261	80.3912	81.4468	82.4776	83.3609	84.0569	84.7182	85.4821	86.179	86.7091	87.5854
906	Eastern Asia	79.2485	81.308	82.7058	83.8735	84.8198	85.6689	86.6275	87.6273	88.3899	89.1978	90.0745	90.8673	91.6249	92.3427	93.1063	93.8723
156	China	78.3922	80.707	82.2595	83.5871	84.647	85.557	86.5846	87.7103	88.4928	89.3908	90.3105	91.1867	91.9191	92.6722	93.461	94.2449
344	China, Hong Kong SAR	85.2238	87.4011	88.5878	89.6275	90.7163	91.6638	92.5913	93.4217	94.2649	95.1225	95.79	96.4548	97.1755	97.8974	98.6171	99.2837
446	China, Macao SAR	83.4326	85.0102	86.3961	87.466	88.4747	89.6095	90.4569	91.4223	92.3162	93.1576	93.9755	94.6853	95.2642	96.0181	96.7611	97.4276
158	China, Taiwan Province of China	80.8515	82.6169	83.9182	85.0736	86.1185	87.1621	88.143	88.9712	89.8723	90.7552	91.5553	92.2558	92.9984	93.753	94.478	95.2426
408	Dem. People's Republic of Korea	73.8293	75.7393	77.0827	78.3066	79.2586	80.2435	81.2865	82.2867	83.2449	84.1658	84.8752	85.5655	86.2788	86.8574	87.5284	88.1672
392	Japan	84.8071	86.6674	88.0031	89.1036	90.1046	91.0375	91.9593	92.8611	93.6819	94.4671	95.1642	96.0389	96.8763	97.518	98.2576	99.0494
496	Mongolia	71.2874	74.4692	76.3542	77.9109	79.392	80.6269	81.8833	82.8352	83.6549	84.5463	85.3879	86.2078	87.0106	87.9417	88.8891	89.6821
410	Republic of Korea	84.1021	86.0587	87.2129	88.1735	89.1606	89.9836	90.8435	91.6871	92.5317	93.3816	94.2036	94.9635	95.7509	96.6508	97.4686	98.2444
5501	Southern Asia	70.9106	73.9883	75.5759	76.9222	78.1072	79.1949	80.3933	81.3692	82.3273	83.1924	83.8675	84.5077	85.1764	85.8419	86.4826	87.0582
4	Afghanistan	64.8818	69.0758	70.8771	72.3407	73.5356	74.739	75.7012	76.7531	77.8428	78.6207	79.5669	80.4108	81.3294	82.1034	82.8865	83.7148
50	Bangladesh	73.9516	77.4296	79.2223	80.9035	82.3555	83.7122	84.8048	85.7291	86.6496	87.5328	88.4297	89.2664	90.0055	90.824	91.5305	92.2231
64	Bhutan	73.1527	75.7703	77.7072	79.3785	80.9251	82.2334	83.4172	84.5108	85.407	86.2612	87.2034	88.0103	88.7633	89.4911	90.3137	91.0664
356	India	71.2117	74.7315	76.5915	78.1219	79.3748	80.5579	81.7835	82.8404	83.9101	84.8299	85.6621	86.3545	87.195	87.8961	88.6159	89.4985
364	Iran (Islamic Republic of)	76.7007	79.977	81.5336	82.8976	84.1732	85.322	86.3321	87.1963	88.0192	88.8744	89.7025	90.5412	91.3797	92.0414	92.7692	93.4693
462	Maldives	80.4817	83.2959	84.776	85.9406	86.9708	87.9886	89.0277	89.8438	90.6692	91.4545	92.276	93.0348	93.8673	94.6399	95.2185	95.9483
524	Nepal	70.1974	73.3078	75.1994	76.6371	77.9865	79.3175	80.4524	81.6152	82.6267	83.6914	84.5732	85.3415	86.0372	86.5783	87.353	88.0573
586	Pakistan	67.4313	70.2229	71.6498	72.8767	74.0516	75.1863	76.1655	77.1749	78.2903	79.3367	80.3041	81.2987	82.3485	83.3861	84.2538	85.1096
144	Sri Lanka	77.4663	79.7003	81.0526	82.2853	83.4723	84.4982	85.3496	86.1531	87.0911	87.982	88.8477	89.714	90.5664	91.3172	92.0367	93.0304
920	South-Eastern Asia	71.6797	73.7531	74.8715	75.9061	76.8273	77.7152	78.5154	79.3564	80.1134	80.9217	81.6664	82.4852	83.2439	84.0067	84.7254	85.3625
96	Brunei Darussalam	75.0675	77.6147	79.062	80.3999	81.6035	82.5618	83.6354	84.5377	85.4666	86.2239	87.0413	87.7692	88.5566	89.2964	90.1101	90.8389
116	Cambodia	70.6859	73.1167	74.682	76.0664	77.2668	78.3799	79.4295	80.4217	81.4639	82.2834	83.0542	83.7866	84.462	85.1261	85.6533	86.247
360	Indonesia	70.498	73.4739	74.8905	76.1652	77.2884	78.4008	79.2493	80.1766	81.232	82.3061	83.3245	84.2897	85.0717	85.7534	86.2531	86.9784
418	Lao People's Democratic Republic	69.0523	71.7957	73.6371	75.1136	76.5702	77.7522	78.9671	79.9947	80.9922	81.9693	82.8022	83.6967	84.4807	85.1045	85.6743	86.1216
458	Malaysia	76.13	78.8575	80.3109	81.4083	82.6108	83.7662	84.7244	85.5941	86.4809	87.2982	88.1084	88.9473	89.8352	90.6588	91.3217	92.0979
104	Myanmar	66.9352	69.6673	71.4286	73.0075	74.2802	75.5562	76.7469	78.0324	79.1727	80.2572	81.2033	82.2348	83.1103	83.8395	84.5147	85.1976
608	Philippines	69.5096	72.1656	73.5221	74.7063	75.6313	76.7693	77.867	78.9784	79.957	81.0877	81.9004	82.7614	83.5646	84.2182	85.0983	85.7808
702	Singapore	83.8075	85.5664	86.7265	87.7803	88.7276	89.6148	90.5118	91.3307	92.2388	93.0695	93.8046	94.4988	95.1612	95.9861	96.7874	97.4693
764	Thailand	76.8148	78.7131	80.3627	81.8584	82.9842	83.9046	84.8115	85.8655	86.7905	87.6513	88.5838	89.4282	90.2056	91.1092	91.8366	92.532
626	Timor-Leste	67.6896	70.542	72.2395	73.6407	74.9104	76.1349	77.3238	78.3565	79.4997	80.4551	81.4063	82.1875	83.0348	83.9867	84.7124	85.4775
704	Viet Nam	74.8719	76.7548	78.14	79.4677	80.7144	81.7548	82.6641	83.5243	84.5616	85.2741	86.1019	86.8892	87.7396	88.7087	89.523	90.2955
922	Western Asia	75.0851	77.2455	78.3042	79.2079	80.0592	80.8223	81.4462	82.1135	82.8059	83.4611	84.0435	84.6968	85.3083	85.8654	86.4495	87.0004
51	Armenia	74.5049	77.8697	79.3245	80.5622	81.7762	82.7134	83.5616	84.2409	85.0897	85.9425	86.7245	87.577	88.4131	89.1856	89.8236	90.7581
31	Azerbaijan	73.5918	76.7197	78.2311	79.5087	80.6707	81.7028	82.6993	83.6715	84.575	85.358	86.134	86.8198	87.4619	88.333	88.9973	89.8058
48	Bahrain	80.6644	83.3161	84.6514	85.7255	86.6352	87.4956	88.2726	89.0431	89.7611	90.5779	91.2469	91.9682	92.6857	93.4419	94.1958	94.924
196	Cyprus	81.4275	83.5785	84.912	85.92	86.9682	88.0039	88.9223	89.7335	90.5766	91.3273	92.1483	92.9515	93.7425	94.5997	95.4021	95.9949
268	Georgia	74.0648	76.6985	78.1685	79.3791	80.5211	81.658	82.6251	83.3999	84.1908	84.9514	85.7595	86.564	87.3542	88.1245	89.023	89.6499
368	Iraq	72.0529	74.5423	75.7391	76.7133	77.8694	78.9164	79.9209	80.9103	81.8443	82.8147	83.596	84.3706	85.0667	85.7426	86.3925	86.9479
376	Israel	82.85	84.2607	85.4722	86.5437	87.6061	88.5017	89.4601	90.3224	91.0624	91.8529	92.5683	93.3578	94.1216	94.8493	95.6189	96.1671
400	Jordan	77.0674	79.9588	81.4688	82.7083	83.869	84.816	85.6775	86.4915	87.3093	88.2154	89.0252	89.9552	90.7514	91.5971	92.4308	93.2175
414	Kuwait	79.701	82.5729	83.9246	85.1791	86.2004	87.1783	88.0934	88.9328	89.7812	90.5006	91.343	92.0707	92.8051	93.4308	94.1081	94.7214
422	Lebanon	77.1734	79.8851	81.2183	82.3563	83.5275	84.4363	85.3013	86.0424	86.7542	87.4844	88.1975	89.034	89.7331	90.5693	91.4557	92.2263
512	Oman	79.0164	82.2686	83.7364	84.911	85.9953	86.9586	87.8451	88.708	89.5067	90.3883	91.1424	91.7593	92.4012	93.0829	93.7949	94.6061
634	Qatar	82.1162	84.3271	85.531	86.4833	87.4316	88.2885	88.953	89.7305	90.4808	91.1155	91.8197	92.5289	93.1985	94.0401	94.7724	95.4385
682	Saudi Arabia	78.3578	81.0223	82.6593	84.0554	85.1776	86.1777	87.1668	88.1167	89.0469	90.0554	90.8702	91.7309	92.5186	93.2602	94.1134	94.7639
275	State of Palestine	72.0556	78.8779	80.6546	81.9167	82.9743	83.9892	84.9025	85.7111	86.4246	87.1612	87.7991	88.5203	89.4402	90.2446	90.9646	91.6617
760	Syrian Arab Republic	72.8761	75.4073	76.8314	78.0934	79.2042	80.2673	81.2565	82.0965	82.9541	83.8663	84.6735	85.3525	85.997	86.6701	87.295	88.1458
792	Türkiye	77.3176	80.0927	81.6146	82.8709	83.865	84.8735	85.8186	86.7007	87.4955	88.2862	89.1404	89.9271	90.7011	91.4127	92.2034	92.9109
784	United Arab Emirates	81.9285	84.8346	86.0137	87.0472	88.0854	88.9911	89.792	90.5049	91.2486	92.0187	92.7085	93.4536	94.1636	94.8209	95.5296	96.2907
887	Yemen	68.5343	71.7789	73.2437	74.3926	75.2896	76.2283	77.134	78.0816	79.0241	80.0796	80.9959	81.8666	82.7358	83.6021	84.3201	85.0384
908	Europe	78.5022	80.2979	81.2731	82.1688	83.0436	83.8599	84.609	85.3017	85.9996	86.6693	87.3874	88.0524	88.6876	89.3175	89.9483	90.6028
923	Eastern Europe	73.9349	76.3673	77.5774	78.6765	79.6822	80.6769	81.5469	82.4014	83.201	83.942	84.7143	85.4154	86.0864	86.8487	87.6763	88.4346
112	Belarus	74.0708	76.686	78.2213	79.5445	80.7159	81.7405	82.6907	83.3888	84.1866	85.095	85.9271	86.7789	87.7265	88.5188	89.2462	90.0946
100	Bulgaria	74.5731	77.8531	79.2806	80.3869	81.4919	82.6138	83.5036	84.3535	85.1624	85.9628	86.7249	87.7622	88.5645	89.2998	89.8982	90.6769
203	Czechia	79.2984	81.7387	83.0332	84.0363	85.0037	85.8672	86.8455	87.6655	88.5955	89.4508	90.2656	91.095	91.9017	92.5609	93.2806	93.9898
348	Hungary	76.4632	79.1442	80.5175	81.7344	82.8766	83.8418	84.6674	85.5659	86.3638	87.2435	88.1602	89.1106	89.9225	90.744	91.691	92.4131
616	Poland	77.973	80.6568	82.0522	83.232	84.1818	85.0685	86.0526	86.9201	87.6462	88.616	89.5056	90.2542	91.1281	91.8595	92.5202	93.3441
498	Republic of Moldova	71.0359	73.4924	74.9249	76.2449	77.3138	78.4324	79.5335	80.4948	81.4586	82.3416	83.0905	83.8487	84.5689	85.266	85.83	86.6712
642	Romania	75.2674	78.0618	79.499	80.6423	81.7827	82.7903	83.6786	84.4335	85.3752	86.2326	87.0441	87.9862	88.7513	89.657	90.5065	91.1936
643	Russian Federation	72.4837	75.4824	76.994	78.3699	79.5401	80.6539	81.6648	82.5462	83.5766	84.3485	85.1278	85.8205	86.6344	87.5435	88.4459	89.1943
703	Slovakia	77.4715	80.3856	81.7915	82.9558	84.0021	84.8961	85.7843	86.6541	87.6186	88.4446	89.2363	90.1014	90.9893	91.7011	92.4271	93.203
804	Ukraine	73.7134	77.2817	78.5663	79.7828	80.9728	81.9213	82.7854	83.5277	84.2917	85.103	85.9779	86.8192	87.5319	88.4453	89.4054	90.1931
924	Northern Europe	81.3104	82.8625	83.9259	84.8666	85.7027	86.5769	87.3797	88.1299	88.8793	89.6033	90.353	91.1386	91.8379	92.5346	93.2278	93.8542
208	Denmark	81.9367	83.834	85.051	86.0656	87.0458	87.9861	88.947	89.7957	90.7151	91.4307	92.1236	92.8743	93.644	94.2354	94.9659	95.7241
233	Estonia	78.8641	81.1153	82.4374	83.4994	84.5291	85.5562	86.4778	87.4048	88.2129	89.0764	89.8973	90.7167	91.5784	92.344	93.0778	93.8974
234	Faroe Islands	80.2061	82.397	83.9186	85.0842	86.2116	87.2683	88.2292	89.26	90.2549	91.1065	91.8269	92.6188	93.3521	94.1771	94.9543	95.6677
246	Finland	82.0173	83.7804	85.0239	86.1896	87.2042	88.0794	88.9688	89.8531	90.6955	91.5404	92.329	92.9905	93.7445	94.6412	95.3577	96.1096
831	Guernsey	83.2329	85.0878	86.2424	87.2409	88.2107	89.0943	89.8447	90.6596	91.5299	92.3091	93.0954	93.8462	94.649	95.2465	96.011	96.6737
352	Iceland	82.8285	84.7999	86.083	87.1317	87.8647	88.7244	89.5365	90.446	91.3236	92.1659	92.8506	93.6345	94.4014	95.2078	95.8776	96.585
372	Ireland	82.5129	84.3243	85.5547	86.6658	87.7139	88.5631	89.4243	90.3425	91.1661	91.852	92.587	93.3389	94.0925	94.6582	95.4628	96.2593
833	Isle of Man	81.079	82.8574	84.1466	85.1857	86.1839	87.1396	88.0426	88.8531	89.7152	90.46	91.1993	91.9754	92.7703	93.3986	94.0729	94.6868
832	Jersey	79.8873	81.656	83.001	84.2441	85.2536	86.2132	87.0414	88.0031	88.9427	89.68	90.5343	91.3526	92.1808	93.0588	93.8094	94.5262
428	Latvia	75.5332	78.2727	79.6542	80.9196	81.9488	82.8843	83.6173	84.4206	85.3674	86.3029	87.0887	87.8588	88.5292	89.4108	90.2292	91.0383
440	Lithuania	75.6223	78.0972	79.3518	80.6059	81.641	82.6047	83.4615	84.3095	85.2018	86.1012	86.9586	87.8215	88.7031	89.5837	90.34	91.1655
578	Norway	83.3889	85.0863	86.3382	87.4733	88.3492	89.1969	90.0868	90.9324	91.7057	92.4589	93.2576	93.9	94.5881	95.3243	96.099	96.6753
752	Sweden	83.3466	85.0812	86.2733	87.3494	88.3792	89.2769	90.007	90.7949	91.7164	92.4614	93.1993	94.0077	94.7603	95.4591	96.1344	96.9023
826	United Kingdom	81.3091	83.1598	84.4196	85.4493	86.3594	87.3551	88.2284	89.1109	89.8638	90.6522	91.4247	92.3373	93.1579	93.8638	94.5817	95.3571
925	Southern Europe	82.0204	83.8865	84.9485	85.8576	86.6824	87.484	88.2886	89.0437	89.7501	90.4334	91.0945	91.8104	92.5116	93.1596	93.721	94.3845
8	Albania	78.9857	81.7415	83.1958	84.3771	85.4692	86.4038	87.3563	88.226	89.1067	90.0256	90.7968	91.6062	92.3746	93.104	93.8514	94.5179
20	Andorra	83.541	85.9461	87.0946	88.1455	89.1379	89.9801	90.8334	91.6997	92.4329	93.1864	93.9315	94.6086	95.3106	96.1979	96.9301	97.675
70	Bosnia and Herzegovina	77.1034	80.077	81.5217	82.7611	83.9466	84.8175	85.6719	86.597	87.4351	88.3845	89.2478	90.001	90.7907	91.5756	92.5016	93.2557
191	Croatia	78.4044	80.704	82.0962	83.2689	84.2352	85.143	86.0605	87.0281	87.8873	88.697	89.467	90.2512	91.1252	91.969	92.6904	93.2417
292	Gibraltar	83.1287	85.3505	86.5055	87.5595	88.4372	89.3905	90.1753	91.1868	92.038	92.7957	93.577	94.3065	94.9844	95.7277	96.3732	97.1154
300	Greece	81.429	83.7787	85.1106	86.2235	87.1476	88.1354	89.0108	89.8678	90.7676	91.5026	92.3133	92.9017	93.6307	94.3326	94.9983	95.684
380	Italy	83.3158	85.602	86.9081	87.916	88.7681	89.6594	90.5777	91.3686	92.1637	92.9989	93.8027	94.6825	95.5548	96.2361	96.8357	97.575
412	Kosovo (under UNSC res. 1244)	77.243	80.2086	81.6361	82.9803	84.0811	85.0676	85.874	86.6979	87.4975	88.4259	89.2467	90.0577	90.9319	91.5825	92.1571	93.0133
470	Malta	83.0645	85.1418	86.4483	87.4536	88.3902	89.3282	90.2139	90.9336	91.786	92.5223	93.3719	94.1321	94.9494	95.7262	96.4475	97.1887
499	Montenegro	76.4025	79.1759	80.5675	81.7929	82.9889	84.0897	84.9997	85.8219	86.6557	87.5429	88.346	89.1418	89.9412	90.6167	91.3955	92.0076
807	North Macedonia	76.416	79.4718	80.7376	81.8787	82.9293	83.9225	84.8718	85.6078	86.3396	87.0022	87.8241	88.6485	89.5294	90.3359	91.1549	91.8254
620	Portugal	82.0998	84.2322	85.4862	86.6158	87.6152	88.4987	89.4339	90.322	91.1103	91.9207	92.8286	93.6573	94.2827	94.9507	95.7268	96.434
674	San Marino	85.1997	87.4559	88.5779	89.5898	90.5279	91.3832	92.3019	93.2851	94.018	94.7353	95.5642	96.2187	96.868	97.6173	98.3633	99.0722
688	Serbia	75.7873	78.9868	80.5529	81.7998	82.9781	83.8735	84.826	85.7476	86.6063	87.5069	88.436	89.306	90.1598	90.9421	91.7686	92.5899
705	Slovenia	81.3573	83.5466	84.7746	85.7558	86.7436	87.7212	88.6108	89.4595	90.2983	91.1213	91.9623	92.6271	93.3847	94.1079	94.9386	95.7142
724	Spain	83.3828	85.5335	86.7698	87.7934	88.7959	89.7881	90.72	91.6419	92.4648	93.2957	94.1933	94.8332	95.4646	96.1291	96.9828	97.7004
926	Western Europe	82.0507	83.5422	84.5413	85.4645	86.338	87.0549	87.7788	88.4927	89.1758	89.8626	90.5141	91.1965	91.8469	92.5499	93.2893	93.9623
40	Austria	82.0533	83.9094	85.1918	86.3247	87.315	88.3155	89.1814	89.9646	90.9103	91.7377	92.4058	93.1821	93.933	94.6703	95.4449	96.2054
56	Belgium	81.9818	84.0025	85.2368	86.2535	87.2787	88.259	89.1643	90.1188	90.9887	91.7811	92.4791	93.081	93.721	94.3443	95.0655	95.8723
250	France	83.1046	85.1146	86.2479	87.3998	88.3256	89.1794	90.0736	90.9614	91.7862	92.5252	93.3558	94.0332	94.8502	95.6741	96.4305	97.0071
276	Germany	81.3946	83.2865	84.5361	85.5978	86.5847	87.4525	88.3088	89.224	90.0651	90.9061	91.7478	92.5065	93.2369	94.0665	94.7767	95.4735
438	Liechtenstein	83.5084	85.4761	86.7285	87.7825	88.7342	89.7216	90.6154	91.4978	92.3555	93.1601	93.8653	94.5506	95.3312	95.9664	96.6383	97.3841
442	Luxembourg	82.329	84.0712	85.1835	86.1638	87.2189	88.1839	89.0513	89.9144	90.6047	91.4124	92.1138	92.8847	93.5645	94.3489	94.9877	95.7317
492	Monaco	86.2289	88.1514	89.2944	90.2868	91.2201	92.0805	92.9461	93.7691	94.5971	95.5168	96.2435	96.9495	97.6015	98.3599	99.0302	99.6022
528	Netherlands	82.1287	83.9865	85.2085	86.2742	87.2175	88.1511	89.0912	90.0145	90.8283	91.6126	92.3189	92.9617	93.7611	94.371	95.1451	95.8287
756	Switzerland	83.917	85.7521	86.9384	87.9327	88.9833	89.8879	90.7506	91.5625	92.2112	93.0125	93.7128	94.4422	95.2055	96.0132	96.8248	97.5448
5505	Americas	76.3252	78.6004	79.6406	80.5988	81.4468	82.2535	82.9649	83.7306	84.4673	85.1746	85.8445	86.5256	87.1836	87.8393	88.526	89.2033
904	Latin America and the Caribbean	74.6532	77.0789	78.1354	79.1696	80.1207	81.0103	81.8039	82.5598	83.2651	83.9624	84.6697	85.3217	85.9591	86.5999	87.2221	87.8713
915	Caribbean	72.5293	74.7241	75.8058	76.7365	77.5983	78.3452	79.0178	79.6656	80.3315	80.9448	81.6064	82.3383	83.0833	83.7838	84.3092	84.9588
660	Anguilla	79.3114	81.3872	82.8406	83.985	84.9985	85.9265	86.8724	87.6906	88.581	89.4908	90.2105	91.026	91.8126	92.4757	93.2112	93.9969
28	Antigua and Barbuda	77.7515	79.7821	81.1718	82.4578	83.5936	84.6387	85.5486	86.363	87.2527	88.0656	88.8665	89.5662	90.3846	91.2277	92.1108	92.9351
533	Aruba	76.0094	78.4496	79.8822	80.9938	82.1511	83.2047	84.1051	84.9005	85.6686	86.4588	87.1546	88.0435	88.8588	89.5215	90.2847	91.0004
44	Bahamas	73.9546	76.8188	78.2357	79.4639	80.5107	81.6004	82.6783	83.6275	84.3433	85.1952	85.9036	86.6544	87.3624	88.1487	88.9948	89.7585
52	Barbados	76.5119	78.3522	79.7521	80.9317	82.0366	83.0906	84.0245	84.8288	85.6695	86.5211	87.3537	88.1895	88.9565	89.8295	90.5194	91.1801
535	Bonaire, Sint Eustatius and Saba	77.9734	79.6232	81.0049	82.2768	83.4032	84.3763	85.3099	86.2134	87.0375	87.8769	88.6673	89.2917	89.9979	90.6658	91.3786	92.1233
92	British Virgin Islands	77.141	79.4079	80.8296	82.1416	83.2075	84.2078	85.1729	86.1444	86.867	87.7296	88.3966	89.194	90.1089	90.8614	91.5134	92.2657
136	Cayman Islands	80.2566	82.4224	83.8345	84.9224	86.0588	86.9127	87.9607	88.9178	89.8137	90.6927	91.5913	92.4884	93.2097	93.9276	94.6871	95.4047
192	Cuba	77.2317	80.2295	81.7768	83.022	84.0472	85.0057	85.8232	86.6982	87.569	88.5191	89.4159	90.2318	90.9675	91.7866	92.481	93.2867
531	Curaçao	76.8557	79.0191	80.4652	81.6719	82.7321	83.5533	84.2508	85.0478	85.8918	86.729	87.6073	88.3062	89.0671	89.8288	90.8002	91.6447
212	Dominica	71.2101	73.5097	74.9317	76.2743	77.4901	78.4928	79.6615	80.7005	81.7195	82.6823	83.6011	84.3231	84.9519	85.7675	86.3819	87.0761
214	Dominican Republic	73.6501	75.9056	77.2898	78.4211	79.4169	80.527	81.563	82.465	83.3876	84.2132	84.9546	85.4371	86.0514	86.8163	87.5265	88.067
308	Grenada	75.3555	77.4036	78.7912	80.0978	81.2278	82.2416	83.1629	83.9636	84.7355	85.5372	86.2551	87.0417	87.7311	88.5046	89.2731	90.1501
312	Guadeloupe	81.1332	83.9045	85.1539	86.2017	87.1511	88.0884	88.953	89.7259	90.5426	91.3348	92.2242	92.9789	93.4576	94.1169	94.7695	95.3112
332	Haiti	64.572	67.6532	69.2923	70.6373	71.8985	73.0174	73.9933	75.1845	76.2328	77.2312	78.1695	79.2494	80.0369	81.0213	82.1521	83.0151
388	Jamaica	71.3305	73.7939	75.2324	76.2892	77.4484	78.4669	79.4398	80.3866	81.3469	82.2869	83.1264	83.9802	84.6903	85.4226	85.8567	86.3796
474	Martinique	81.2538	84.4173	85.632	86.6971	87.6993	88.6081	89.3978	90.2578	90.9894	91.8096	92.5508	93.1628	93.9038	94.555	95.2412	95.9675
500	Montserrat	76.352	78.3845	79.7735	81.0814	82.1918	83.2514	84.3295	85.1855	86.052	86.9244	87.658	88.4372	89.1879	89.8664	90.5083	91.361
630	Puerto Rico	80.9515	83.6216	84.9803	86.0011	87.0636	87.8975	88.8416	89.8142	90.605	91.3546	92.0793	92.9514	93.6456	94.334	95.0404	95.6601
652	Saint Barthélemy	84.5115	86.0819	87.1874	88.1909	89.0427	89.8527	90.628	91.4415	92.2272	93.0442	93.778	94.4521	95.274	96.0784	96.8369	97.5382
659	Saint Kitts and Nevis	71.4348	74.4268	75.9177	77.1728	78.3226	79.4564	80.4236	81.4219	82.3445	83.2432	84.0137	84.7491	85.3632	86.0688	86.7152	87.5023
662	Saint Lucia	72.2707	74.9952	76.4535	77.769	78.9751	80.0591	81.1793	82.1992	83.0184	83.7834	84.5354	85.1873	85.9344	86.669	87.2565	87.8921
663	Saint Martin (French part)	80.4767	82.3538	83.7266	84.8501	85.8718	86.9585	87.9465	88.8342	89.6709	90.5068	91.4103	92.0918	92.824	93.5366	94.1643	94.9456
670	Saint Vincent and the Grenadines	70.9703	73.5687	75.0127	76.2499	77.4044	78.47	79.6423	80.6429	81.6236	82.5068	83.3755	83.9724	84.7065	85.4655	86.1922	86.9386
534	Sint Maarten (Dutch part)	76.1498	78.6028	80.1223	81.2313	82.4154	83.4084	84.2781	85.0541	85.8004	86.6449	87.5023	88.3015	89.1698	89.9965	90.7278	91.4757
780	Trinidad and Tobago	73.235	75.7521	77.1798	78.3447	79.4602	80.637	81.6201	82.5	83.3951	84.2573	85.0114	85.5932	86.2679	87.0382	87.7763	88.5959
796	Turks and Caicos Islands	78.0991	80.1344	81.5477	82.7898	83.9341	84.8998	85.758	86.4602	87.3281	88.2278	89.0217	89.7416	90.52	91.4453	92.34	93.0496
850	United States Virgin Islands	75.449	77.8375	79.5149	80.9219	82.1152	83.0692	84.0787	85.0313	85.9396	86.8171	87.8323	88.6769	89.4691	90.2446	90.9546	91.6511
916	Central America	73.6456	76.8565	78.1687	79.3376	80.3882	81.404	82.3238	83.1625	83.9346	84.7111	85.4801	86.3119	87.0164	87.7604	88.4899	89.2229
84	Belize	72.9264	75.9363	77.4693	78.7925	80.0407	81.2008	82.1803	83.2144	84.1553	85.0389	85.7193	86.4526	87.2379	88.1686	89.0571	89.9204
188	Costa Rica	80.1382	82.9261	84.2937	85.4184	86.4144	87.4667	88.4348	89.3173	90.1758	90.9605	91.7768	92.6227	93.3983	94.1152	94.8315	95.4569
222	El Salvador	71.8246	74.6327	76.2703	77.7806	79.1617	80.3606	81.5711	82.5786	83.5539	84.2855	85.0596	85.879	86.7416	87.6507	88.5925	89.391
320	Guatemala	71.5032	75.003	76.3476	77.6204	78.7121	79.7176	80.7783	81.7621	82.8842	83.6604	84.4484	85.1073	85.6964	86.2599	86.78	87.3789
340	Honduras	72.3439	75.2602	76.7733	77.9785	79.3714	80.454	81.5747	82.6905	83.6137	84.542	85.1096	85.8036	86.6642	87.4128	88.1392	88.8977
484	Mexico	73.6824	77.3642	78.8495	80.1226	81.3201	82.4039	83.4662	84.3624	85.154	86.0537	86.9387	87.8456	88.68	89.5332	90.3218	91.1546
558	Nicaragua	73.9112	77.2661	78.7698	79.9453	81.1301	82.2244	83.2726	84.276	85.0217	85.847	86.4272	87.0871	87.8067	88.5779	89.267	90.0045
591	Panama	79.0047	81.7048	83.1402	84.205	85.1997	86.1838	87.2649	88.2038	89.1784	89.9099	90.7398	91.6163	92.444	93.2122	93.9166	94.7513
931	South America	75.31	77.7703	78.9167	79.9688	80.9369	81.9103	82.7725	83.5663	84.2895	84.9668	85.6771	86.3359	86.8956	87.5742	88.2434	88.9783
32	Argentina	76.5385	79.5031	80.8205	81.9727	83.0718	84.1047	84.9038	85.7277	86.4927	87.4204	88.2245	89.0375	89.8348	90.567	91.2927	92.0232
68	Bolivia (Plurinational State of)	66.7846	71.1342	72.684	73.9473	75.0368	76.2429	77.4185	78.4258	79.4434	80.5843	81.4379	82.3638	83.3199	84.2141	84.9832	85.7085
76	Brazil	75.2873	78.0472	79.5555	80.7975	81.979	83.067	84.0006	84.8418	85.639	86.2445	87.0493	87.8424	88.4655	89.3317	90.1775	90.9351
152	Chile	80.4053	83.1614	84.5532	85.687	86.7191	87.6682	88.5765	89.4303	90.2676	91.073	91.8409	92.5681	93.336	94.052	94.785	95.4885
170	Colombia	76.5161	79.963	81.4614	82.7641	83.8963	84.8605	85.8394	86.6148	87.5476	88.4486	89.3945	90.3674	91.2201	92.001	92.7421	93.415
218	Ecuador	76.103	79.5949	81.0857	82.271	83.3507	84.2981	85.1679	86.0754	86.867	87.6372	88.5177	89.2449	89.9941	90.7223	91.5046	92.2477
238	Falkland Islands (Malvinas)	79.3885	81.3804	82.873	84.0527	84.9133	85.9356	86.7592	87.6691	88.5582	89.4382	90.1575	90.7941	91.5675	92.3696	93.2138	93.8717
254	French Guiana	76.7744	79.2343	80.7339	82.0579	83.292	84.2083	85.1838	86.0544	86.8898	87.7183	88.5484	89.2812	90.0305	90.9265	91.7252	92.4565
328	Guyana	69.0737	72.5067	74.0424	75.2911	76.2058	77.437	78.5565	79.5266	80.6438	81.5871	82.4804	83.4104	83.8829	84.6096	85.1987	85.8275
600	Paraguay	72.6368	76.0813	77.5981	78.8396	79.8445	80.8701	81.765	82.7138	83.6006	84.4992	85.1268	85.8174	86.5673	87.3782	88.116	88.8419
604	Peru	76.2916	79.9899	81.464	82.7666	83.8868	84.8934	85.7383	86.5505	87.4578	88.2406	89.1457	89.9717	90.652	91.3643	92.0165	92.7443
740	Suriname	72.8177	75.8694	77.2266	78.4874	79.6606	80.7205	81.7802	82.8507	83.7837	84.579	85.3831	86.0715	86.857	87.512	88.1878	89.0494
858	Uruguay	77.5608	80.1721	81.6047	82.8324	83.7382	84.6191	85.4911	86.3209	87.2115	87.9598	88.8297	89.5977	90.4016	91.3139	92.0932	92.822
862	Venezuela (Bolivarian Republic of)	72.6485	74.9018	76.3528	77.5231	78.6824	79.8765	80.9724	82.0067	82.989	83.848	84.5944	85.3386	85.9968	86.708	87.3726	88.182
905	Northern America	78.8836	81.4437	82.7888	83.822	84.7816	85.6553	86.5277	87.3756	88.2106	89.0554	89.8138	90.5178	91.3652	92.0647	92.8027	93.4306
60	Bermuda	82.324	84.2344	85.4804	86.5006	87.4537	88.3434	89.2474	90.1231	90.9115	91.6497	92.4369	93.3364	94.0373	94.7561	95.4844	96.2691
124	Canada	82.3765	84.4404	85.6914	86.8398	87.7971	88.724	89.5629	90.4827	91.2517	91.9842	92.5966	93.4852	94.2135	94.9252	95.6115	96.3227
304	Greenland	70.4128	72.265	73.5812	74.7106	75.8726	77.0165	78.0381	79.1161	79.9469	80.8154	81.7954	82.5792	83.5003	84.259	84.8577	85.524
666	Saint Pierre and Miquelon	77.0023	78.8749	80.3324	81.5567	82.6595	83.5906	84.3921	85.4031	86.3444	87.0758	87.8244	88.6465	89.4421	90.2046	90.935	91.7289
840	United States of America	78.5158	81.226	82.6211	83.7133	84.7069	85.5826	86.4868	87.4054	88.3061	89.1538	89.907	90.6651	91.4807	92.2383	92.9881	93.7324
909	Oceania	78.997	80.711	81.6648	82.4592	83.0821	83.815	84.4385	85.0785	85.6269	86.2642	86.8677	87.4767	88.0496	88.7534	89.3681	89.9734
927	Australia/New Zealand	83.5531	85.2479	86.399	87.4171	88.3172	89.1637	89.9921	90.8157	91.5634	92.2975	92.8822	93.7196	94.4017	94.975	95.7214	96.4933
36	Australia	83.8547	85.7387	86.9573	88.0356	88.9768	89.8803	90.6814	91.5189	92.3395	93.096	93.7602	94.5519	95.2536	95.9108	96.7391	97.529
554	New Zealand	82.2284	83.937	85.1597	86.1874	87.1297	88.1119	88.9541	89.8526	90.7568	91.5516	92.1888	92.9536	93.6602	94.291	95.1092	95.8388
928	Melanesia	66.6289	69.084	70.4257	71.5983	72.5176	73.3538	74.2077	75.0265	75.9191	76.932	77.7178	78.6771	79.4042	80.2623	81.002	81.778
242	Fiji	67.1268	69.8052	71.292	72.4275	73.5714	74.5206	75.6044	76.4862	77.3968	78.4322	79.4087	80.3737	81.1238	81.9658	82.766	83.6189
540	New Caledonia	78.3508	80.7911	82.1128	83.3676	84.359	85.2758	86.0708	86.8584	87.724	88.5129	89.318	90.1687	90.844	91.5259	92.325	92.9261
598	Papua New Guinea	65.9059	68.6122	70.062	71.3574	72.2788	73.1899	74.0827	74.934	75.8907	76.9047	77.8164	78.785	79.6385	80.59	81.4874	82.2643
90	Solomon Islands	70.4448	72.9724	74.5267	75.6025	76.6612	77.73	78.7847	79.771	80.6395	81.5534	82.5474	83.376	84.2579	84.9861	85.6211	86.2465
548	Vanuatu	71.4197	73.9922	75.5472	76.9048	78.1196	79.2262	80.1902	81.301	82.2185	83.2116	84.1173	84.8804	85.6309	86.3151	87.0077	87.7131
954	Micronesia	71.1576	73.1166	74.267	75.2503	76.0682	76.7355	77.3938	78.0286	78.7106	79.2976	79.9657	80.7484	81.6054	82.4182	83.1577	83.9228
316	Guam	76.9774	79.4163	80.8882	82.1509	83.193	84.11	84.9815	86.0087	87.0366	87.9088	88.7956	89.7069	90.5499	91.1985	91.8458	92.6469
296	Kiribati	66.231	68.9482	70.3941	71.6351	72.7134	73.6895	74.4941	75.313	76.0973	76.87	77.7295	78.6256	79.6195	80.5699	81.4809	82.3032
584	Marshall Islands	66.7638	69.3926	70.9118	72.1379	73.1398	73.9754	75.1535	76.1118	76.9267	77.7975	78.647	79.5811	80.5338	81.2312	82.092	82.9456
583	Micronesia (Fed. States of)	67.1872	69.6828	71.2052	72.5207	73.6239	74.6744	75.6651	76.6771	77.6493	78.6006	79.5291	80.5695	81.5757	82.4469	83.2898	83.9688
520	Nauru	62.2704	64.8605	66.3779	67.5518	68.7116	69.6973	70.7345	71.664	72.5391	73.4638	74.2025	75.0913	75.8185	76.6671	77.539	78.4158
580	Northern Mariana Islands	78.8306	80.8208	82.1327	83.2232	84.3236	85.2451	86.0546	86.9322	87.7575	88.6715	89.46	90.2713	91	91.7382	92.562	93.2382
585	Palau	69.3528	71.5262	72.8164	73.9316	74.9489	75.9459	76.9887	77.9424	78.947	79.8882	80.8321	81.6998	82.7098	83.5425	84.3916	84.9685
957	Polynesia	76.8183	78.8875	80.1802	81.2642	82.2526	83.1978	84.1169	84.9712	85.6643	86.3245	86.9263	87.4599	87.7756	88.1998	88.5613	88.9095
16	American Samoa	73.1011	75.1546	76.5027	77.695	78.7234	79.7829	80.8575	81.7898	82.7151	83.4769	84.2488	84.9854	85.7001	86.4496	87.24	87.981
184	Cook Islands	75.3137	77.5122	79.1411	80.6008	81.8646	83.0371	84.0353	84.8938	85.6386	86.386	87.0875	87.8593	88.678	89.2869	90.062	90.8756
258	French Polynesia	83.2335	85.9134	87.0878	88.0821	89.0107	89.9105	90.7976	91.5508	92.2578	93.0393	93.8241	94.7322	95.4096	96.1509	96.7556	97.4228
570	Niue	70.1648	72.254	73.6011	74.7916	75.9221	77.076	78.0776	79.0957	80.0488	80.9953	81.8881	82.8576	83.6532	84.3603	85.0207	85.6089
882	Samoa	71.8066	74.0215	75.3949	76.4626	77.526	78.5843	79.6986	80.6497	81.6448	82.6649	83.5208	84.2903	85.043	85.757	86.3174	87.0361
772	Tokelau	77.2405	79.0854	80.3649	81.4063	82.3697	83.2734	84.1617	84.9259	85.528	86.3689	87.1726	87.8825	88.4983	89.2605	90.0056	90.7688
776	Tonga	72.9838	75.2125	76.6576	77.9038	79.0799	80.2126	81.4641	82.5144	83.4562	84.2206	84.886	85.6154	86.1539	86.8128	87.4193	88.0031
798	Tuvalu	67.0813	69.6894	71.2043	72.3535	73.4891	74.5795	75.6166	76.6345	77.767	78.7791	79.7752	80.7878	81.7431	82.6388	83.5524	84.2611
876	Wallis and Futuna Islands	78.5916	80.6175	81.9687	83.0451	84.0252	84.9587	85.6936	86.5035	87.1744	87.7696	88.3913	89.2362	89.7707	90.6219	91.339	91.9362
