country_code	country	2020-2025	2025-2030	2030-2035	2035-2040	2040-2045	2045-2050	2050-2055	2055-2060	2060-2065	2065-2070	2070-2075	2075-2080	2080-2085	2085-2090	2090-2095	2095-2100
900	World	72.5163	73.9933	74.7545	75.4677	76.1379	76.7439	77.2883	77.8073	78.3182	78.817	79.2991	79.7576	80.2026	80.6401	81.081	81.5183
1834	Sub-Saharan Africa	61.4128	62.9876	63.9178	64.7986	65.6436	66.4505	67.2287	67.9835	68.7253	69.4478	70.1534	70.8342	71.4942	72.1357	72.7855	73.4344
1833	Northern Africa and Western Asia	73.1828	74.7807	75.6025	76.377	77.1196	77.8252	78.5006	79.1492	79.7721	80.3826	80.9793	81.5566	82.1247	82.6936	83.2582	83.8081
1831	Central and Southern Asia	70.6115	72.775	73.8053	74.7764	75.7109	76.6017	77.4484	78.2652	79.0478	79.7944	80.5087	81.1961	81.8642	82.4876	83.092	83.687
1832	Eastern and South-Eastern Asia	76.7625	77.8886	78.7348	79.5031	80.2229	80.8976	81.5129	82.1079	82.6979	83.2703	83.8261	84.3528	84.8686	85.3992	85.9189	86.4272
1830	Latin America and the Caribbean	74.4593	76.4645	77.3015	78.1155	78.9091	79.6781	80.4252	81.1492	81.8445	82.5141	83.1588	83.7864	84.3879	84.968	85.5326	86.0843
1835	Oceania (excluding Australia and New Zealand)	67.1013	68.2924	68.9363	69.5293	70.061	70.5597	71.0411	71.5316	72.023	72.5396	73.0772	73.6193	74.1729	74.7549	75.3482	75.9291
1836	Australia/New Zealand	83.3705	84.2507	84.9081	85.5311	86.1334	86.7142	87.2811	87.836	88.4035	88.9571	89.4813	90.0259	90.5585	91.0778	91.6202	92.1538
1829	Europe and Northern America	78.4292	79.9648	80.7452	81.5207	82.2791	83.0027	83.6809	84.3324	84.9788	85.6269	86.2685	86.8913	87.4798	88.0477	88.6038	89.1579
5502	Europe, Northern America, Australia, and New Zealand	78.5437	80.0687	80.8501	81.6255	82.384	83.1082	83.7877	84.4406	85.0885	85.7373	86.3789	87.0025	87.5922	88.1612	88.7198	89.2765
901	More developed regions	79.171	80.6147	81.3712	82.1165	82.8447	83.5451	84.21	84.8548	85.493	86.1261	86.7485	87.3546	87.9332	88.4975	89.0551	89.6093
902	Less developed regions	71.1111	72.6633	73.4947	74.2686	74.9897	75.6419	76.2264	76.7762	77.3104	77.8286	78.3244	78.7869	79.2288	79.6595	80.0943	80.5271
941	Least developed countries	65.5254	67.2023	68.108	68.9545	69.759	70.5244	71.2554	71.9547	72.6245	73.2684	73.8886	74.4782	75.0474	75.598	76.1473	76.699
934	Less developed regions, excluding least developed countries	72.3589	73.8927	74.7273	75.5055	76.2426	76.9177	77.5263	78.1045	78.6747	79.2346	79.7755	80.2836	80.7695	81.244	81.7217	82.1949
948	Less developed regions, excluding China	69.2862	71.0485	71.8741	72.6571	73.4033	74.1057	74.7708	75.4084	76.0226	76.61	77.1711	77.706	78.2225	78.7159	79.2096	79.704
1636	Land-locked Developing Countries (LLDC)	65.5649	67.4552	68.3837	69.2677	70.1005	70.8672	71.5977	72.3092	73.0169	73.7089	74.3816	75.0289	75.6702	76.3063	76.9465	77.5793
2087	LLDC: Africa	63.5095	65.4467	66.4594	67.4013	68.294	69.1311	69.939	70.7213	71.5057	72.2795	73.0329	73.748	74.4386	75.1085	75.7791	76.4385
2088	LLDC: Asia	69.684	71.431	72.3236	73.1765	73.9699	74.696	75.3833	76.0576	76.7046	77.318	77.915	78.5061	79.1083	79.7119	80.3087	80.9062
2089	LLDC: Europe	72.6468	74.0576	74.7943	75.5363	76.2876	77.0326	77.7587	78.464	79.1533	79.8424	80.5418	81.2082	81.8346	82.4344	83.0244	83.6271
2090	LLDC: Latin America	68.1149	71.0871	71.8133	72.5218	73.2315	73.9242	74.6382	75.3526	76.0573	76.7657	77.4532	78.1387	78.8133	79.4891	80.1687	80.8287
1637	Small Island Developing States (SIDS)	71.9535	73.3832	74.0464	74.6413	75.1652	75.6508	76.101	76.5407	76.9703	77.4078	77.8442	78.2585	78.6526	79.0496	79.4566	79.8782
2091	SIDS Caribbean	72.2787	73.7763	74.4608	75.0907	75.667	76.2057	76.6942	77.1649	77.6276	78.1216	78.6346	79.1435	79.6474	80.1478	80.6459	81.1362
2092	SIDS Pacific	67.0926	68.2876	68.9616	69.5865	70.1507	70.6786	71.1878	71.7028	72.2167	72.7507	73.3021	73.8515	74.4078	74.9884	75.5789	76.1589
2093	SIDS Atlantic, Indian Ocean and South China Sea (AIS)	75.7785	77.061	77.8177	78.4631	78.9902	79.5161	80.0485	80.5494	81.0031	81.3742	81.6737	81.9194	82.11	82.3099	82.5553	82.8833
5503	High-and-upper-middle-income countries	77.3471	78.748	79.568	80.3269	81.0519	81.7373	82.3803	83.0124	83.6331	84.2342	84.8188	85.3802	85.9224	86.4715	87.0116	87.5432
5504	Low-and-Lower-middle-income countries	67.7484	69.5123	70.3752	71.1942	71.9773	72.7181	73.4242	74.1031	74.7557	75.3749	75.962	76.5193	77.0575	77.5691	78.0814	78.5929
1503	High-income countries	80.8518	82.107	82.8354	83.5323	84.2021	84.8491	85.4742	86.0858	86.685	87.2692	87.8337	88.3834	88.9274	89.4762	90.0206	90.5502
1859	Low-and-middle-income countries	70.8159	72.3967	73.2375	74.0266	74.7643	75.4307	76.026	76.585	77.1282	77.6546	78.1579	78.6271	79.0747	79.5102	79.949	80.3847
1517	Middle-income countries	71.7568	73.3451	74.2028	75.0063	75.766	76.4605	77.0839	77.6733	78.2496	78.8123	79.3539	79.8621	80.3453	80.816	81.2865	81.7519
1502	Upper-middle-income countries	75.5212	77.0265	77.9526	78.8045	79.6042	80.3503	81.03	81.6809	82.313	82.9225	83.507	84.0475	84.5539	85.0651	85.5653	86.0532
1501	Lower-middle-income countries	68.6695	70.4515	71.3244	72.1532	72.9538	73.7184	74.4491	75.1544	75.8345	76.4822	77.0976	77.6853	78.2523	78.79	79.3248	79.8558
1500	Low-income countries	64.1027	65.7988	66.6699	67.4788	68.2444	68.964	69.6584	70.3305	70.9953	71.6553	72.3127	72.9468	73.5665	74.1657	74.7692	75.3743
1518	No income group available	72.3762	73.251	74.0723	74.8821	75.6872	76.4982	77.289	78.0776	78.8532	79.6176	80.3745	81.1129	81.8273	82.5222	83.1898	83.8344
903	Africa	63.1329	64.6789	65.5709	66.4251	67.2431	68.0149	68.7532	69.4634	70.1543	70.824	71.4767	72.1085	72.728	73.3366	73.9563	74.5737
910	Eastern Africa	64.9627	66.5369	67.5235	68.4402	69.2964	70.1082	70.8941	71.6607	72.4273	73.1832	73.9299	74.6564	75.3703	76.0731	76.7776	77.4733
108	Burundi	63.131	64.3663	65.1281	65.8616	66.5682	67.222	67.8775	68.5164	69.1204	69.7024	70.2931	70.8747	71.4688	72.0805	72.6711	73.2707
174	Comoros	66.3826	67.8086	68.8848	69.8976	70.8173	71.6909	72.5394	73.3611	74.1854	74.9742	75.7386	76.5058	77.2628	78.0219	78.7628	79.4864
262	Djibouti	65.3463	66.9167	67.8795	68.7863	69.6211	70.4205	71.1919	71.9542	72.7029	73.4474	74.1848	74.9078	75.6296	76.3493	77.089	77.7951
232	Eritrea	68.0436	69.7526	70.8829	71.9222	72.8761	73.785	74.6565	75.495	76.2987	77.1024	77.8882	78.6488	79.4178	80.1832	80.9194	81.6377
231	Ethiopia	66.7933	68.5391	69.7544	70.8594	71.8829	72.8462	73.775	74.6724	75.5667	76.4511	77.3165	78.1382	78.9375	79.7079	80.4713	81.1988
404	Kenya	62.9726	64.4491	65.2902	66.0715	66.8165	67.5126	68.1785	68.836	69.4702	70.1192	70.7533	71.377	72.0248	72.6856	73.3591	74.0227
450	Madagascar	63.2694	64.532	65.4701	66.3418	67.1419	67.9037	68.6096	69.294	69.9687	70.6137	71.2582	71.8754	72.498	73.1401	73.7973	74.4418
454	Malawi	66.4118	68.1938	69.0522	69.8548	70.6242	71.3455	72.0496	72.7537	73.4813	74.1801	74.8626	75.5516	76.2398	76.9273	77.6063	78.2799
480	Mauritius	74.2524	75.6972	76.5374	77.3948	78.2421	79.0934	79.9522	80.7833	81.5849	82.3841	83.1691	83.925	84.6381	85.3392	86.0056	86.66
175	Mayotte	75.0643	76.8884	77.8024	78.6942	79.5852	80.4586	81.316	82.1382	82.9065	83.637	84.3437	84.9985	85.6127	86.1957	86.7638	87.3307
508	Mozambique	62.6165	64.3925	65.2116	66.0201	66.7725	67.4723	68.1688	68.8199	69.471	70.1015	70.7169	71.3316	71.9401	72.5592	73.1933	73.8455
638	Réunion	82.6468	84.1065	84.7096	85.309	85.9104	86.5064	87.0787	87.6313	88.1834	88.726	89.2511	89.7702	90.2937	90.7887	91.2703	91.7713
646	Rwanda	67.5525	68.7756	69.7811	70.6998	71.5786	72.4122	73.2183	74.0106	74.7866	75.5425	76.2904	77.0293	77.7607	78.4874	79.2159	79.9182
690	Seychelles	72.3192	73.5022	74.2653	75.0065	75.7601	76.5018	77.2687	78.0351	78.8232	79.6148	80.3965	81.1694	81.9119	82.6211	83.2955	83.9505
706	Somalia	57.0149	59.4733	60.205	60.8993	61.5668	62.2369	62.8939	63.5405	64.1724	64.7613	65.3694	65.9609	66.5575	67.1185	67.6911	68.2766
728	South Sudan	57.4579	58.1442	58.7337	59.3151	59.9186	60.5078	61.0675	61.6254	62.1962	62.7451	63.3188	63.8598	64.39	64.9096	65.4025	65.9088
800	Uganda	67.6664	69.245	70.2729	71.2221	72.1319	73.002	73.8442	74.6573	75.4782	76.2687	77.0532	77.821	78.5868	79.3088	80.0351	80.7488
834	United Republic of Tanzania	66.8567	67.9345	68.924	69.8506	70.6651	71.4536	72.2258	72.9816	73.7344	74.4765	75.2085	75.9571	76.6836	77.3998	78.1167	78.8323
894	Zambia	65.0511	67.1316	67.933	68.6915	69.4217	70.1361	70.8432	71.5434	72.2399	72.9061	73.5913	74.2674	74.9436	75.6443	76.33	76.9969
716	Zimbabwe	62.1191	64.0299	65.3132	66.49	67.5749	68.5791	69.5393	70.4262	71.265	72.0866	72.8684	73.6566	74.4279	75.2035	75.9853	76.7851
911	Middle Africa	60.7314	62.8015	63.6574	64.4632	65.2307	65.9547	66.6543	67.318	67.9572	68.5971	69.2373	69.8578	70.4747	71.0745	71.6887	72.312
24	Angola	64.1219	65.4369	66.2985	67.0729	67.7915	68.4649	69.1183	69.7589	70.3978	71.0391	71.6563	72.2707	72.866	73.4785	74.0909	74.7162
120	Cameroon	62.8141	64.8962	66.0995	67.1548	68.1293	69.06	69.9269	70.732	71.5214	72.3047	73.0857	73.8234	74.5514	75.2831	76.0131	76.7392
140	Central African Republic	39.634	58.5115	59.725	60.8517	61.9093	62.8993	63.8418	64.6954	65.5118	66.2943	67.0378	67.7558	68.4688	69.2223	69.92	70.6268
148	Chad	54.4163	55.806	56.5868	57.3659	58.115	58.8505	59.5697	60.2319	60.8954	61.5328	62.139	62.7342	63.3233	63.8876	64.4659	65.0204
178	Congo	65.2396	66.7223	67.6938	68.5617	69.3766	70.1328	70.8654	71.5814	72.293	73.0177	73.7235	74.3756	75.0534	75.7406	76.4158	77.0923
180	Democratic Republic of the Congo	61.2438	62.6321	63.4235	64.1787	64.9134	65.6077	66.2796	66.9095	67.4945	68.0829	68.6852	69.2703	69.8592	70.413	70.9946	71.5989
226	Equatorial Guinea	63.2967	64.5846	65.5057	66.3846	67.2192	68.021	68.7901	69.5332	70.2468	70.9358	71.6402	72.3392	73.043	73.7322	74.3941	75.0463
266	Gabon	67.8945	69.1257	69.9207	70.6875	71.4377	72.1862	72.9217	73.6656	74.4015	75.1246	75.8329	76.5632	77.2916	78.0166	78.7138	79.3979
678	Sao Tome and Principe	69.1645	70.5306	71.3808	72.2274	73.0339	73.8404	74.6364	75.4158	76.1846	76.9274	77.6789	78.4284	79.1697	79.8943	80.6038	81.2928
912	Northern Africa	71.3432	72.9179	73.7895	74.6477	75.4717	76.2445	76.9844	77.6969	78.3791	79.0464	79.6993	80.3314	80.9629	81.5876	82.2091	82.8166
12	Algeria	75.7557	77.1869	78.1583	79.0907	80.0117	80.9017	81.7577	82.5752	83.3438	84.0812	84.7791	85.4398	86.0676	86.6865	87.2723	87.8445
818	Egypt	70.773	72.4271	73.2732	74.091	74.8887	75.6695	76.4534	77.2379	78.0177	78.8024	79.5739	80.3145	81.05	81.7504	82.4565	83.1372
434	Libya	71.898	75.2525	76.3259	77.1925	78.0353	78.896	79.7328	80.5548	81.3585	82.139	82.9001	83.635	84.3351	85.0155	85.6586	86.2722
504	Morocco	74.7084	76.1146	76.9502	77.7654	78.5718	79.3705	80.155	80.9046	81.6193	82.3043	82.9875	83.6305	84.2512	84.8472	85.4247	85.9792
729	Sudan	65.7564	67.1589	68.0352	68.8802	69.6989	70.4855	71.2377	71.9756	72.6904	73.4022	74.1321	74.8581	75.577	76.31	77.0237	77.7461
788	Tunisia	75.518	77.3944	78.3596	79.296	80.2236	81.1107	81.9574	82.7609	83.5143	84.2331	84.9251	85.5884	86.2349	86.8535	87.4539	88.0352
732	Western Sahara	71.2366	72.2427	73.1046	73.9021	74.6881	75.4684	76.2477	77.0204	77.7901	78.551	79.2898	80.0054	80.7065	81.3849	82.049	82.67
913	Southern Africa	64.7518	66.7378	67.5882	68.3945	69.1708	69.923	70.6386	71.3495	72.0543	72.7483	73.4518	74.1377	74.8176	75.5108	76.2002	76.8995
72	Botswana	67.597	69.7746	70.4146	71.0392	71.6436	72.263	72.9001	73.5306	74.1797	74.8421	75.4933	76.1592	76.824	77.4981	78.1551	78.8016
748	Eswatini	62.1843	64.736	65.3887	66.0058	66.614	67.214	67.7929	68.3419	68.8966	69.4555	70.0134	70.5852	71.149	71.7313	72.3234	72.919
426	Lesotho	56.5088	59.217	61.0667	62.6977	64.1364	65.4335	66.5776	67.6089	68.5772	69.4934	70.3589	71.1892	72.0038	72.7963	73.5612	74.3138
516	Namibia	64.9491	68.0187	68.6918	69.3389	69.9312	70.5485	71.1621	71.7777	72.4217	73.0821	73.7277	74.3771	75.0353	75.6976	76.3301	76.9891
710	South Africa	65.0089	66.9082	67.7206	68.4953	69.2474	69.9806	70.6841	71.3897	72.0909	72.7842	73.4964	74.1913	74.8781	75.577	76.2724	76.9795
914	Western Africa	57.8535	59.0693	59.9404	60.7855	61.6125	62.4088	63.1757	63.9151	64.6307	65.3159	65.9799	66.6314	67.2616	67.8693	68.483	69.0839
204	Benin	60.4818	61.5676	62.3712	63.1429	63.8744	64.5347	65.1824	65.8147	66.4358	67.0113	67.5851	68.1563	68.7348	69.3006	69.8395	70.3931
854	Burkina Faso	60.8073	61.9144	62.7912	63.5993	64.363	65.0954	65.7977	66.4467	67.101	67.7269	68.3563	68.96	69.5442	70.1189	70.7241	71.3133
132	Cabo Verde	75.5149	76.8179	77.6692	78.5418	79.3912	80.2304	81.0622	81.8704	82.6308	83.3628	84.0824	84.7657	85.4161	86.0439	86.6555	87.2693
384	Côte d'Ivoire	61.4047	62.6767	63.468	64.2136	64.9171	65.6042	66.2507	66.8981	67.5175	68.1153	68.6873	69.2792	69.8593	70.4232	70.9823	71.5466
270	Gambia	65.17	66.7295	67.598	68.3966	69.1422	69.8403	70.5011	71.1639	71.8029	72.4239	73.0478	73.6661	74.2829	74.9089	75.5275	76.1561
288	Ghana	65.1535	66.3604	67.2647	68.1072	68.8946	69.6693	70.4098	71.1482	71.8342	72.5279	73.2352	73.9327	74.6328	75.3136	76.0193	76.7119
324	Guinea	60.3102	61.4625	62.2451	63.0071	63.7239	64.3974	65.0557	65.6629	66.2401	66.841	67.4238	67.9986	68.5756	69.1469	69.7051	70.2745
624	Guinea-Bissau	63.2556	64.8135	65.5697	66.2947	66.9819	67.6395	68.2783	68.8867	69.4927	70.0853	70.6836	71.307	71.898	72.5049	73.1156	73.7394
430	Liberia	61.8834	62.8341	63.5288	64.2148	64.8698	65.5146	66.1582	66.7717	67.371	67.9481	68.5168	69.0826	69.6256	70.184	70.7192	71.2385
466	Mali	60.0098	61.3996	62.3776	63.3221	64.2052	65.0097	65.7403	66.4407	67.0889	67.7333	68.3577	68.9426	69.5292	70.1134	70.6761	71.2346
478	Mauritania	67.996	69.473	70.4717	71.397	72.2627	73.0886	73.8983	74.6889	75.4784	76.2653	77.0465	77.8048	78.5678	79.3147	80.0626	80.8099
562	Niger	60.6459	62.2199	63.3083	64.3116	65.2437	66.0962	66.9124	67.6689	68.3585	69.0401	69.6792	70.3158	70.9507	71.5597	72.1698	72.7627
566	Nigeria	54.0941	55.1696	55.9301	56.6768	57.4284	58.1616	58.8771	59.5674	60.2488	60.8926	61.5245	62.1539	62.7538	63.3227	63.9028	64.4596
654	Saint Helena	76.8506	77.5558	78.4362	79.3054	80.1215	80.9012	81.6379	82.3493	83.0206	83.6499	84.2582	84.8508	85.4644	86.0675	86.6774	87.2517
686	Senegal	68.1005	69.7211	70.7735	71.7173	72.5829	73.3834	74.1405	74.8909	75.6368	76.368	77.0868	77.7935	78.4999	79.181	79.8631	80.5415
694	Sierra Leone	61.2321	62.5878	63.414	64.2198	64.9606	65.6662	66.3108	66.9563	67.5995	68.2188	68.8366	69.4285	70.0036	70.5692	71.1486	71.7395
768	Togo	62.271	63.6055	64.5218	65.4001	66.2321	67.0173	67.7514	68.4606	69.1352	69.7999	70.4519	71.0895	71.6995	72.3251	72.9421	73.5713
935	Asia	74.0617	75.6388	76.5566	77.3956	78.1861	78.9175	79.5854	80.2266	80.8538	81.4661	82.0625	82.6324	83.1903	83.7415	84.284	84.814
5500	Central Asia	71.9417	73.2744	73.939	74.598	75.2676	75.9388	76.6212	77.3182	78.0109	78.7067	79.41	80.1004	80.7912	81.4833	82.149	82.8075
398	Kazakhstan	72.9241	75.0168	75.708	76.4262	77.1668	77.9015	78.6415	79.3783	80.1098	80.8328	81.5313	82.2179	82.8995	83.556	84.1944	84.8328
417	Kyrgyzstan	70.9041	72.3263	73.0704	73.8062	74.554	75.3018	76.0556	76.8001	77.5524	78.3064	79.077	79.8242	80.5749	81.2843	81.9916	82.6686
762	Tajikistan	70.9835	72.39	73.0638	73.7383	74.4043	75.0675	75.7426	76.4121	77.0748	77.7585	78.4418	79.1071	79.7482	80.3928	81.014	81.6293
795	Turkmenistan	69.8207	70.6493	71.291	71.9375	72.5818	73.2514	73.9275	74.622	75.295	75.9947	76.6993	77.4068	78.1043	78.8025	79.4819	80.1634
860	Uzbekistan	72.1392	72.9751	73.6352	74.3032	74.982	75.6566	76.3422	77.0586	77.7755	78.4904	79.2243	79.9306	80.6272	81.328	81.9907	82.6555
906	Eastern Asia	78.9876	80.0776	81.0057	81.8547	82.6579	83.4297	84.1605	84.8832	85.5768	86.2271	86.8537	87.4497	88.0303	88.6291	89.21	89.78
156	China	78.095	79.2771	80.3057	81.2566	82.1427	82.9817	83.757	84.515	85.242	85.9185	86.5702	87.1841	87.7719	88.3697	88.945	89.5128
344	China, Hong Kong SAR	84.9615	86.1009	86.78	87.4564	88.1243	88.7689	89.3992	89.9949	90.5695	91.1114	91.6361	92.1473	92.6316	93.1236	93.6342	94.1525
446	China, Macao SAR	83.1691	83.8584	84.6587	85.4049	86.101	86.7885	87.4283	88.0277	88.5977	89.1672	89.7297	90.2855	90.8166	91.3485	91.8811	92.3958
158	China, Taiwan Province of China	80.6127	81.4153	82.313	83.1304	83.8886	84.5875	85.2647	85.9158	86.5489	87.1581	87.7533	88.3277	88.9018	89.4622	90.0327	90.5957
408	Dem. People's Republic of Korea	73.5542	74.1539	74.7692	75.408	76.0613	76.7276	77.3982	78.074	78.7676	79.4496	80.1422	80.8307	81.5044	82.1795	82.8355	83.4681
392	Japan	84.5979	85.3664	86.0812	86.7632	87.4271	88.0772	88.7125	89.345	89.9579	90.5622	91.1758	91.7759	92.3515	92.925	93.5106	94.1028
496	Mongolia	70.9272	72.8407	74.0044	75.0931	76.1517	77.1598	78.1372	79.0783	79.9888	80.8488	81.6653	82.457	83.2353	83.9623	84.6549	85.328
410	Republic of Korea	83.8544	84.797	85.3377	85.896	86.4689	87.0506	87.6198	88.1932	88.7505	89.3226	89.8854	90.455	91.0305	91.6303	92.2345	92.8487
5501	Southern Asia	70.5445	72.7427	73.7881	74.7706	75.7141	76.6134	77.4679	78.2908	79.0778	79.8271	80.5424	81.2303	81.8983	82.5203	83.1245	83.7201
4	Afghanistan	64.334	67.0933	68.1118	69.0322	69.8371	70.57	71.2673	71.9549	72.6347	73.2765	73.8988	74.5288	75.1664	75.7801	76.3819	77.0008
50	Bangladesh	73.561	75.8539	77.0828	78.2359	79.3417	80.4045	81.3788	82.319	83.1943	84.0237	84.8049	85.537	86.2168	86.8562	87.4649	88.0544
64	Bhutan	72.8632	74.1747	75.3841	76.5164	77.5783	78.5917	79.5641	80.5039	81.4234	82.293	83.1247	83.8983	84.6298	85.335	86.0015	86.6269
356	India	70.7483	73.0648	74.1671	75.1919	76.1701	77.0992	77.9898	78.867	79.729	80.5648	81.3717	82.1539	82.917	83.6252	84.31	84.9757
364	Iran (Islamic Republic of)	76.3008	78.5483	79.5445	80.498	81.4097	82.312	83.1569	83.9583	84.7003	85.4074	86.0893	86.7308	87.3331	87.912	88.4878	89.0331
462	Maldives	80.1536	82.0512	83.0822	84.0114	84.8329	85.5676	86.2456	86.8695	87.4562	87.9984	88.5445	89.0958	89.6554	90.2192	90.7937	91.3511
524	Nepal	69.8693	71.5186	72.6538	73.695	74.6766	75.5936	76.4785	77.3567	78.1788	78.9607	79.7268	80.4718	81.2155	81.9377	82.6512	83.343
586	Pakistan	67.0617	68.2717	68.9487	69.6306	70.3038	70.9557	71.6011	72.2365	72.9016	73.5896	74.2777	74.9621	75.6689	76.368	77.0785	77.8104
144	Sri Lanka	77.2116	78.2889	79.1552	80.0223	80.8795	81.698	82.4722	83.226	83.9458	84.6359	85.3156	85.9711	86.6048	87.2176	87.8159	88.4195
920	South-Eastern Asia	71.4704	72.8732	73.6589	74.4109	75.1314	75.8273	76.5048	77.1682	77.8354	78.4993	79.1704	79.8346	80.4981	81.1588	81.8137	82.4692
96	Brunei Darussalam	74.7479	76.0712	76.8712	77.6522	78.433	79.205	79.9845	80.7477	81.5027	82.2389	82.9555	83.6556	84.3393	85.0189	85.6552	86.2509
116	Cambodia	70.3537	71.3684	72.1173	72.8204	73.5042	74.187	74.8482	75.5241	76.2032	76.8734	77.5477	78.2158	78.8749	79.5245	80.1759	80.8251
360	Indonesia	70.079	71.7997	72.499	73.1936	73.8978	74.6053	75.3002	75.9883	76.6839	77.3847	78.0987	78.8024	79.5009	80.1887	80.8624	81.5406
418	Lao People's Democratic Republic	68.7148	70.0422	71.1248	72.1224	73.0109	73.8435	74.6173	75.3646	76.1081	76.8504	77.5627	78.2614	78.9708	79.6445	80.3275	80.992
458	Malaysia	75.8155	77.4035	78.2391	79.0781	79.9172	80.726	81.5256	82.3078	83.055	83.7686	84.4552	85.1202	85.7589	86.3763	86.9873	87.5839
104	Myanmar	66.5886	67.8011	68.7508	69.6228	70.4567	71.2338	72.0129	72.761	73.5018	74.2502	75.0057	75.7787	76.5143	77.2549	77.972	78.6937
608	Philippines	69.0937	70.3662	70.9883	71.6146	72.2487	72.8963	73.5596	74.223	74.9211	75.6228	76.3428	77.0509	77.7825	78.5219	79.2702	79.992
702	Singapore	83.5647	84.3328	84.9713	85.6044	86.1978	86.7937	87.3721	87.9377	88.5033	89.0618	89.6096	90.159	90.6979	91.245	91.815	92.4031
764	Thailand	76.5765	77.372	78.4201	79.4292	80.3827	81.2949	82.13	82.9104	83.6517	84.3487	85.0155	85.6718	86.304	86.9219	87.5314	88.1223
626	Timor-Leste	67.3262	68.6298	69.5758	70.4342	71.2429	71.9999	72.7393	73.44	74.1181	74.7809	75.4562	76.1094	76.763	77.4197	78.0702	78.7117
704	Viet Nam	74.612	75.2857	76.0858	76.8946	77.7073	78.5117	79.3151	80.1077	80.8743	81.6142	82.345	83.0652	83.7709	84.4427	85.0871	85.7492
922	Western Asia	74.8977	76.5011	77.2882	77.9924	78.6641	79.3077	79.92	80.507	81.0723	81.6272	82.1688	82.6916	83.1978	83.7165	84.234	84.737
51	Armenia	74.0746	76.4248	77.2333	78.016	78.8013	79.5783	80.3411	81.0776	81.7933	82.4825	83.1439	83.7827	84.4106	85.0192	85.6267	86.2407
31	Azerbaijan	73.1987	75.1156	75.8885	76.6626	77.4404	78.2111	78.9641	79.7145	80.4644	81.2014	81.922	82.634	83.3133	83.9711	84.6126	85.2521
48	Bahrain	80.2564	81.9794	82.7759	83.5385	84.261	84.9235	85.5312	86.108	86.6759	87.227	87.76	88.2702	88.7796	89.2949	89.7967	90.2816
196	Cyprus	81.1988	82.4059	83.217	83.9713	84.6819	85.3505	85.9992	86.6197	87.2144	87.8006	88.3685	88.9275	89.488	90.0338	90.5598	91.086
268	Georgia	73.7574	75.2173	76.0295	76.8166	77.6043	78.3917	79.1662	79.907	80.6265	81.3226	81.9934	82.6438	83.2972	83.9235	84.5573	85.1576
368	Iraq	71.6765	72.7912	73.3211	73.8484	74.4045	74.9726	75.5837	76.2008	76.82	77.4395	78.0799	78.7268	79.3627	80.0176	80.6551	81.2763
376	Israel	82.6412	83.1213	83.8463	84.5123	85.142	85.7522	86.3535	86.9457	87.5184	88.0819	88.63	89.1672	89.6916	90.2201	90.7611	91.2912
400	Jordan	76.6799	78.5343	79.3425	80.1612	80.9685	81.7592	82.5241	83.2676	83.992	84.677	85.3307	85.9586	86.5769	87.1768	87.7525	88.3303
414	Kuwait	79.3109	81.2362	82.1361	82.9866	83.77	84.5035	85.1974	85.8617	86.4981	87.0922	87.6903	88.2621	88.8056	89.3363	89.8494	90.3524
422	Lebanon	76.8037	78.4375	79.1376	79.8518	80.5621	81.2613	81.9397	82.6093	83.2488	83.8671	84.4865	85.0796	85.6529	86.2151	86.769	87.3193
512	Oman	78.5287	80.9502	81.9278	82.8603	83.7159	84.5079	85.2143	85.8726	86.4974	87.0751	87.6224	88.1556	88.6701	89.1685	89.6612	90.155
634	Qatar	81.8134	83.0616	83.8036	84.4961	85.1468	85.6995	86.1846	86.6657	87.1127	87.5298	87.9954	88.5203	89.0399	89.5909	90.135	90.6358
682	Saudi Arabia	78.0644	79.7195	80.7716	81.7788	82.7231	83.587	84.3917	85.1552	85.8766	86.571	87.2262	87.8384	88.4289	88.9992	89.5438	90.0803
275	State of Palestine	71.4503	77.1781	78.4948	79.3056	80.0996	80.8917	81.6529	82.3665	83.0748	83.7442	84.3841	85.014	85.6079	86.1911	86.7466	87.2797
760	Syrian Arab Republic	72.4658	73.6249	74.4252	75.1756	75.9318	76.6665	77.3884	78.1043	78.8186	79.5437	80.2663	80.9941	81.6964	82.3663	83.0294	83.6698
792	Türkiye	76.9683	78.6257	79.5846	80.4518	81.2892	82.0985	82.8473	83.5595	84.2273	84.8758	85.5032	86.1045	86.682	87.2491	87.8115	88.3475
784	United Arab Emirates	81.3476	83.623	84.3608	85.0375	85.7116	86.3289	86.8432	87.3658	87.8569	88.3847	88.9197	89.3503	89.7997	90.3225	90.8383	91.3244
887	Yemen	68.0979	69.9381	70.5988	71.2174	71.8261	72.4408	73.0534	73.6377	74.2243	74.8326	75.4548	76.0741	76.6812	77.3159	77.9572	78.5651
908	Europe	78.4009	79.8618	80.6488	81.4338	82.2101	82.9418	83.6261	84.2754	84.9151	85.5682	86.2274	86.8688	87.4696	88.0388	88.5981	89.1612
923	Eastern Europe	73.7107	75.5288	76.3701	77.2197	78.0634	78.8819	79.6624	80.4084	81.1281	81.8339	82.521	83.1863	83.8169	84.4345	85.0339	85.6154
112	Belarus	73.7862	75.231	76.0837	76.9303	77.7701	78.5918	79.3833	80.1583	80.9096	81.6563	82.3574	83.0332	83.6964	84.3321	84.9512	85.558
100	Bulgaria	74.2174	76.3566	77.1441	77.9396	78.7325	79.5026	80.2553	81.0077	81.7331	82.438	83.1165	83.7877	84.4168	85.0326	85.6357	86.2198
203	Czechia	79.027	80.4639	81.1731	81.881	82.579	83.2382	83.8831	84.5191	85.1289	85.7334	86.3415	86.9254	87.5048	88.0704	88.6196	89.1675
348	Hungary	76.1789	77.7338	78.5184	79.3133	80.0979	80.8918	81.6667	82.4029	83.1254	83.8265	84.5295	85.2041	85.8525	86.4796	87.1037	87.7162
616	Poland	77.7032	79.4153	80.2716	81.0944	81.8939	82.6536	83.3699	84.0341	84.6705	85.2855	85.9001	86.5149	87.0931	87.6389	88.1888	88.7318
498	Republic of Moldova	70.6938	71.813	72.5174	73.2141	73.928	74.6484	75.3592	76.0706	76.7741	77.4873	78.2064	78.9101	79.5992	80.2741	80.9316	81.5913
642	Romania	74.9677	76.6255	77.3945	78.1597	78.9323	79.7086	80.4777	81.24	81.9802	82.7075	83.4108	84.0864	84.7402	85.3774	86.0101	86.6215
643	Russian Federation	72.1233	73.9701	74.8674	75.7705	76.6559	77.5154	78.3453	79.1554	79.94	80.6975	81.413	82.1044	82.7668	83.4299	84.0667	84.6695
703	Slovakia	77.1379	79.0604	79.8977	80.7042	81.4842	82.2515	82.9857	83.6844	84.3536	84.9872	85.595	86.1942	86.7886	87.3737	87.9321	88.4879
804	Ukraine	73.16	75.2585	76.0424	76.8407	77.6372	78.4154	79.1774	79.9311	80.658	81.3639	82.0688	82.7472	83.4063	84.0569	84.6767	85.2775
924	Northern Europe	81.1772	82.0974	82.8495	83.562	84.2477	84.8951	85.5322	86.1457	86.7408	87.3132	87.8785	88.4335	88.9785	89.5081	90.0474	90.5812
208	Denmark	81.726	82.6117	83.3389	84.0354	84.682	85.3014	85.9042	86.4969	87.0696	87.6275	88.174	88.727	89.2654	89.7987	90.3424	90.8705
233	Estonia	78.6285	79.8796	80.6818	81.4428	82.173	82.8549	83.5309	84.1778	84.8071	85.4218	86.0268	86.6251	87.2213	87.8021	88.3687	88.9258
234	Faroe Islands	79.9788	81.1229	82.1117	83.0243	83.864	84.6568	85.3936	86.0974	86.783	87.4424	88.0774	88.6869	89.2852	89.8739	90.4577	91.043
246	Finland	81.8129	82.645	83.4027	84.0984	84.7444	85.3618	85.9627	86.5526	87.1593	87.7245	88.2852	88.8438	89.3908	89.9305	90.4794	91.0155
831	Guernsey	83.0228	83.8769	84.5613	85.164	85.7565	86.3119	86.8679	87.4132	87.933	88.4452	88.943	89.4564	89.9482	90.4559	90.9682	91.4745
352	Iceland	82.5958	83.5107	84.1957	84.8316	85.4479	86.0381	86.6284	87.1942	87.7591	88.3255	88.8871	89.4512	90.0259	90.6055	91.1683	91.7279
372	Ireland	82.2848	83.1591	83.9228	84.6323	85.2934	85.9109	86.5275	87.1309	87.7114	88.2692	88.8285	89.3766	89.9015	90.4416	90.9687	91.4923
833	Isle of Man	80.8729	81.6173	82.3583	83.1006	83.8156	84.4555	85.0682	85.7043	86.3389	86.8945	87.439	87.993	88.5456	89.0667	89.5668	90.097
832	Jersey	79.6607	80.3773	81.1719	81.9394	82.6903	83.4569	84.1524	84.8027	85.4762	86.1518	86.7465	87.3309	87.926	88.539	89.0974	89.6248
428	Latvia	75.2561	76.8526	77.5938	78.3526	79.1025	79.8495	80.578	81.2774	81.9799	82.6526	83.3033	83.9433	84.5554	85.1547	85.7341	86.3057
440	Lithuania	75.3547	76.7075	77.4784	78.2609	79.0394	79.8199	80.574	81.3112	82.0262	82.7281	83.3943	84.0426	84.6707	85.2842	85.8799	86.4687
578	Norway	83.1845	83.9617	84.6363	85.2736	85.8836	86.4666	87.0366	87.5878	88.1184	88.6497	89.1801	89.7062	90.2354	90.7702	91.3088	91.8395
752	Sweden	83.1481	83.9365	84.6027	85.2441	85.8715	86.4624	87.0281	87.5995	88.1559	88.7082	89.2747	89.8176	90.3431	90.8823	91.4056	91.9298
826	United Kingdom	81.1011	81.9731	82.7186	83.4259	84.1123	84.755	85.391	85.9985	86.582	87.1386	87.6912	88.2352	88.7719	89.2845	89.8144	90.3403
925	Southern Europe	81.9064	83.2731	84.0103	84.7132	85.4075	86.0651	86.6924	87.2878	87.8517	88.4185	88.9947	89.5682	90.1394	90.7014	91.2577	91.8043
8	Albania	78.7266	80.4002	81.2734	82.1277	82.9368	83.715	84.452	85.1339	85.7851	86.4088	86.9977	87.5682	88.1334	88.682	89.2138	89.7434
20	Andorra	83.2326	84.6653	85.3216	85.9606	86.5814	87.1901	87.8034	88.3854	88.9614	89.5151	90.0546	90.588	91.1209	91.6575	92.2033	92.7381
70	Bosnia and Herzegovina	76.7604	78.6861	79.5788	80.4502	81.2737	82.0681	82.8344	83.5683	84.2589	84.919	85.5423	86.1654	86.782	87.3766	87.962	88.5382
191	Croatia	78.1783	79.3417	80.1676	80.9657	81.7669	82.5335	83.2505	83.9286	84.5864	85.2037	85.8007	86.3901	86.981	87.5575	88.1185	88.6884
292	Gibraltar	82.8096	84.0967	84.7528	85.3454	85.9321	86.5201	87.122	87.7159	88.269	88.8275	89.3933	89.9493	90.4852	91.0093	91.5477	92.1059
300	Greece	81.2287	82.6537	83.476	84.2093	84.8859	85.5226	86.1361	86.7362	87.3348	87.9053	88.4561	89.0057	89.53	90.0599	90.5982	91.1259
380	Italy	83.1005	84.3822	85.0557	85.6998	86.331	86.9336	87.532	88.1105	88.6595	89.2094	89.7781	90.3342	90.8904	91.4175	91.9587	92.5002
412	Kosovo (under UNSC res. 1244)	76.8891	78.879	79.7585	80.6198	81.4443	82.2399	82.9999	83.7138	84.3928	85.0456	85.6639	86.2621	86.8431	87.3872	87.9151	88.4305
470	Malta	82.846	83.9959	84.6725	85.3033	85.916	86.5146	87.0997	87.6681	88.2364	88.7866	89.3405	89.8783	90.4163	90.9516	91.4945	92.039
499	Montenegro	76.0608	77.8645	78.7101	79.5337	80.3541	81.1563	81.9266	82.6601	83.359	84.0119	84.6438	85.2585	85.8639	86.4555	87.0395	87.5896
807	North Macedonia	76.0841	78.0249	78.7277	79.4356	80.1542	80.8869	81.6122	82.3008	82.9615	83.6003	84.2527	84.8846	85.4823	86.0721	86.6541	87.2239
620	Portugal	81.898	83.134	83.8926	84.581	85.242	85.873	86.4786	87.0671	87.651	88.2294	88.7955	89.3682	89.9287	90.4805	91.0301	91.5942
674	San Marino	84.9347	86.203	86.7607	87.3165	87.868	88.4236	88.9716	89.5318	90.0804	90.6157	91.1413	91.6593	92.1696	92.6853	93.1986	93.7166
688	Serbia	75.4484	77.6009	78.5161	79.3968	80.2565	81.1028	81.914	82.6925	83.4294	84.1373	84.8159	85.4741	86.1274	86.7623	87.3856	87.9943
705	Slovenia	81.1373	82.3385	83.0935	83.8117	84.4715	85.101	85.7107	86.3074	86.8994	87.4846	88.048	88.6161	89.1847	89.7454	90.2959	90.828
724	Spain	83.1663	84.2967	84.9665	85.596	86.234	86.8471	87.4576	88.0712	88.6505	89.2337	89.8152	90.3836	90.9371	91.5026	92.0501	92.5926
926	Western Europe	81.9294	82.8848	83.6133	84.3048	84.9536	85.5634	86.1683	86.7675	87.3528	87.931	88.4945	89.04	89.5818	90.1366	90.6983	91.2522
40	Austria	81.8276	82.712	83.506	84.2304	84.9063	85.5479	86.1768	86.7804	87.3713	87.9468	88.5224	89.0865	89.64	90.1894	90.7136	91.2644
56	Belgium	81.7509	82.8219	83.57	84.2651	84.9271	85.5551	86.167	86.7563	87.3299	87.8896	88.4521	88.9926	89.5405	90.0938	90.6196	91.1575
250	France	82.8839	83.8944	84.499	85.1081	85.7071	86.2901	86.8769	87.4527	88.0222	88.5916	89.1651	89.7036	90.2402	90.7806	91.3262	91.8708
276	Germany	81.1777	82.0966	82.8661	83.5784	84.2474	84.8824	85.5046	86.1137	86.6905	87.2642	87.8269	88.3899	88.9295	89.4677	90.0021	90.5247
438	Liechtenstein	83.2886	84.2932	84.9891	85.6658	86.344	86.9419	87.5324	88.1541	88.7626	89.3195	89.8749	90.4423	91.037	91.5782	92.0901	92.6169
442	Luxembourg	82.1058	82.8402	83.5345	84.2194	84.8661	85.4712	86.0569	86.6325	87.1877	87.7324	88.2721	88.8001	89.3274	89.8523	90.3752	90.8874
492	Monaco	86.0015	86.9061	87.4758	88.0515	88.6346	89.2	89.766	90.2997	90.827	91.3591	91.8634	92.3675	92.8587	93.3696	93.8832	94.4062
528	Netherlands	81.9266	82.8231	83.5454	84.2487	84.9155	85.551	86.1822	86.7736	87.3551	87.935	88.4993	89.0413	89.5933	90.1442	90.7098	91.2705
756	Switzerland	83.7021	84.5703	85.221	85.8327	86.424	87.0123	87.6007	88.1719	88.7269	89.2781	89.8216	90.3724	90.9154	91.4646	92.0105	92.5445
5505	Americas	76.155	78.0235	78.827	79.5948	80.3252	81.0332	81.7185	82.3939	83.0571	83.7019	84.325	84.9357	85.5337	86.1327	86.72	87.2842
904	Latin America and the Caribbean	74.4593	76.4645	77.3015	78.1155	78.9091	79.6781	80.4252	81.1492	81.8445	82.5141	83.1588	83.7864	84.3879	84.968	85.5326	86.0843
915	Caribbean	72.3007	73.7738	74.4608	75.0914	75.6661	76.2014	76.6845	77.1485	77.603	78.0892	78.5952	79.0975	79.5945	80.0875	80.5774	81.0591
660	Anguilla	79.0943	80.1362	81.0225	81.8621	82.644	83.3744	84.0522	84.6976	85.3308	85.9459	86.5366	87.1098	87.6903	88.2544	88.8043	89.367
28	Antigua and Barbuda	77.5166	78.3744	79.2302	80.0758	80.9037	81.6968	82.4651	83.1876	83.8591	84.5213	85.1555	85.7606	86.357	86.9566	87.5299	88.1029
533	Aruba	75.7055	77.0056	77.7403	78.4767	79.2101	79.9443	80.6763	81.3775	82.0671	82.7179	83.3545	83.985	84.6187	85.2385	85.8337	86.4217
44	Bahamas	73.5807	75.2428	76.0084	76.7588	77.5167	78.277	79.0174	79.7658	80.4919	81.1982	81.8855	82.5413	83.178	83.808	84.4388	85.0443
52	Barbados	76.2562	76.8729	77.6366	78.4093	79.1748	79.9507	80.7062	81.4405	82.1569	82.8359	83.5038	84.1517	84.7919	85.4124	85.9984	86.5792
535	Bonaire, Sint Eustatius and Saba	77.7145	78.1896	78.9904	79.8047	80.5908	81.3543	82.0922	82.7937	83.4683	84.1265	84.7727	85.3855	85.9749	86.5378	87.0925	87.6557
92	British Virgin Islands	76.8603	78.0091	78.8497	79.6608	80.4647	81.2557	82.0021	82.723	83.4126	84.0851	84.7273	85.3425	85.9342	86.5074	87.0701	87.6311
136	Cayman Islands	80.021	81.1664	82.0439	82.8819	83.6689	84.3883	85.0834	85.7346	86.3669	86.9792	87.5846	88.1606	88.7211	89.2906	89.8491	90.3891
192	Cuba	76.834	78.8882	79.7513	80.5926	81.3986	82.1849	82.9292	83.6556	84.3378	85.0029	85.6423	86.2524	86.8518	87.4418	88.0144	88.5549
531	Curaçao	76.5982	77.5972	78.4428	79.2458	80.0116	80.7352	81.4275	82.0727	82.7163	83.3495	83.9655	84.5646	85.1488	85.7525	86.3453	86.9115
212	Dominica	70.9322	71.8652	72.6911	73.4931	74.2709	75.0173	75.8007	76.5689	77.3087	78.062	78.8155	79.542	80.2592	80.9474	81.6158	82.2759
214	Dominican Republic	73.3399	74.3195	74.9631	75.6122	76.2689	76.9217	77.5705	78.2179	78.8633	79.5108	80.1527	80.7941	81.4094	82.004	82.5876	83.168
308	Grenada	75.0961	75.8869	76.6283	77.4086	78.1992	78.9408	79.6841	80.42	81.1537	81.8654	82.5357	83.2016	83.8402	84.4624	85.0665	85.6692
312	Guadeloupe	80.92	82.7712	83.45	84.1031	84.7207	85.3323	85.9176	86.4897	87.0542	87.5936	88.1135	88.5959	89.0568	89.513	89.9921	90.4875
332	Haiti	64.2018	65.6962	66.4807	67.2152	67.9272	68.62	69.2761	69.9145	70.5221	71.144	71.7776	72.4053	73.0413	73.6808	74.3237	74.9617
388	Jamaica	70.9998	72.0473	72.7034	73.361	74.0094	74.6682	75.3217	75.9982	76.6711	77.3395	78.026	78.7205	79.3943	80.0511	80.7054	81.3549
474	Martinique	80.9413	83.2569	83.9472	84.6144	85.2303	85.819	86.3908	86.946	87.4785	88.0077	88.5053	88.9869	89.4687	89.9415	90.4282	90.9256
500	Montserrat	76.0966	76.9019	77.7054	78.5061	79.3248	80.1261	80.8899	81.6286	82.3556	83.0417	83.6999	84.3486	84.9784	85.5724	86.1515	86.7275
630	Puerto Rico	80.7475	82.5027	83.2743	83.97	84.6224	85.2453	85.8358	86.411	86.976	87.5482	88.1024	88.6539	89.1919	89.7241	90.2543	90.7809
652	Saint Barthélemy	84.2912	84.7989	85.3503	85.9047	86.4581	87.0166	87.5562	88.0824	88.6174	89.1415	89.6329	90.1367	90.6139	91.0854	91.5671	92.0582
659	Saint Kitts and Nevis	71.103	72.805	73.5538	74.3023	75.0448	75.7866	76.5343	77.25	77.9814	78.6995	79.397	80.0955	80.7776	81.4363	82.0801	82.7158
662	Saint Lucia	71.8914	73.373	74.1225	74.8811	75.6303	76.3838	77.1384	77.8833	78.6108	79.3277	80.0407	80.7281	81.42	82.0975	82.7867	83.4384
663	Saint Martin (French part)	80.2945	81.1344	82.0471	82.871	83.6493	84.3845	85.093	85.7419	86.3798	86.9786	87.5457	88.0767	88.5694	89.0182	89.4402	89.895
670	Saint Vincent and the Grenadines	70.6716	71.8629	72.5652	73.2532	73.9684	74.6835	75.3684	76.0768	76.7751	77.4746	78.1543	78.8462	79.5486	80.2251	80.9004	81.5572
534	Sint Maarten (Dutch part)	75.8616	77.103	77.9152	78.7276	79.5125	80.2843	81.0323	81.7467	82.429	83.0855	83.7067	84.3085	84.9079	85.4775	86.0532	86.6203
780	Trinidad and Tobago	72.9188	74.0912	74.7783	75.4702	76.1693	76.8946	77.6371	78.3761	79.0952	79.8026	80.5157	81.2158	81.9036	82.5689	83.2085	83.8311
796	Turks and Caicos Islands	77.848	78.7471	79.5713	80.3911	81.1821	81.9615	82.7133	83.4524	84.1572	84.8536	85.4993	86.1215	86.72	87.3057	87.8731	88.4152
850	United States Virgin Islands	75.2217	76.4778	77.5395	78.5341	79.4792	80.3504	81.1667	81.9437	82.6688	83.3534	84.0113	84.6419	85.2653	85.8521	86.4414	87.0264
916	Central America	73.2629	75.768	76.6468	77.4997	78.3435	79.1503	79.9436	80.71	81.4484	82.1517	82.831	83.4996	84.1455	84.7609	85.3661	85.9524
84	Belize	72.5829	74.3264	75.1479	75.9717	76.7787	77.5802	78.3873	79.1938	80.0023	80.7756	81.5383	82.2836	83.0118	83.7131	84.4061	85.0725
188	Costa Rica	79.8797	81.6634	82.5725	83.4224	84.1937	84.9182	85.605	86.2682	86.8934	87.5009	88.0944	88.6778	89.2505	89.7999	90.3527	90.8936
222	El Salvador	71.4915	73.0537	74.0899	75.109	76.0853	77.0297	77.9562	78.8598	79.7375	80.5818	81.374	82.151	82.9148	83.6415	84.3288	84.9969
320	Guatemala	71.0138	73.2668	74.0063	74.7263	75.416	76.0953	76.7928	77.4933	78.183	78.8705	79.545	80.2184	80.8791	81.5134	82.1494	82.7707
340	Honduras	71.9469	73.6326	74.4525	75.2626	76.071	76.877	77.6857	78.4688	79.2518	80.0422	80.803	81.5347	82.2737	82.9753	83.6459	84.3029
484	Mexico	73.2158	75.9046	76.8081	77.6857	78.5641	79.4072	80.2445	81.0584	81.8432	82.5812	83.2919	83.9906	84.657	85.2847	85.8981	86.4898
558	Nicaragua	73.3999	75.6631	76.4673	77.2444	78.0232	78.797	79.5558	80.2943	81.0326	81.748	82.4434	83.1063	83.7339	84.3517	84.9624	85.5567
591	Panama	78.7094	80.4209	81.325	82.1827	82.9814	83.735	84.4357	85.1093	85.7548	86.3693	86.9788	87.5751	88.1473	88.7207	89.2915	89.8511
931	South America	75.1048	76.9854	77.8278	78.6515	79.4538	80.236	80.9931	81.729	82.4349	83.1138	83.7621	84.3889	84.9855	85.5633	86.1212	86.6674
32	Argentina	76.2323	78.0457	78.7928	79.5496	80.2994	81.0376	81.7579	82.4674	83.1544	83.8244	84.4805	85.1181	85.7224	86.3215	86.9033	87.4705
68	Bolivia (Plurinational State of)	66.0126	69.2946	70.0589	70.786	71.5097	72.212	72.9256	73.6412	74.3511	75.0763	75.7853	76.4995	77.1982	77.8962	78.6	79.2846
76	Brazil	74.9793	76.6327	77.4842	78.3142	79.1205	79.9109	80.6822	81.4376	82.1591	82.8521	83.507	84.1499	84.764	85.3696	85.9534	86.5201
152	Chile	80.1527	81.9754	82.8436	83.6611	84.4322	85.1637	85.8442	86.4963	87.1118	87.7099	88.285	88.8265	89.3787	89.9269	90.4596	90.9901
170	Colombia	76.1331	78.5461	79.4566	80.3483	81.211	82.0399	82.8236	83.5798	84.3093	84.9969	85.6543	86.2829	86.9033	87.4975	88.0559	88.6016
218	Ecuador	75.6738	78.206	79.0809	79.9211	80.7374	81.5259	82.2917	83.0128	83.6972	84.3501	84.9731	85.57	86.1428	86.7065	87.2646	87.7856
238	Falkland Islands (Malvinas)	79.1588	80.0472	80.9863	81.8466	82.6418	83.4593	84.2039	84.8788	85.5474	86.1868	86.7676	87.2912	87.8223	88.3697	88.889	89.3733
254	French Guiana	76.4282	77.8094	78.6923	79.5734	80.4332	81.2634	82.0525	82.7948	83.507	84.2118	84.8669	85.4844	86.0991	86.6923	87.2667	87.8453
328	Guyana	68.5264	70.7745	71.4353	72.1041	72.7758	73.4277	74.0794	74.7361	75.4123	76.0943	76.78	77.4307	78.1005	78.772	79.4396	80.1093
600	Paraguay	72.1155	74.4389	75.1081	75.7959	76.492	77.1704	77.887	78.6137	79.3352	80.0418	80.7272	81.3904	82.0399	82.6831	83.3201	83.9336
604	Peru	75.7021	78.5733	79.4742	80.3273	81.1385	81.9312	82.7005	83.4232	84.1156	84.7618	85.3875	85.9692	86.5235	87.0508	87.5807	88.0922
740	Suriname	72.4182	74.2582	74.9765	75.7162	76.4426	77.1819	77.9183	78.6839	79.4342	80.1681	80.8831	81.5977	82.2633	82.9208	83.5702	84.2067
858	Uruguay	77.302	78.8654	79.6838	80.4912	81.2703	81.9992	82.6906	83.37	84.0236	84.6589	85.2849	85.8973	86.4792	87.0465	87.6082	88.1785
862	Venezuela (Bolivarian Republic of)	72.3707	73.247	74.0709	74.8837	75.6921	76.5079	77.3038	78.0966	78.8732	79.6364	80.3912	81.1278	81.8415	82.5377	83.2073	83.8546
905	Northern America	78.6416	80.3235	81.0706	81.8062	82.5121	83.2195	83.8969	84.5556	85.1958	85.8029	86.3857	86.9603	87.5256	88.0953	88.6523	89.1902
60	Bermuda	82.1298	83.0489	83.7411	84.3838	84.99	85.578	86.1544	86.7452	87.3389	87.9278	88.5186	89.104	89.6644	90.2057	90.7586	91.304
124	Canada	82.1625	83.2878	84.0191	84.6944	85.337	85.9451	86.5349	87.1331	87.7096	88.2556	88.7976	89.3356	89.8689	90.4008	90.9534	91.4917
304	Greenland	70.1155	70.6012	71.1847	71.7952	72.3981	73.0385	73.6669	74.297	74.9399	75.5911	76.232	76.8682	77.5045	78.1382	78.7801	79.4164
666	Saint Pierre and Miquelon	76.7862	77.5322	78.4135	79.2974	80.1385	80.9461	81.7047	82.4031	83.0612	83.6839	84.2861	84.8911	85.494	86.0934	86.6782	87.2591
840	United States of America	78.2505	79.9848	80.7306	81.4703	82.1806	82.896	83.5805	84.2452	84.8928	85.5064	86.092	86.669	87.236	87.8081	88.3658	88.9049
909	Oceania	78.8163	79.734	80.2397	80.7015	81.1384	81.5563	81.9691	82.3929	82.8325	83.2793	83.7245	84.1944	84.6786	85.188	85.7343	86.2779
927	Australia/New Zealand	83.3705	84.2507	84.9081	85.5311	86.1334	86.7142	87.2811	87.836	88.4035	88.9571	89.4813	90.0259	90.5585	91.0778	91.6202	92.1538
36	Australia	83.6351	84.5515	85.1955	85.8062	86.3995	86.9727	87.5307	88.0803	88.6433	89.1918	89.7113	90.2578	90.7935	91.3084	91.8504	92.384
554	New Zealand	82.0202	82.7455	83.4526	84.1251	84.7631	85.3669	85.9571	86.5127	87.0722	87.628	88.1629	88.689	89.1894	89.7097	90.2282	90.7336
928	Melanesia	66.3201	67.5017	68.1461	68.7527	69.3115	69.8502	70.3772	70.9126	71.4433	71.9922	72.5554	73.1165	73.6858	74.2821	74.8901	75.4873
242	Fiji	66.7822	67.9907	68.6892	69.3576	70.0109	70.6244	71.2381	71.8523	72.4484	73.054	73.6643	74.2908	74.9348	75.5802	76.2293	76.8626
540	New Caledonia	78.0688	79.4658	80.2469	81.0241	81.7951	82.5311	83.2336	83.9105	84.5484	85.1693	85.7741	86.3508	86.9097	87.4502	87.9747	88.498
598	Papua New Guinea	65.5308	66.6965	67.3067	67.8892	68.4319	68.9613	69.4771	70.0013	70.5197	71.0554	71.604	72.1462	72.6962	73.2786	73.8754	74.4618
90	Solomon Islands	70.0951	71.186	71.8911	72.5635	73.2149	73.8579	74.5068	75.1602	75.8002	76.4565	77.1249	77.8027	78.4781	79.1281	79.7715	80.4152
548	Vanuatu	71.0826	72.2832	73.1112	73.8951	74.6631	75.4467	76.2083	76.9833	77.7478	78.4909	79.2316	79.947	80.6485	81.327	82.0101	82.6807
954	Micronesia	70.9796	72.2155	72.9711	73.6379	74.2312	74.7361	75.2087	75.6894	76.1746	76.6973	77.2599	77.8436	78.4354	79.0185	79.5803	80.1265
316	Guam	76.7199	78.0856	79.0025	79.895	80.7853	81.5938	82.3605	83.1026	83.8033	84.4777	85.1176	85.7314	86.3277	86.9282	87.5129	88.0914
296	Kiribati	65.8557	67.0448	67.6592	68.2562	68.835	69.3844	69.9208	70.474	71.0006	71.5269	72.0585	72.589	73.1387	73.7016	74.262	74.8274
584	Marshall Islands	66.4783	67.5043	68.1172	68.7641	69.3202	69.8348	70.359	70.8555	71.2847	71.7954	72.3623	73.0062	73.6749	74.3465	75.0237	75.6696
583	Micronesia (Fed. States of)	66.8613	67.8722	68.5606	69.2122	69.8599	70.486	71.1261	71.7876	72.4493	73.0939	73.7509	74.418	75.0919	75.7659	76.4408	77.0963
520	Nauru	61.9239	62.8418	63.5595	64.2217	64.8834	65.5061	66.1261	66.7305	67.3218	67.9165	68.4909	69.0702	69.6549	70.2503	70.8445	71.4248
580	Northern Mariana Islands	78.5988	79.4377	80.1654	80.899	81.6231	82.3285	83.022	83.6949	84.3509	84.9936	85.61	86.1947	86.7771	87.3329	87.8812	88.4043
585	Palau	69.0457	69.7741	70.3168	70.8743	71.4318	72.0077	72.6013	73.2009	73.8303	74.4885	75.1721	75.8327	76.4902	77.1468	77.787	78.4215
957	Polynesia	76.6438	78.0656	78.9256	79.7128	80.4541	81.1473	81.7889	82.3719	82.8969	83.3639	83.7709	84.1388	84.4529	84.7454	85.0223	85.3192
16	American Samoa	72.8406	73.462	74.1347	74.8317	75.5445	76.2339	76.9416	77.6419	78.3419	79.0327	79.7219	80.4008	81.074	81.7357	82.3919	83.0188
184	Cook Islands	75.097	76.1231	77.0401	77.953	78.8355	79.6836	80.5255	81.3338	82.0695	82.7629	83.4163	84.0472	84.6467	85.2294	85.8214	86.4116
258	French Polynesia	82.9117	84.628	85.2284	85.8147	86.3949	86.9732	87.538	88.0828	88.6173	89.1511	89.6782	90.2113	90.7251	91.2387	91.731	92.2378
570	Niue	69.8652	70.5624	71.2284	71.9109	72.5938	73.2609	73.9278	74.5956	75.2424	75.9341	76.6192	77.2863	77.9496	78.6044	79.2231	79.8446
882	Samoa	71.4968	72.2683	72.9001	73.5342	74.1894	74.8553	75.5168	76.1824	76.8449	77.4942	78.1342	78.7907	79.4394	80.0849	80.7345	81.3727
772	Tokelau	76.9552	77.594	78.2127	78.8447	79.492	80.1616	80.8334	81.4837	82.1336	82.7761	83.3739	83.9766	84.5445	85.1052	85.6558	86.2025
776	Tonga	72.7023	73.6143	74.3689	75.1557	75.9602	76.7588	77.566	78.3227	79.0214	79.6671	80.2733	80.8559	81.4143	82.0053	82.6016	83.2144
798	Tuvalu	66.7802	67.779	68.4616	69.1062	69.7308	70.3838	71.0437	71.7178	72.4184	73.1092	73.8022	74.5203	75.241	75.9394	76.6306	77.3322
876	Wallis and Futuna Islands	78.3652	79.2304	79.8933	80.6203	81.3236	82.0037	82.6714	83.316	83.8759	84.4499	84.9873	85.5147	86.0092	86.5087	87.0088	87.4752
