country_code	country	2020-2025	2025-2030	2030-2035	2035-2040	2040-2045	2045-2050	2050-2055	2055-2060	2060-2065	2065-2070	2070-2075	2075-2080	2080-2085	2085-2090	2090-2095	2095-2100
900	World	72.4603	73.4865	74.046	74.5981	75.1489	75.6587	76.1012	76.5591	77.0039	77.3984	77.8541	78.2703	78.6627	79.0501	79.4449	79.8872
1834	Sub-Saharan Africa	61.3516	62.3592	63.0077	63.6495	64.3369	64.9781	65.5847	66.239	66.9054	67.4956	68.1235	68.7518	69.3141	69.9302	70.4988	71.0521
1833	Northern Africa and Western Asia	73.1374	74.1758	74.7271	75.3085	75.8856	76.4511	76.9941	77.5315	78.0461	78.5781	79.0841	79.5316	79.9871	80.4632	80.9755	81.4499
1831	Central and Southern Asia	70.5548	71.5558	72.0166	72.6442	73.2103	73.7824	74.571	75.2253	75.8598	76.4283	76.9282	77.4425	78.0242	78.7035	79.3175	79.9332
1832	Eastern and South-Eastern Asia	76.5684	76.89	77.3324	77.8073	78.325	78.7772	79.3319	80.0077	80.4324	80.9896	81.4426	81.9359	82.3796	82.8454	83.2941	83.7634
1830	Latin America and the Caribbean	74.4472	75.8529	76.4008	77.0396	77.6775	78.2967	78.9328	79.5429	80.1467	80.7508	81.4102	82.0081	82.5949	83.1562	83.7118	84.2277
1835	Oceania (excluding Australia and New Zealand)	66.8831	66.8032	66.7323	66.7891	66.8674	66.9095	66.8933	67.0967	67.3911	67.704	67.8534	68.1092	68.309	68.6802	68.9884	69.4018
1836	Australia/New Zealand	83.226	83.299	83.5046	83.7871	84.1112	84.4674	84.8582	85.2224	85.6274	85.9544	86.1869	86.5699	86.8415	87.1081	87.4831	87.8908
1829	Europe and Northern America	78.3723	79.4599	80.0018	80.5943	81.1838	81.7854	82.3877	82.9686	83.5395	84.1303	84.6871	85.2387	85.8038	86.302	86.8213	87.3091
5502	Europe, Northern America, Australia, and New Zealand	78.4878	79.5604	80.0879	80.6686	81.2562	81.8849	82.4911	83.072	83.6769	84.284	84.846	85.4018	85.935	86.4232	86.9473	87.4361
901	More developed regions	79.1135	80.1509	80.6903	81.2458	81.8203	82.4088	83.0148	83.6125	84.1558	84.7648	85.2879	85.8295	86.3544	86.8721	87.4102	87.8929
902	Less developed regions	71.0464	72.0697	72.6679	73.2628	73.8588	74.4166	74.9217	75.3707	75.8466	76.2755	76.7411	77.1605	77.5365	77.9246	78.2956	78.726
941	Least developed countries	65.5058	66.7253	67.4332	68.0855	68.7047	69.3477	69.9436	70.5468	71.1128	71.6682	72.2126	72.7313	73.1902	73.6135	74.1022	74.5392
934	Less developed regions, excluding least developed countries	72.2706	73.1755	73.7426	74.3092	74.863	75.4035	75.9047	76.3903	76.8707	77.3139	77.7717	78.2068	78.6225	79.0693	79.4787	79.8925
948	Less developed regions, excluding China	69.2841	70.5178	71.1025	71.7264	72.3377	72.9269	73.4977	73.9814	74.5257	74.9953	75.5238	76.0245	76.4497	76.8831	77.3438	77.8171
1636	Land-locked Developing Countries (LLDC)	65.5436	66.8866	67.5411	68.2164	68.8723	69.4866	70.0369	70.5596	71.1305	71.7563	72.3404	72.8636	73.4274	73.9635	74.4617	74.9546
2087	LLDC: Africa	63.4434	64.7046	65.3551	65.984	66.5984	67.2213	67.8447	68.4089	68.9946	69.6678	70.3069	70.8333	71.4856	72.1065	72.5779	73.0945
2088	LLDC: Asia	69.6296	70.6065	71.0999	71.7163	72.2569	72.7849	73.2144	73.7061	74.2145	74.6591	75.1278	75.6318	76.0546	76.5946	77.1379	77.6607
2089	LLDC: Europe	72.4999	72.7555	72.9279	73.2135	73.5806	74.1217	74.4824	74.9556	75.3173	75.7318	76.2636	76.7291	77.1852	77.7744	78.3551	78.7219
2090	LLDC: Latin America	68.2461	69.6917	69.7991	70.0206	70.4179	70.8719	71.2434	71.7364	72.1709	72.5478	72.9747	73.536	74.0322	74.5689	75.0221	75.5042
1637	Small Island Developing States (SIDS)	71.8995	72.6985	73.0549	73.4165	73.7451	74.0173	74.2709	74.507	74.8204	75.1059	75.4012	75.6199	75.8403	75.9736	76.273	76.6102
2091	SIDS Caribbean	72.2081	72.8836	73.139	73.4524	73.7281	74.0156	74.2455	74.4621	74.7174	75.0719	75.4018	75.7294	76.0132	76.3489	76.7384	77.1178
2092	SIDS Pacific	66.8917	66.8747	66.9113	67.0141	67.2081	67.3788	67.4995	67.7317	68.0555	68.3615	68.5748	68.8067	69.075	69.4759	69.9122	70.3498
2093	SIDS Atlantic, Indian Ocean and South China Sea (AIS)	75.6499	76.134	76.3908	76.5568	76.6528	76.7655	76.9565	77.3196	77.5344	77.6437	77.5864	77.5449	77.5499	77.6185	77.7165	77.9077
5503	High-and-upper-middle-income countries	77.24	78.1242	78.6815	79.2447	79.8292	80.4084	80.9996	81.6195	82.1927	82.7565	83.3218	83.8742	84.4011	84.913	85.4416	85.9922
5504	Low-and-Lower-middle-income countries	67.7322	68.8443	69.3569	69.9846	70.5709	71.1308	71.6981	72.18	72.7578	73.2734	73.8399	74.3245	74.8015	75.3021	75.8003	76.276
1503	High-income countries	80.7917	81.6531	82.1611	82.6962	83.2139	83.7743	84.3419	84.9185	85.4744	85.9992	86.5076	86.9519	87.4396	87.9645	88.4929	88.9457
1859	Low-and-middle-income countries	70.7569	71.8041	72.3818	72.9732	73.5607	74.111	74.5921	75.0287	75.5007	75.934	76.4022	76.8236	77.1961	77.5887	77.9842	78.4297
1517	Middle-income countries	71.6847	72.6796	73.2928	73.8997	74.4919	75.054	75.5774	76.0912	76.5723	77.0179	77.4944	77.9522	78.3716	78.8552	79.2586	79.6761
1502	Upper-middle-income countries	75.3733	76.1889	76.7717	77.3588	77.9788	78.5642	79.1929	79.9033	80.4973	81.0693	81.6142	82.1407	82.6065	83.0472	83.5319	83.9924
1501	Lower-middle-income countries	68.6369	69.6258	70.0894	70.6786	71.2875	71.8583	72.433	72.9071	73.5317	74.0322	74.6447	75.1703	75.6314	76.1857	76.6734	77.1599
1500	Low-income countries	64.0609	65.234	65.8415	66.4631	67.0355	67.6242	68.1503	68.6535	69.1951	69.7419	70.2841	70.755	71.2863	71.7486	72.285	72.7649
1518	No income group available	72.1181	71.5687	71.625	71.8696	72.1757	72.6191	73.1823	73.656	74.1212	74.6693	75.2862	75.947	76.4122	76.9452	77.7214	78.3949
903	Africa	63.0901	64.1172	64.7511	65.3801	66.0688	66.6889	67.2566	67.8532	68.4668	69.0544	69.607	70.1705	70.685	71.2736	71.821	72.333
910	Eastern Africa	64.8975	65.8741	66.5547	67.2113	67.85	68.5493	69.1424	69.6841	70.2762	70.9434	71.5977	72.2406	72.8643	73.4331	73.9988	74.5658
108	Burundi	62.8249	62.3925	62.2327	62.0758	62.1017	62.3078	62.4406	62.5675	62.6886	62.8211	63.0421	63.5109	63.9302	64.2849	64.5314	64.9185
174	Comoros	66.0912	65.8548	66.0277	66.4828	66.9139	67.4414	67.9913	68.5145	68.9102	69.4697	69.8363	70.3025	70.8304	71.2069	71.8874	72.309
262	Djibouti	65.0546	64.9095	64.8673	65.1571	65.5095	65.7583	66.0501	66.5484	66.822	67.2658	67.6798	67.8145	68.3335	68.8719	69.285	69.5883
232	Eritrea	67.7564	67.7781	68.0611	68.4613	68.9077	69.5251	69.9818	70.3806	70.7782	71.1364	71.4853	71.8448	72.2401	72.8435	73.4317	74.0402
231	Ethiopia	66.5145	66.6001	66.906	67.3911	67.7943	68.2492	68.6584	68.998	69.5761	70.0945	70.6269	71.0801	71.6548	72.0392	72.4175	72.8062
404	Kenya	62.7057	62.5036	62.4421	62.8179	63.0291	63.3347	63.7608	64.0165	64.2447	64.7729	65.0456	65.3212	65.6236	66.1441	66.6604	66.8635
450	Madagascar	62.9634	62.5351	62.5753	62.9831	63.2287	63.5314	63.8361	64.3737	64.909	65.2375	65.6967	65.9789	66.0312	66.3329	66.872	67.1666
454	Malawi	66.1595	66.3014	66.2185	66.3812	66.6363	66.8472	67.0961	67.3007	67.644	67.9592	68.1885	68.5046	68.9193	69.2148	69.6289	70.0674
480	Mauritius	74.041	74.128	74.1594	74.5241	75.0475	75.6186	76.182	76.6615	77.0847	77.6557	78.2619	78.8806	79.6171	80.2316	81.0379	81.8097
175	Mayotte	74.9114	75.3886	75.5945	75.9454	76.3605	76.799	77.3172	77.9741	78.5482	79.1392	79.7306	80.3944	80.9942	81.6081	82.2237	82.8833
508	Mozambique	62.3825	62.4335	62.3413	62.5267	62.7847	63.0294	63.2229	63.471	63.6777	63.9728	64.2558	64.5602	64.7708	64.9634	65.3655	65.7999
638	Réunion	82.4904	82.9647	83.0914	83.2648	83.566	83.8854	84.1829	84.511	84.804	85.1215	85.4275	85.8647	86.0644	86.3484	86.7306	87.1014
646	Rwanda	67.2558	66.8248	66.837	67.2344	67.491	67.655	68.0632	68.3627	68.7062	69.0696	69.5478	69.9968	70.3011	70.6469	71.0527	71.5886
690	Seychelles	72.1149	71.8058	71.9165	72.0529	72.3222	72.7057	73.0736	73.6254	74.055	74.5905	75.0995	75.5484	76.0028	76.4872	77.0225	77.7249
706	Somalia	56.7967	57.4109	57.1244	56.955	56.8702	57.2478	57.4771	57.5448	57.8596	58.0482	58.2323	58.6505	59.046	59.1786	59.5591	59.8626
728	South Sudan	57.1036	55.9382	55.4934	55.2893	55.2275	55.3219	55.3799	55.4347	55.6383	55.7531	55.8106	56.2199	56.384	56.6053	56.8307	56.9685
800	Uganda	67.3894	67.3918	67.532	67.7456	68.0704	68.5337	68.9765	69.5314	69.964	70.3619	70.6339	71.1437	71.5264	71.9126	72.2811	72.8136
834	United Republic of Tanzania	66.5585	66.013	65.988	66.2167	66.3893	66.7084	67.0178	67.4219	67.8511	68.3498	68.6982	69.0569	69.5296	69.881	70.0729	70.5672
894	Zambia	64.8487	65.1892	65.0453	65.0073	65.1433	65.4501	65.7419	66.0205	66.1725	66.296	66.7563	67.0399	67.3026	67.7337	68.052	68.3175
716	Zimbabwe	61.8369	61.948	62.2704	62.8361	63.3078	63.9123	64.4347	64.9249	65.3313	66.0818	66.7344	67.3112	67.7679	68.1729	68.5645	69.0164
911	Middle Africa	60.6148	61.6049	61.8548	62.2666	62.6767	63.0657	63.4767	63.847	64.1953	64.7211	65.139	65.6568	66.1423	66.544	67.0356	67.5066
24	Angola	63.843	63.547	63.4862	63.5844	63.7249	63.9876	64.2706	64.6205	64.8597	65.1047	65.4504	65.7253	66.2135	66.4747	66.8049	67.3203
120	Cameroon	62.5305	62.8143	63.2209	63.4407	63.6604	64.0431	64.5066	64.9015	65.2646	65.7995	66.4467	66.9564	67.1009	67.4866	68.1084	68.2498
140	Central African Republic	45.5131	56.2462	56.3568	56.6435	56.8388	57.1502	57.5015	57.8636	58.1746	58.684	59.13	59.4317	60.1061	60.7497	61.1748	61.4659
148	Chad	54.0774	53.4683	53.3103	53.1685	53.3328	53.447	53.846	54.1298	54.2611	54.466	54.8111	54.9958	55.4285	55.5313	55.8766	56.3806
178	Congo	64.9445	64.7916	64.9359	65.0357	65.2481	65.5269	65.7955	65.9986	66.302	66.8251	67.2099	67.6015	67.8334	68.2928	68.5899	68.9768
180	Democratic Republic of the Congo	60.9506	60.5471	60.24	60.3369	60.5211	60.676	60.7822	60.9347	61.0961	61.535	61.7891	62.1739	62.4539	62.8032	63.0397	63.413
226	Equatorial Guinea	62.9867	62.5578	62.487	62.526	62.7044	63.0317	63.2632	63.6756	64.0948	64.4433	64.9242	65.1741	65.4405	65.765	66.273	66.5706
266	Gabon	67.6016	67.2086	67.1403	67.3197	67.4984	67.8637	68.3629	68.5727	68.8904	69.1072	69.4506	70.0032	70.4008	70.8722	71.173	71.4794
678	Sao Tome and Principe	68.9053	68.6919	68.7178	68.9479	69.2836	69.5722	69.8733	70.2774	70.6524	71.0681	71.2688	71.7389	72.0865	72.5573	72.9798	73.3972
912	Northern Africa	71.2582	71.9599	72.3931	72.9519	73.5412	74.0105	74.5374	75.093	75.4436	75.9145	76.4565	76.8364	77.375	77.8899	78.2887	78.6815
12	Algeria	75.5596	75.5965	75.8501	76.2486	76.7337	77.3455	77.9368	78.4624	78.9897	79.5999	80.2641	80.9357	81.6111	82.2189	82.8354	83.2932
818	Egypt	70.5841	70.7087	70.6588	70.9315	71.1909	71.3992	71.7836	72.3495	72.825	73.2034	73.6952	74.1697	74.6193	74.9948	75.5253	75.8954
434	Libya	71.6063	73.5143	74.0366	74.3194	74.7764	75.292	75.8131	76.2899	76.8151	77.3743	78.0425	78.701	79.2775	79.9515	80.6658	81.3139
504	Morocco	74.4856	74.5397	74.6502	74.8631	75.2316	75.656	76.1741	76.6962	77.0725	77.5942	78.161	78.6167	79.3228	79.6682	80.19	80.7363
729	Sudan	65.4867	65.2657	65.195	65.5226	65.9503	66.303	66.5982	66.8198	66.9925	67.3571	67.8082	68.1058	68.6534	68.98	69.3146	69.7135
788	Tunisia	75.3897	75.9542	76.186	76.5896	77.1652	77.8328	78.416	78.9325	79.4613	80.0022	80.8301	81.501	82.3765	82.8981	83.4653	83.9538
732	Western Sahara	70.9524	70.4597	70.5478	70.7846	70.9986	71.3778	71.7484	72.0963	72.6061	73.0875	73.6765	74.1897	74.4802	74.8617	75.2968	75.8142
913	Southern Africa	64.6228	65.0846	65.181	65.3878	65.7665	66.1269	66.5489	67.0376	67.4014	67.8461	68.3234	68.872	69.2902	69.4971	69.942	70.3653
72	Botswana	67.5275	67.9226	67.7189	67.7304	67.7093	67.9389	68.1695	68.4779	68.7506	68.9819	69.1899	69.4123	69.7318	70.2066	70.3479	70.6737
748	Eswatini	62.0677	62.802	62.3603	62.2886	62.4867	62.6375	62.7908	63.0286	63.1505	63.5429	63.7714	63.9202	64.1848	64.5238	64.8207	65.1793
426	Lesotho	56.2288	56.9298	57.7526	58.5085	59.3037	60.0184	60.6452	61.1571	61.857	62.4463	63.0555	63.722	64.27	64.91	65.2359	65.7962
516	Namibia	64.9229	66.0716	65.8894	66.0265	65.9337	66.2424	66.3612	66.4878	66.8521	67.1362	67.2024	67.4437	67.8826	68.33	68.5857	68.702
710	South Africa	64.8428	65.0127	64.9714	65.027	65.2829	65.6073	66.0089	66.4227	66.7367	67.121	67.5794	68.0971	68.4147	68.5845	69.0519	69.4272
914	Western Africa	57.6549	57.7721	57.975	58.3684	58.8802	59.3717	59.8593	60.4865	61.0622	61.5508	61.965	62.6555	63.1619	63.638	64.3094	64.7148
204	Benin	60.1554	59.4774	59.2228	59.159	59.4008	59.6421	59.919	60.2242	60.4155	60.4864	60.5869	60.9922	61.3583	61.643	61.8256	62.0561
854	Burkina Faso	60.4831	59.8886	59.9032	60.0292	60.012	60.3133	60.4415	60.6689	60.9614	61.3464	61.5614	62.1411	62.726	63.1381	63.3747	63.8308
132	Cabo Verde	75.3068	75.3197	75.3595	75.7546	76.2061	76.7531	77.1055	77.5888	78.1316	78.7653	79.4133	80.0578	80.8608	81.4445	82.0174	82.6982
384	Côte d'Ivoire	61.0974	60.6057	60.5344	60.5922	60.5982	60.9028	61.0638	61.4617	61.6026	61.7655	61.9509	62.3012	62.7094	63.2024	63.4184	63.8391
270	Gambia	64.8803	64.6916	64.5547	64.7387	64.9345	65.0399	65.3271	65.5948	65.8605	66.1016	66.4333	66.8411	67.1795	67.4098	67.6466	67.8278
288	Ghana	64.8406	64.4162	64.3823	64.4063	64.6479	64.8768	65.0672	65.4464	65.8923	66.3207	66.6565	66.9802	67.3268	67.6904	68.2157	68.5506
324	Guinea	59.9912	59.4103	59.2167	59.3846	59.509	59.6719	59.8122	59.9056	60.0073	60.3479	60.718	61.14	61.2467	61.4642	62.0032	62.4351
624	Guinea-Bissau	63.005	62.7826	62.6555	62.6731	62.7588	62.8619	62.9543	63.1626	63.635	63.8855	64.2405	64.4686	64.7215	65.2693	65.7158	66.1427
430	Liberia	61.5653	60.7631	60.4895	60.4874	60.5901	60.7978	60.99	60.9891	61.2707	61.7321	62.0818	62.3657	62.6221	62.8136	63.0507	63.4346
466	Mali	59.6987	59.269	59.2861	59.6094	59.9703	60.3735	60.7215	61.091	61.4408	61.4766	61.8352	62.2001	62.4374	62.701	63.1608	63.4202
478	Mauritania	67.723	67.619	67.7787	68.0697	68.561	68.9153	69.2534	69.6991	70.0442	70.5499	71.0876	71.5323	71.8122	72.188	72.6587	73.4611
562	Niger	60.3475	60.114	60.2103	60.6327	61.2846	61.774	62.2325	62.5235	63.0539	63.3004	63.9153	64.2081	64.5823	65.0662	65.7583	66.0924
566	Nigeria	53.7315	52.8749	52.4737	52.3542	52.4336	52.4535	52.4967	52.9049	53.1757	53.3215	53.5107	53.9579	54.2461	54.6689	54.9261	55.2575
654	Saint Helena	76.6168	76.0702	76.1963	76.5451	76.9382	77.265	77.602	78.1798	78.5867	79.027	79.5613	80.2533	80.8684	81.5052	82.2592	82.7151
686	Senegal	67.8137	67.8209	68.1253	68.4961	68.9444	69.3183	69.7314	70.1516	70.3673	70.7786	71.2373	71.6858	72.2515	72.5238	72.8539	73.191
694	Sierra Leone	60.9128	60.5121	60.3454	60.5594	60.6728	61.0833	61.3058	61.6082	61.9281	62.1649	62.4908	62.7356	62.9215	63.4058	63.9494	64.3902
768	Togo	61.9435	61.4566	61.4339	61.4839	61.5975	61.841	62.1276	62.4181	62.7498	63.2434	63.4379	63.765	63.9831	64.2642	64.6195	65.1805
935	Asia	73.949	74.8198	75.4539	76.0342	76.6606	77.2331	77.8085	78.384	78.8975	79.4	79.9608	80.4088	80.9273	81.4781	82.0107	82.517
5500	Central Asia	71.8574	72.3576	72.5849	72.9431	73.2866	73.6975	74.1153	74.6719	75.1952	75.6974	76.2453	76.753	77.2556	77.8089	78.327	78.9539
398	Kazakhstan	72.8736	73.4056	73.3425	73.3924	73.6159	74.0115	74.4005	74.879	75.3829	75.6764	76.1131	76.627	77.1366	77.7995	78.5914	79.3295
417	Kyrgyzstan	70.7011	70.6486	70.508	70.8146	70.9114	71.1994	71.4586	71.9443	72.4108	72.9322	73.3554	73.6169	74.0952	74.4463	75.0921	75.6759
762	Tajikistan	70.7805	70.6222	70.6148	70.5945	70.7555	71.0668	71.1544	71.5844	71.8237	72.0856	72.5156	72.9824	73.3613	73.7353	74.12	74.4182
795	Turkmenistan	69.5284	68.8758	68.6556	68.6495	68.7136	68.7806	68.9777	69.1919	69.6027	69.9033	70.1608	70.5648	70.9779	71.3356	71.8361	72.0238
860	Uzbekistan	71.8875	71.2775	71.0856	71.0903	71.3349	71.5237	71.5544	71.8724	72.2619	72.617	72.8753	73.2039	73.6903	74.1564	74.5349	75.3398
906	Eastern Asia	78.7213	78.7252	79.0605	79.5541	80.0371	80.552	81.1764	81.9418	82.5891	83.2497	83.7882	84.322	84.8758	85.331	85.8459	86.3044
156	China	77.7959	77.748	78.0896	78.6374	79.1702	79.6712	80.3528	81.1495	81.784	82.4763	83.0285	83.5479	84.0745	84.5557	85.0316	85.4822
344	China, Hong Kong SAR	84.7756	84.8139	84.8958	85.1347	85.4751	85.7738	86.2289	86.5844	86.9078	87.2705	87.5307	87.6937	87.9597	88.3341	88.6723	88.8511
446	China, Macao SAR	83.0489	82.6914	83.1351	83.4567	83.9252	84.3361	84.6395	85.0007	85.3369	85.8041	86.2052	86.5102	86.6484	87.029	87.4258	87.7679
158	China, Taiwan Province of China	80.4581	80.1905	80.469	80.9451	81.4838	82.0729	82.7109	83.1923	83.5101	83.8201	84.2557	84.5253	84.862	85.2759	85.6297	85.9823
408	Dem. People's Republic of Korea	73.2891	72.4777	72.3046	72.3347	72.5163	72.6576	72.9942	73.1515	73.4998	73.8991	74.222	74.6623	75.2184	75.5699	76.0515	76.5823
392	Japan	84.3981	84.0937	84.2341	84.5422	84.9012	85.2673	85.5293	85.9736	86.3827	86.7449	87.2134	87.6641	88.0482	88.4036	88.8208	89.2235
496	Mongolia	70.7169	71.1807	71.6547	72.1252	72.6708	73.3425	73.9164	74.5598	75.2158	75.9979	76.6432	77.5562	78.4461	79.2629	80.1069	80.8733
410	Republic of Korea	83.6879	83.519	83.5411	83.738	83.9401	84.2406	84.525	84.8017	85.0516	85.4587	85.8448	86.0068	86.3778	86.7876	87.1996	87.5951
5501	Southern Asia	70.4837	71.4677	71.9148	72.5381	73.1109	73.6535	74.4615	75.1142	75.7443	76.2837	76.8126	77.3291	77.8885	78.5606	79.1574	79.716
4	Afghanistan	64.1813	65.2102	65.3907	65.7606	66.1163	66.5493	66.8122	67.2157	67.6596	67.9689	68.3698	68.7218	69.1622	69.3423	69.524	69.8691
50	Bangladesh	73.4077	74.2876	74.6337	75.341	76.1446	76.9319	77.6668	78.3232	79.0295	79.7866	80.4955	81.1487	81.7977	82.6214	83.3334	83.9535
64	Bhutan	72.5851	72.4168	72.9517	73.534	74.2227	74.8046	75.4033	76.1499	76.811	77.3784	78.1987	78.7904	79.5358	80.2789	81.1004	81.8094
356	India	70.6321	71.2995	71.5792	72.1488	72.6083	73.1174	73.6992	74.1345	74.8559	75.4864	75.9994	76.3568	76.8966	77.6046	78.3208	79.0193
364	Iran (Islamic Republic of)	76.2143	77.0827	77.4157	77.9377	78.4901	79.0794	79.6511	80.2032	80.8044	81.4952	82.2946	82.7521	83.3097	83.8708	84.2938	84.7963
462	Maldives	80.0628	80.7681	81.2592	81.8283	82.4672	83.0852	83.6781	84.2124	84.7287	85.154	85.4039	85.7372	86.1305	86.5853	86.8966	87.1412
524	Nepal	69.5934	69.6765	70.1213	70.6567	71.154	71.7934	72.212	72.7643	73.2847	73.8862	74.2584	74.6671	75.169	75.6127	76.1281	76.7145
586	Pakistan	66.7895	66.3884	66.2351	66.3059	66.5454	66.882	66.9238	67.0548	67.4455	67.9182	68.361	68.7848	69.2131	69.6261	69.996	70.3202
144	Sri Lanka	77.0013	76.8588	77.0096	77.3932	77.8553	78.2678	78.7552	79.3512	80.0143	80.719	81.446	82.1507	82.6592	83.212	83.7371	84.3843
920	South-Eastern Asia	71.3741	71.9862	72.4004	72.8963	73.3885	73.8378	74.259	74.8585	75.3403	75.7814	76.2079	76.6704	77.2488	77.8846	78.4789	78.9887
96	Brunei Darussalam	74.5507	74.4463	74.4972	74.7505	75.03	75.2765	75.7064	76.1912	76.6633	77.2184	77.6418	78.2363	78.8912	79.5369	80.1976	80.8478
116	Cambodia	70.0818	69.6246	69.5044	69.4775	69.5514	69.683	69.777	69.9928	70.358	70.5539	70.7915	71.0661	71.1456	71.4441	71.9178	72.3415
360	Indonesia	69.9123	70.0225	69.9521	70.1809	70.4589	70.8138	70.9735	71.2894	71.7284	71.8947	72.1398	72.5524	73.0328	73.649	74.0488	74.3393
418	Lao People's Democratic Republic	68.4219	68.1821	68.4992	68.8543	69.3862	69.6678	69.9906	70.3033	70.7908	71.2936	71.7505	72.1187	72.4956	72.8279	73.2699	73.525
458	Malaysia	75.6418	76.01	76.1926	76.4674	76.92	77.4216	77.8344	78.3843	78.9522	79.4394	80.0832	80.8669	81.4098	82.0254	82.6586	83.1714
104	Myanmar	66.2837	65.8916	65.9787	66.3117	66.6623	67.0492	67.5257	67.8456	68.1061	68.3804	68.7214	69.179	69.6186	69.9444	70.3993	70.789
608	Philippines	68.8993	68.6125	68.487	68.4236	68.3481	68.5198	68.9417	69.2207	69.6892	70.1188	70.3587	70.7481	71.1061	71.5625	71.9879	72.3877
702	Singapore	83.3829	83.2091	83.3349	83.6607	83.9241	84.1087	84.3746	84.7326	85.153	85.5762	85.8457	86.1825	86.5366	86.8082	87.2531	87.5636
764	Thailand	76.3621	76.0118	76.3079	76.8403	77.48	78.0643	78.668	79.4409	80.0635	80.7166	81.398	82.0564	82.5771	83.1238	83.5739	84.0086
626	Timor-Leste	67.0276	66.705	66.8942	67.0898	67.2661	67.5955	68.1725	68.4965	68.8008	69.1387	69.5649	69.8014	70.0325	70.5358	70.9655	71.2401
704	Viet Nam	74.3732	73.733	73.7875	74.0172	74.3722	74.8359	75.3714	75.7908	76.2337	76.7499	77.3561	77.9066	78.7539	79.5583	80.2893	81.001
922	Western Asia	74.8038	75.7568	76.2257	76.7334	77.2395	77.7193	78.1367	78.6529	79.1886	79.6267	80.1228	80.5675	80.9802	81.3678	81.8854	82.283
51	Armenia	74.0027	74.9079	75.0386	75.33	75.736	76.0912	76.4748	76.8667	77.337	77.7939	78.3916	79.0236	79.5454	80.0845	80.6823	81.4416
31	Azerbaijan	73.0764	73.4537	73.4153	73.5397	73.8968	74.1557	74.5276	74.8176	75.3017	75.7785	76.233	76.7479	77.217	77.8085	78.4782	79.1998
48	Bahrain	80.1968	80.6433	80.787	81.0413	81.4406	81.9371	82.4277	82.9	83.3562	83.7561	84.2022	84.5643	84.8124	85.2948	85.7149	86.0323
196	Cyprus	81.0186	81.1689	81.448	81.7696	82.2529	82.782	83.2956	83.6702	84.113	84.53	84.9385	85.312	85.7095	86.0663	86.4475	86.716
268	Georgia	73.5668	73.6559	73.7113	73.8919	74.1883	74.5394	74.8113	75.2458	75.6724	76.2055	76.7054	77.2243	77.682	78.3571	79.0738	79.7178
368	Iraq	71.4359	71.0745	70.7939	70.6345	70.8015	71.0375	71.284	71.4585	71.4836	71.7786	72.1199	72.2268	72.4318	72.9329	73.3918	73.6396
376	Israel	82.4401	81.8973	82.1377	82.4918	82.8629	83.2242	83.7009	84.1135	84.4943	84.6825	85.0033	85.4165	85.653	85.9491	86.2878	86.5546
400	Jordan	76.5838	77.1096	77.2031	77.5102	77.822	78.3588	78.8811	79.357	79.8338	80.4383	81.0427	81.6907	82.1127	82.7441	83.2927	83.7331
414	Kuwait	79.2086	79.9232	80.1626	80.6354	81.0875	81.5322	82.1643	82.8066	83.3538	83.8159	84.3627	84.8896	85.2191	85.5992	86.0098	86.3381
422	Lebanon	76.6825	76.9483	76.9659	77.1264	77.4212	77.7413	78.0145	78.416	78.7186	79.0197	79.3938	80.0369	80.6485	81.2825	81.8109	82.3464
512	Oman	78.5215	79.6308	80.0008	80.4172	80.9295	81.523	82.1535	82.8002	83.3962	83.9747	84.5201	84.9951	85.3603	85.7222	85.9696	86.2289
634	Qatar	81.6807	81.8236	81.9746	82.1506	82.5693	82.9423	83.262	83.6148	84.014	84.3282	84.6948	84.9837	85.3227	85.6649	86.0811	86.3163
682	Saudi Arabia	77.8966	78.4174	78.8177	79.3504	79.8459	80.4528	81.1939	81.9181	82.6422	83.359	83.8623	84.389	84.8325	85.2601	85.6446	85.9539
275	State of Palestine	71.4009	75.584	76.2379	76.5751	76.8975	77.3224	77.7346	78.1037	78.6398	79.1481	79.6591	80.1927	80.9343	81.5461	82.2769	82.7243
760	Syrian Arab Republic	72.0781	71.7491	71.8136	72.0004	72.4373	72.6788	73.0558	73.5245	73.7731	74.2598	74.7313	75.3204	75.8944	76.4053	76.9165	77.4525
792	Türkiye	76.7193	77.04	77.3513	77.8516	78.3345	78.7962	79.3328	79.9253	80.4638	80.9672	81.5054	82.0216	82.5641	83.1862	83.6734	84.1337
784	United Arab Emirates	81.4583	82.3828	82.5474	82.798	83.2924	83.8499	84.2934	84.6744	84.9407	85.2251	85.6666	85.8391	86.0067	86.3203	86.562	86.9284
887	Yemen	67.8862	68.1489	67.9516	68.0095	68.2372	68.5243	68.7985	68.9428	69.2214	69.6846	69.971	70.2777	70.4779	70.8097	71.0719	71.638
908	Europe	78.3478	79.4008	79.9963	80.6315	81.2896	81.9399	82.5362	83.1343	83.6981	84.294	84.9448	85.5009	86.0293	86.5468	87.0596	87.5924
923	Eastern Europe	73.6371	74.6406	75.1044	75.6544	76.1978	76.8337	77.4337	78.0313	78.582	79.1676	79.7724	80.3787	80.9706	81.6595	82.242	82.7959
112	Belarus	73.5771	73.666	73.8158	74.1416	74.4945	74.9866	75.4543	75.9257	76.34	77.0162	77.7034	78.3902	79.1223	79.7798	80.4113	80.9804
100	Bulgaria	74.0806	74.7661	74.9004	75.0763	75.5244	75.9118	76.3956	76.8447	77.3305	77.9449	78.5595	79.1908	79.8683	80.4487	81.0461	81.5959
203	Czechia	78.8742	79.1215	79.2522	79.3676	79.5685	80.0042	80.4648	80.9937	81.4609	81.9163	82.4261	82.9409	83.5022	83.9678	84.3501	84.646
348	Hungary	75.9864	76.2762	76.3433	76.6717	77.0783	77.3659	77.9432	78.3896	78.8078	79.5199	80.3681	81.0512	81.6994	82.2787	82.8868	83.3334
616	Poland	77.5511	78.1132	78.3501	78.6632	79.1313	79.6458	80.379	80.9003	81.4801	82.0487	82.5737	83.0337	83.3793	83.6775	84.0043	84.4467
498	Republic of Moldova	70.4572	70.0542	69.9527	70.0604	70.1252	70.4403	70.606	70.8252	71.0372	71.3993	71.642	71.874	72.3376	72.8763	73.3206	73.7005
642	Romania	74.7886	75.0938	75.1447	75.3247	75.7079	76.1531	76.6564	77.0116	77.4835	78.0588	78.6568	79.3536	80.0878	80.6259	81.2891	81.798
643	Russian Federation	71.977	72.3755	72.5894	72.9681	73.3917	73.9109	74.4013	74.9802	75.4574	76.0614	76.6095	77.2066	77.9228	78.6982	79.4773	80.0202
703	Slovakia	77.036	77.6881	77.9549	78.2706	78.6593	79.1466	79.659	80.3198	81.105	81.7096	82.0626	82.5439	83.1821	83.6289	84.0246	84.2893
804	Ukraine	72.7608	73.0614	73.2946	73.5588	73.9162	74.3625	74.8146	75.0988	75.6252	76.1094	76.7058	77.3851	77.9444	78.7086	79.4401	80.0399
924	Northern Europe	81.0512	81.2657	81.6394	82.0657	82.5362	83.0409	83.5419	84.0331	84.5974	85.0597	85.4766	85.9417	86.3237	86.7384	87.1314	87.4758
208	Denmark	81.5324	81.3621	81.4882	81.7701	82.2677	82.5705	83.0239	83.6005	84.0972	84.3807	84.7748	85.1142	85.3806	85.5107	85.8537	86.1962
233	Estonia	78.4354	78.563	78.7937	79.0991	79.5737	80.173	80.7359	81.2322	81.6377	82.1044	82.542	82.8996	83.3809	83.8449	84.1182	84.3921
234	Faroe Islands	79.7765	79.8204	80.2166	80.6475	81.2469	81.8688	82.5319	83.2471	83.7893	84.2856	84.7522	85.1452	85.5583	85.95	86.2385	86.6453
246	Finland	81.6301	81.4497	81.6946	82.1457	82.6048	82.9263	83.2718	83.5945	83.9101	84.3931	84.8349	85.1579	85.3241	85.5808	85.9736	86.2607
831	Guernsey	82.8486	82.7971	83.0106	83.2978	83.5785	83.8494	84.1146	84.3825	84.5247	84.8139	85.1724	85.5277	85.8117	85.9971	86.4157	86.6437
352	Iceland	82.3969	82.2294	82.3023	82.4073	82.6759	82.966	83.3201	83.8092	84.3016	84.8764	85.2847	85.6863	86.1653	86.5798	86.889	87.1842
372	Ireland	82.1002	81.9214	82.2447	82.6083	83.0145	83.3909	83.8278	84.2824	84.5569	84.8605	85.2278	85.6483	86.0142	86.3678	86.671	86.9508
833	Isle of Man	80.6732	80.328	80.4437	80.7658	81.1562	81.5721	82.0392	82.6404	83.1259	83.5728	83.9155	84.2359	84.6311	85.0106	85.3396	85.6083
832	Jersey	79.4404	78.9819	79.1101	79.4822	79.928	80.3771	80.879	81.4269	81.9277	82.4613	82.958	83.3743	83.8325	84.3604	84.7916	85.135
428	Latvia	75.0708	75.3858	75.4184	75.678	75.9921	76.3873	76.815	77.2164	77.8253	78.5139	78.9214	79.5376	79.9486	80.5451	81.1077	81.7451
440	Lithuania	75.1469	75.25	75.3169	75.6231	75.9904	76.2951	76.7519	77.4164	77.9958	78.5753	79.124	79.7148	80.4073	81.0173	81.587	82.0919
578	Norway	82.991	82.7444	82.9414	83.2881	83.5846	83.9176	84.2891	84.5936	84.9119	85.2564	85.5958	85.7653	86.0594	86.3654	86.7851	87.1172
752	Sweden	82.9541	82.7721	83.0075	83.3499	83.6885	83.9734	84.216	84.4721	84.7773	85.0604	85.3293	85.7306	86.1996	86.5998	86.9324	87.2928
826	United Kingdom	80.9096	80.7094	80.8801	81.1484	81.5104	81.9673	82.4102	82.8333	83.4059	83.7469	84.0262	84.6209	84.9093	85.3106	85.6347	85.9255
925	Southern Europe	81.8217	82.6694	83.1536	83.661	84.1809	84.6712	85.1549	85.5904	86.0787	86.5639	87.0337	87.5081	87.9671	88.3961	88.853	89.3505
8	Albania	78.5507	79.0806	79.2874	79.6564	80.0543	80.4338	81.0735	81.6306	82.2136	82.881	83.4274	83.8296	84.2673	84.7256	85.1988	85.5185
20	Andorra	83.1312	83.5553	83.6308	83.8506	84.1591	84.4719	84.8667	85.1129	85.46	85.778	86.0173	86.2169	86.5752	86.9432	87.2607	87.6417
70	Bosnia and Herzegovina	76.6301	77.2716	77.5099	77.9367	78.4256	78.8646	79.3319	79.9298	80.492	81.1381	81.7225	82.2284	82.9003	83.4559	83.8959	84.343
191	Croatia	77.9622	77.9656	78.1194	78.4598	78.9363	79.2647	79.8132	80.4108	81.143	81.7209	82.1928	82.7583	83.3173	83.7827	84.1723	84.4891
292	Gibraltar	82.7243	83.0118	83.1564	83.4507	83.6065	83.8408	84.0983	84.4557	84.8833	85.104	85.425	85.7971	86.1377	86.5225	86.7296	87.251
300	Greece	81.0368	81.4357	81.8106	82.4019	82.761	83.2304	83.5985	84.0647	84.4643	84.793	85.1138	85.4296	85.7517	85.8793	86.0929	86.4838
380	Italy	82.9353	83.2863	83.4535	83.7548	83.987	84.2606	84.5263	84.9018	85.192	85.493	85.9639	86.3629	86.7095	86.944	87.2435	87.6936
412	Kosovo (under UNSC res. 1244)	76.783	77.4412	77.6847	78.0396	78.455	78.9611	79.4521	79.9975	80.5492	81.1022	81.7337	82.4628	83.0109	83.5026	83.8644	84.3347
470	Malta	82.6582	82.8223	83.121	83.4351	83.686	84.0092	84.3278	84.6133	84.8916	85.2345	85.5541	85.753	86.0779	86.469	86.9043	87.166
499	Montenegro	75.9231	76.4111	76.517	76.9215	77.3125	77.79	78.3207	78.8473	79.3012	79.9135	80.6389	81.176	81.8089	82.4229	82.9312	83.2748
807	North Macedonia	75.9375	76.5052	76.5278	76.6053	76.9595	77.3009	77.6062	77.7593	78.0538	78.5965	79.2664	79.7481	80.3043	80.9588	81.6003	82.2132
620	Portugal	81.7094	81.9327	82.155	82.602	82.9456	83.3286	83.64	84.0236	84.3588	84.6975	85.1446	85.5218	85.8137	86.0661	86.3331	86.677
674	San Marino	84.7862	84.9081	84.9749	85.1418	85.2199	85.4442	85.7329	86.2018	86.4408	86.7771	87.0236	87.3168	87.5151	87.6947	88.1336	88.468
688	Serbia	75.3221	76.1028	76.3294	76.685	77.1886	77.6494	78.2272	78.7226	79.3895	80.0988	80.8886	81.5477	82.1484	82.7551	83.3007	83.8771
705	Slovenia	80.9494	81.0785	81.2616	81.6865	82.1523	82.5736	83	83.3475	83.6733	84.0234	84.2862	84.5931	84.9009	85.2509	85.7078	86.1868
724	Spain	82.9813	83.1251	83.3108	83.5384	83.7929	84.063	84.4087	84.7552	85.0701	85.5294	85.9187	86.2752	86.6939	86.8873	87.3021	87.6312
926	Western Europe	81.8207	82.2241	82.6175	83.1007	83.6173	84.0938	84.562	85.029	85.4573	85.9323	86.3995	86.8448	87.2692	87.7027	88.1587	88.5918
40	Austria	81.648	81.5148	81.7705	82.0684	82.5332	82.9629	83.3157	83.7378	84.1326	84.5366	84.8453	85.0978	85.3931	85.9279	86.2871	86.7265
56	Belgium	81.558	81.5994	81.7827	82.1368	82.6097	82.9921	83.3552	83.7936	84.2244	84.5822	84.929	85.2465	85.5493	85.7753	85.9392	86.2746
250	France	82.712	82.7519	82.8368	83.087	83.3766	83.6454	83.9573	84.2028	84.5495	84.8218	85.2188	85.6067	85.8915	86.1781	86.5558	86.9361
276	Germany	80.9948	80.876	81.0578	81.3843	81.7503	82.2646	82.7908	83.3069	83.6008	83.9585	84.4392	84.7287	84.9612	85.2594	85.6536	85.9386
438	Liechtenstein	83.1196	83.2045	83.414	83.7723	84.0927	84.4053	84.6923	85.0718	85.4069	85.7562	86.1225	86.5282	86.9147	87.177	87.5031	87.8932
442	Luxembourg	81.9222	81.6527	81.7124	81.9831	82.4417	82.8466	83.2312	83.5496	83.9114	84.2169	84.4265	84.839	85.2569	85.4178	85.6351	85.9851
492	Monaco	85.8015	85.6107	85.6431	85.8107	85.9473	86.2381	86.4613	86.6132	86.8839	87.2786	87.5803	87.8953	88.1608	88.4793	88.831	89.0744
528	Netherlands	81.7339	81.5927	81.7271	82.0841	82.5077	82.9817	83.47	83.9437	84.3796	84.8056	85.1164	85.3611	85.7462	86.0373	86.5122	86.8907
756	Switzerland	83.5307	83.4836	83.5639	83.7603	84.0232	84.3187	84.6244	84.9277	85.2224	85.5442	85.8187	86.0935	86.4985	86.9345	87.3989	87.9521
5505	Americas	76.1175	77.3854	77.8646	78.415	78.9649	79.5603	80.1617	80.7842	81.3761	81.9848	82.5884	83.1174	83.6455	84.1981	84.767	85.2681
904	Latin America and the Caribbean	74.4472	75.8529	76.4008	77.0396	77.6775	78.2967	78.9328	79.5429	80.1467	80.7508	81.4102	82.0081	82.5949	83.1562	83.7118	84.2277
915	Caribbean	72.2202	72.8528	73.0542	73.3639	73.621	73.8795	74.1029	74.3048	74.5434	74.8779	75.2093	75.5361	75.7413	76.0728	76.3438	76.7357
660	Anguilla	78.8896	78.8197	79.0869	79.4757	80.0023	80.5951	81.1875	81.6652	82.2403	82.7721	83.2514	83.6549	84.0487	84.402	84.777	85.1508
28	Antigua and Barbuda	77.2904	76.9272	77.0835	77.4619	77.8471	78.3524	78.8438	79.3373	79.8395	80.3384	80.9599	81.4776	82.0758	82.6209	83.1866	83.7193
533	Aruba	75.5141	75.5081	75.5913	75.7557	75.9631	76.3077	76.6933	76.9601	77.3972	77.8397	78.3038	78.7706	79.25	79.8203	80.5054	80.9612
44	Bahamas	73.4309	73.6602	73.6815	73.8597	74.0984	74.4717	74.8804	75.3962	75.7682	76.2974	76.8012	77.3713	77.8503	78.389	79.0189	79.5142
52	Barbados	76.0255	75.3827	75.4781	75.6837	75.9944	76.3246	76.6159	77.0504	77.4247	77.9282	78.4315	78.995	79.6834	80.3758	80.9917	81.5789
535	Bonaire, Sint Eustatius and Saba	77.4503	76.6982	76.7852	77.167	77.6181	78.0279	78.5105	78.9683	79.4431	80.062	80.6903	81.2212	81.769	82.1466	82.5977	83.1616
92	British Virgin Islands	76.6657	76.5776	76.7494	77.0806	77.4104	77.7158	78.1132	78.6015	79.0858	79.6073	80.1984	80.7853	81.3951	81.8736	82.4687	83.1433
136	Cayman Islands	79.8333	79.8925	80.129	80.4888	81.0295	81.577	82.0932	82.7005	83.1775	83.6575	83.9784	84.4655	84.8116	85.233	85.6908	85.9433
192	Cuba	76.7871	77.4438	77.6828	78.0334	78.4019	78.934	79.4879	80.0079	80.6213	81.3109	81.9111	82.5011	82.9505	83.5618	84.089	84.4813
531	Curaçao	76.3735	76.1556	76.2955	76.6636	77.0093	77.2722	77.4751	77.9586	78.4488	79.163	79.8668	80.4765	81.1006	81.6789	82.2444	82.5883
212	Dominica	70.6627	70.1647	70.2451	70.4738	70.8183	71.1771	71.6018	72.1322	72.6441	73.2312	73.6515	73.9636	74.339	74.8367	75.3346	75.7659
214	Dominican Republic	73.1127	72.6391	72.4837	72.451	72.4878	72.7381	73.0607	73.2242	73.4811	73.7473	74.1278	74.3842	74.5053	75.05	75.5444	76.0428
308	Grenada	74.8515	74.3771	74.3541	74.591	74.8787	75.2382	75.5806	75.9047	76.3729	76.7413	77.2719	77.8182	78.4157	78.9334	79.5923	80.384
312	Guadeloupe	80.7588	81.6546	81.9197	82.1899	82.5966	83.0045	83.3	83.4901	83.8371	84.167	84.4872	84.796	84.9663	85.2155	85.473	85.8397
332	Haiti	63.9243	63.7293	63.6082	63.6853	63.7481	63.8319	64.1096	64.3121	64.7052	65.0296	65.3918	65.5367	65.7688	66.1169	66.4826	66.8306
388	Jamaica	70.7591	70.35	70.1462	70.1783	70.372	70.5876	70.7561	70.9252	71.2846	71.7275	71.8615	72.1303	72.4708	72.9977	73.2099	73.4748
474	Martinique	80.8756	82.1844	82.3968	82.7833	83.2049	83.4987	83.7707	84.0744	84.3248	84.5978	84.9354	85.2423	85.4145	85.7059	86.0277	86.4587
500	Montserrat	75.8544	75.3688	75.4637	75.7337	75.9987	76.4157	76.8501	77.2892	77.7366	78.2083	78.6441	79.1626	79.7634	80.367	81.0602	81.7269
630	Puerto Rico	80.5643	81.3399	81.7654	82.1399	82.5342	82.8362	83.2236	83.6208	83.964	84.2409	84.5414	84.9012	85.2549	85.4874	85.7526	86.0779
652	Saint Barthélemy	84.0801	83.5517	83.5818	83.753	83.9698	84.2741	84.5475	84.7858	85.1019	85.3216	85.6877	85.8888	86.1927	86.5026	86.8275	87.1816
659	Saint Kitts and Nevis	70.8924	71.0952	70.9852	71.1659	71.3503	71.7742	72.1949	72.4681	72.9035	73.2818	73.5677	73.9658	74.3428	74.7021	75.1143	75.582
662	Saint Lucia	71.7231	71.7037	71.585	71.7492	72.0175	72.4148	72.8579	73.403	73.6077	73.9609	74.3877	74.8203	75.3769	75.7624	76.2641	76.7588
663	Saint Martin (French part)	80.1087	79.939	80.3094	80.714	81.2484	81.8152	82.3629	82.9156	83.3783	83.7507	84.0306	84.3406	84.7022	84.9287	85.1286	85.4743
670	Saint Vincent and the Grenadines	70.4167	70.1749	70.0564	70.0407	70.3498	70.5975	70.8201	71.1115	71.5487	71.9345	72.2065	72.3357	72.7953	73.1692	73.5891	73.9525
534	Sint Maarten (Dutch part)	75.6611	75.6341	75.6938	75.8212	76.2068	76.5555	76.9675	77.2907	77.777	78.2451	78.7773	79.3701	79.9456	80.4959	81.0717	81.799
780	Trinidad and Tobago	72.691	72.4314	72.255	72.3528	72.4343	72.682	73.028	73.4061	73.7179	74.0447	74.4203	74.8861	75.2714	75.7563	76.3131	76.8151
796	Turks and Caicos Islands	77.6262	77.3372	77.5042	77.7475	78.1913	78.5944	79.1145	79.6488	80.1545	80.9135	81.6114	82.1855	82.7414	83.1513	83.5752	84.0288
850	United States Virgin Islands	75.0145	75.0478	75.4503	75.8068	76.4445	77.0213	77.6245	78.4572	79.0906	79.7147	80.4449	81.1834	81.7413	82.1797	82.5203	82.9781
916	Central America	73.262	74.6044	74.9786	75.4679	75.9386	76.5395	77.1363	77.7335	78.352	78.9294	79.4655	80.1015	80.697	81.308	81.9433	82.5727
84	Belize	72.3757	72.683	72.6517	73.0208	73.468	73.8604	74.223	74.6752	75.1374	75.5885	76.0859	76.611	77.111	77.81	78.4806	79.2389
188	Costa Rica	79.7392	80.4572	80.7694	81.1993	81.7861	82.4206	83.0905	83.6124	83.974	84.4015	84.7486	85.1648	85.567	85.9186	86.2318	86.5877
222	El Salvador	71.2716	71.4121	71.6498	72.1267	72.6662	73.1834	73.8478	74.3993	75.0724	75.6495	76.2892	76.9469	77.785	78.444	79.1705	79.9341
320	Guatemala	70.9222	71.5421	71.435	71.6551	71.8345	72.153	72.4376	72.7455	73.1651	73.5144	73.7807	74.1698	74.4444	74.8873	75.2956	75.4956
340	Honduras	71.7825	71.9325	71.9765	72.1605	72.6029	72.9018	73.3566	73.8503	74.2006	74.6707	74.9312	75.4474	76.0663	76.4915	77.0946	77.67
484	Mexico	73.1652	74.367	74.5915	74.9891	75.3732	75.8349	76.3585	76.8866	77.4229	78.0922	78.5234	79.182	79.7801	80.3963	81.1007	81.6856
558	Nicaragua	73.3649	74.0691	74.144	74.4167	74.6809	75.0193	75.4447	75.9289	76.3044	76.8102	77.2374	77.723	78.2674	78.9586	79.585	80.2585
591	Panama	78.5719	79.1042	79.4082	79.735	80.2123	80.6924	81.3109	81.8918	82.5378	82.9103	83.5365	83.9763	84.4683	84.9709	85.2788	85.594
931	South America	75.0447	76.1667	76.6235	77.2062	77.763	78.3435	78.9017	79.5244	80.1796	80.7734	81.4204	81.9593	82.5462	83.1325	83.7608	84.3709
32	Argentina	76.0568	76.6236	76.5949	76.765	77.0618	77.4141	77.8075	78.2617	78.7052	79.2214	79.8048	80.4718	81.0468	81.7522	82.3333	82.8385
68	Bolivia (Plurinational State of)	66.1555	67.4641	67.3831	67.4871	67.8952	68.1632	68.4547	68.8971	69.3129	69.6818	70.0682	70.4764	70.7158	71.2759	71.6842	72.1257
76	Brazil	74.791	75.0747	75.2057	75.6279	75.9694	76.2642	76.7698	77.2987	77.8121	78.3479	78.6836	79.1961	79.8314	80.5435	81.2147	81.9031
152	Chile	79.9982	80.7125	80.9443	81.4248	81.9236	82.5203	83.0571	83.6163	84.2024	84.6109	84.9319	85.2858	85.6214	85.9836	86.2388	86.5978
170	Colombia	76.0358	77.0817	77.2639	77.6711	78.1176	78.6294	79.1957	79.7157	80.3277	80.9931	81.6935	82.4356	83.1866	83.6536	84.0014	84.4071
218	Ecuador	75.615	76.7918	77.0143	77.3722	77.8365	78.2729	78.728	79.1569	79.7839	80.4283	81.1062	81.6532	82.2477	82.8286	83.2799	83.762
238	Falkland Islands (Malvinas)	78.9342	78.6844	78.9991	79.3773	79.7412	80.4073	81.0112	81.7574	82.3627	82.8503	83.3799	83.7175	84.2149	84.6309	85.0312	85.4133
254	French Guiana	76.2864	76.3718	76.5577	76.9343	77.3589	77.9414	78.5097	79.1037	79.6525	80.2214	80.8171	81.406	82.0223	82.6657	83.3018	83.7954
328	Guyana	68.4773	68.993	68.9257	68.9883	69.1451	69.2963	69.5522	69.7174	69.9305	70.1475	70.4664	70.7026	70.9511	71.3547	71.6898	72.113
600	Paraguay	72.0981	72.8606	72.7324	72.8227	73.0253	73.2527	73.2883	73.5108	73.8714	74.2658	74.7076	75.0768	75.4748	75.9815	76.4515	77.0315
604	Peru	75.8016	77.0948	77.2028	77.616	78.0603	78.6298	79.1362	79.6764	80.106	80.6727	81.2537	81.904	82.4982	82.96	83.4965	84.0064
740	Suriname	72.2833	72.5827	72.4871	72.6772	72.8963	73.0988	73.455	73.8353	74.1464	74.363	74.5345	75.1529	75.6498	76.1409	76.6258	77.3718
858	Uruguay	77.1312	77.4575	77.641	77.9469	78.2386	78.6254	79.1469	79.7565	80.3479	80.9252	81.4414	81.9538	82.4097	82.8357	83.2732	83.7008
862	Venezuela (Bolivarian Republic of)	72.1022	71.5227	71.5683	71.7919	72.0958	72.5142	73.044	73.5102	73.9672	74.5099	75.0944	75.7198	76.1617	76.7008	77.4872	78.1519
905	Northern America	78.4794	79.084	79.2379	79.4858	79.8237	80.3028	80.8517	81.3825	81.9474	82.5556	82.9755	83.492	84.1045	84.543	85.0292	85.3931
60	Bermuda	81.9539	81.9413	82.1161	82.4994	82.7695	83.1018	83.4074	83.6893	84.0936	84.4392	84.7004	85.0826	85.4144	85.8236	86.1257	86.5463
124	Canada	81.9675	82.1114	82.3603	82.7675	83.1176	83.4903	83.8093	84.1357	84.5433	84.8199	85.1586	85.5379	85.8634	86.2579	86.6532	87.02
304	Greenland	69.8326	68.8275	68.605	68.5334	68.7243	69.0233	69.3644	69.5346	69.9027	70.367	70.7582	70.8004	70.9943	71.4453	71.9916	72.5128
666	Saint Pierre and Miquelon	76.5558	76.0887	76.351	76.7672	77.2001	77.6292	78.1493	78.6815	79.3039	79.8434	80.4425	80.9875	81.5956	82.1765	82.5605	83.0533
840	United States of America	78.0696	78.6144	78.7204	78.927	79.2065	79.6826	80.2203	80.7169	81.2784	81.8978	82.253	82.7475	83.3521	83.8028	84.3614	84.7889
909	Oceania	78.6707	78.74	78.7934	78.8974	79.0323	79.2483	79.4299	79.6005	79.8443	80.1284	80.3039	80.5757	80.7873	81.0448	81.3463	81.7232
927	Australia/New Zealand	83.226	83.299	83.5046	83.7871	84.1112	84.4674	84.8582	85.2224	85.6274	85.9544	86.1869	86.5699	86.8415	87.1081	87.4831	87.8908
36	Australia	83.4664	83.4287	83.5422	83.7853	84.0234	84.3955	84.6936	84.9761	85.401	85.6772	85.8645	86.2094	86.471	86.6932	86.9925	87.4018
554	New Zealand	81.8372	81.5083	81.6187	81.8649	82.2734	82.7104	83.1144	83.5097	83.9745	84.3313	84.6594	84.9267	85.3513	85.5659	86.0272	86.2402
928	Melanesia	66.0828	65.9168	65.8118	65.8595	65.9497	66.0432	66.0636	66.2379	66.5347	66.8976	67.0442	67.2596	67.4645	67.8368	68.1967	68.5261
242	Fiji	66.5046	66.0973	65.9892	65.9417	66.2523	66.4307	66.7986	67.0523	67.3447	67.7373	68.0045	68.3179	68.7212	69.0828	69.4051	69.6862
540	New Caledonia	77.882	78.024	78.144	78.4012	78.7968	79.3256	79.8479	80.2657	80.711	81.2739	81.9083	82.4731	83.0671	83.617	84.0275	84.2975
598	Papua New Guinea	65.2554	64.8161	64.516	64.459	64.389	64.3824	64.3887	64.4089	64.6955	64.9844	65.1302	65.1649	65.2402	65.484	65.8481	66.1789
90	Solomon Islands	69.8337	69.408	69.3466	69.4204	69.6182	69.843	70.1042	70.3924	70.6126	70.788	71.3257	71.6623	72.0999	72.6027	73.0359	73.2259
548	Vanuatu	70.834	70.643	70.6855	70.946	71.304	71.5985	71.8695	72.2848	72.7705	73.0795	73.4281	73.9001	74.3291	74.7509	75.2265	75.7728
954	Micronesia	70.8685	71.2809	71.555	71.9105	72.2738	72.514	72.75	73.1279	73.3211	73.6389	73.9319	74.2698	74.6325	75.031	75.3354	75.6542
316	Guam	76.5366	76.7051	76.9228	77.3572	77.7882	78.3481	78.8226	79.4313	80.2	80.8344	81.5664	82.2358	82.7538	83.2581	83.638	84.0753
296	Kiribati	65.5821	65.0443	64.8008	64.7421	64.7898	64.9084	65.0607	65.2946	65.5473	65.8209	66.0488	66.3026	66.7151	67.0591	67.2103	67.5331
584	Marshall Islands	66.1629	65.5725	65.3403	65.2786	65.2881	65.254	65.4096	65.5403	65.6119	65.8584	66.2512	66.566	66.8915	67.1493	67.5459	67.6058
583	Micronesia (Fed. States of)	66.5577	65.9521	65.8146	65.8779	66.1825	66.1351	66.3999	66.8546	67.2246	67.5687	67.8215	68.0388	68.4821	68.8265	69.0979	69.5094
520	Nauru	61.5981	60.8345	60.7323	60.7612	61.0027	61.1647	61.4881	62.0165	62.1977	62.4548	62.8481	63.0424	63.2839	63.8377	63.9271	64.1565
580	Northern Mariana Islands	78.3668	78.0146	78.0848	78.1694	78.5183	78.8572	79.2123	79.6279	80.2346	80.9302	81.3396	81.8351	82.5336	82.9732	83.5584	84.0184
585	Palau	68.7373	67.9047	67.5941	67.4632	67.5216	67.7809	68.0523	68.1984	68.6277	69.0499	69.401	69.6331	69.7806	70.0652	70.3983	70.7653
957	Polynesia	76.5443	77.2377	77.7223	78.2198	78.6481	79.0183	79.3867	79.667	79.9336	80.1717	80.2494	80.4214	80.3536	80.4397	80.5164	80.6051
16	American Samoa	72.5786	71.7798	71.6131	71.7447	71.9887	72.2147	72.5702	72.8384	73.1611	73.5274	74.0257	74.4078	74.7628	75.1923	75.7939	76.2786
184	Cook Islands	74.857	74.5877	74.8226	75.2544	75.6789	76.1935	76.7024	77.1583	77.6997	78.2226	78.7034	79.3008	79.9337	80.4453	81.1802	81.9781
258	French Polynesia	82.8183	83.4422	83.5312	83.6796	83.8965	84.18	84.5453	84.8554	85.1672	85.4849	85.7571	86.0718	86.3545	86.6882	87.0585	87.3937
570	Niue	69.5799	68.7631	68.6523	68.6718	68.9492	69.2851	69.538	69.7028	69.9816	70.1439	70.3267	70.6125	71.0076	71.2957	71.554	71.9017
882	Samoa	71.213	70.5176	70.2878	70.3659	70.55	70.7393	70.9599	71.0701	71.3501	71.7415	72.0262	72.3644	72.4019	72.6805	73.14	73.3632
772	Tokelau	76.6885	75.9718	75.8558	75.9193	76.2658	76.4388	76.6808	76.9173	77.2686	77.5892	77.9879	78.1765	78.5453	79.119	79.6069	80.2156
776	Tonga	72.4378	71.9566	71.8749	72.0299	72.4731	72.8813	73.2124	73.5307	73.9389	74.362	74.6866	74.9735	75.2567	75.6363	76.2022	76.8353
798	Tuvalu	66.4564	65.8455	65.7011	65.7366	65.9687	66.2691	66.4977	66.8195	67.1315	67.335	67.6079	67.903	68.3457	68.5906	68.988	69.4298
876	Wallis and Futuna Islands	78.1254	77.7453	77.7184	77.9468	78.2514	78.5851	78.9067	79.268	79.5741	79.9016	80.4129	80.9712	81.5235	82.1065	82.4777	82.8948
