country_code	country	1950-1955	1955-1960	1960-1965	1965-1970	1970-1975	1975-1980	1980-1985	1985-1990	1990-1995	1995-2000	2000-2005	2005-2010	2010-2015	2015-2020	last.observed
900	World	50.1287	52.1227	54.3765	57.3301	59.4679	61.6662	63.8553	65.7057	66.901	68.1974	69.8151	71.78	73.5782	74.8554	2023
1834	Sub-Saharan Africa	39.8534	41.4876	43.4914	44.9262	46.549	48.697	49.8529	50.5717	50.4341	51.5	53.2613	56.2183	59.3196	61.6766	2023
1833	Northern Africa and Western Asia	44.5872	47.8519	50.9783	53.8415	56.5544	59.7329	63.0383	65.8931	68.0678	69.8617	71.5172	73.0576	74.2709	75.4025	2023
1831	Central and Southern Asia	40.9695	43.6501	45.6808	47.268	49.3815	52.6447	55.8424	58.6586	60.7518	62.8969	65.4603	67.9388	70.125	71.8256	2023
1832	Eastern and South-Eastern Asia	48.3534	49.3388	52.1695	58.1375	61.7893	64.8563	67.957	70.0543	71.9303	73.7875	75.4658	76.9837	78.4212	79.6034	2023
1830	Latin America and the Caribbean	52.3183	55.3694	58.1099	60.4408	62.5875	65.0805	67.2592	69.4141	71.4057	73.1979	74.9398	76.3187	77.4166	77.9551	2023
1835	Oceania (excluding Australia and New Zealand)	45.7239	49.9151	53.0173	56.2219	59.034	61.6467	63.4315	64.8086	65.7427	66.2152	66.4966	67.0414	68.5059	69.6548	2023
1836	Australia/New Zealand	72.3206	73.5961	74.2715	74.4244	75.3328	77.0495	78.3403	79.1405	80.4857	81.4673	82.6182	83.5398	84.2473	84.8936	2023
1829	Europe and Northern America	67.5016	70.9037	72.765	73.6951	74.5611	75.5006	76.3058	77.173	77.45	77.9703	78.5855	79.783	80.919	81.5096	2023
5502	Europe, Northern America, Australia, and New Zealand	67.5701	70.9444	72.7899	73.7091	74.5755	75.5256	76.3377	77.2053	77.5014	78.0305	78.6569	79.8534	80.9852	81.5804	2023
901	More developed regions	67.2797	70.7308	72.7021	73.7672	74.7326	75.7829	76.6664	77.5993	77.9874	78.6037	79.3234	80.5137	81.6001	82.2232	2023
902	Less developed regions	44.6166	46.5171	48.9652	52.6685	55.2839	57.8925	60.5444	62.7243	64.2605	65.866	67.7106	69.7605	71.699	73.1528	2023
941	Least developed countries	38.7656	40.6907	42.9239	44.6516	45.1825	46.8925	49.2454	50.8883	51.8971	54.732	57.8324	60.9125	63.8608	66.222	2023
934	Less developed regions, excluding least developed countries	45.5182	47.3909	49.9054	53.9268	56.958	59.8341	62.6093	64.8942	66.5875	68.04	69.6557	71.4967	73.2402	74.5542	2023
948	Less developed regions, excluding China	43.4205	46.5018	48.8996	50.8377	52.9658	55.5719	58.2693	60.3785	61.848	63.4301	65.3852	67.546	69.5601	71.0449	2023
1636	Land-locked Developing Countries (LLDC)	42.2476	43.7298	46.2042	47.5908	48.5374	50.3072	51.0554	52.3767	52.7089	54.5603	57.2629	60.8298	64.4261	66.7099	2023
2087	LLDC: Africa	39.4017	40.2359	42.8075	43.8528	44.3571	46.1467	46.5106	47.0061	46.3499	48.6763	51.8887	56.2906	60.884	63.749	2023
2088	LLDC: Asia	44.8915	47.1698	49.4806	51.5008	53.3976	55.277	57.0283	60.053	62.5306	63.8368	66.0607	68.3541	70.2836	71.7999	2023
2089	LLDC: Europe	56.3902	60.3833	62.821	64.6415	66.3883	68.1493	69.8773	71.4749	71.5617	71.7343	72.8992	74.011	75.495	75.9636	2023
2090	LLDC: Latin America	48.9036	49.9951	51.4922	53.0867	54.4324	56.321	58.2362	60.5624	63.5211	65.9986	68.0723	69.8006	71.3456	72.0505	2023
1637	Small Island Developing States (SIDS)	52.5147	55.9301	58.5535	60.9223	62.7797	63.9593	65.5653	66.961	68.3564	69.7981	71.5719	72.3414	73.6898	74.9442	2023
2091	SIDS Caribbean	54.4266	57.6885	60.2192	62.4493	64.1827	65.582	66.8626	68.0758	69.3867	71.0196	72.6383	73.152	74.3089	75.58	2023
2092	SIDS Pacific	43.2395	47.0862	50.0906	53.2565	55.7973	56.3903	59.7688	61.8402	63.3218	64.1282	65.9924	66.7649	68.2714	69.4734	2023
2093	SIDS Atlantic, Indian Ocean and South China Sea (AIS)	50.7208	54.6213	57.4232	59.6416	61.409	62.3293	63.7778	65.527	67.6011	69.1505	71.3999	73.6798	75.7843	77.4784	2023
5503	High-and-upper-middle-income countries	55.4477	56.9225	59.5076	63.5111	66.1859	68.7766	70.8328	72.5173	73.8809	75.2509	76.4412	77.9125	79.3108	80.2588	2023
5504	Low-and-Lower-middle-income countries	41.7887	44.62	46.7803	48.3492	50.1878	52.7562	55.586	57.7082	59.0135	60.6663	62.9302	65.3149	67.4418	69.0781	2023
1503	High-income countries	67.3069	69.9743	71.7555	73.0953	74.4302	75.9513	77.1641	78.2067	79.2228	80.166	81.2068	82.2781	83.0735	83.4775	2023
1859	Low-and-middle-income countries	45.6795	47.7026	50.1084	53.5846	56.0241	58.4456	60.9251	63.0275	64.2735	65.6823	67.4105	69.4985	71.4951	72.9803	2023
1517	Middle-income countries	46.2724	48.225	50.6561	54.2886	56.8582	59.4067	62.133	64.3042	65.6584	67.0456	68.6696	70.6379	72.5726	73.9978	2023
1502	Upper-middle-income countries	49.4473	50.6909	53.5548	58.8942	62.2146	65.17	67.6158	69.6918	71.1511	72.6823	73.918	75.5483	77.2425	78.4768	2023
1501	Lower-middle-income countries	42.4299	45.2671	47.3931	48.9573	50.9128	53.6653	56.967	59.1984	60.641	62.1753	64.3017	66.5017	68.5312	70.0671	2023
1500	Low-income countries	38.1357	40.7961	43.1211	44.7822	46.0864	47.7335	48.1625	49.7921	50.6496	53.2252	56.2951	59.6815	62.4299	64.7442	2023
1518	No income group available	55.3053	58.6455	62.012	65.277	67.7304	70.2903	71.8633	73.2883	74.4199	75.4836	76.3059	77.2747	77.4948	76.5855	2023
903	Africa	40.098	42.1491	44.3396	45.9663	47.7137	50.0784	51.7335	52.928	53.1192	54.2773	55.9875	58.7284	61.558	63.7153	2023
910	Eastern Africa	41.4386	42.7925	45.6114	46.8819	47.5669	49.2231	49.223	49.6701	48.4985	50.8383	54.2175	58.6534	62.4821	65.563	2023
108	Burundi	42.8739	44.1587	44.6778	44.4709	39.1371	45.6241	48.4323	47.6092	44.7067	48.0121	52.3423	56.7675	60.3048	63.328	2023
174	Comoros	39.1431	41.7108	43.4138	45.5591	48.194	50.6611	53.227	55.4585	57.9148	60.1329	61.7582	63.4692	65.4282	67.2502	2023
262	Djibouti	43.4217	44.8787	46.491	48.6786	51.2056	53.6503	55.218	57.3794	57.5851	58.1429	59.7961	62.0638	64.3197	66.3728	2023
232	Eritrea	36.3153	35.8984	40.6518	41.9785	42.6492	45.9047	43.4939	47.6889	53.7656	56.7552	60.8942	63.9966	66.7105	68.7677	2023
231	Ethiopia	39.986	39.2419	44.1674	44.9053	44.0237	44.9569	42.6226	45.1034	48.2275	50.2866	53.4709	59.0033	64.2871	68.0395	2023
404	Kenya	40.9913	47.0709	51.735	54.4081	56.9002	59.7906	61.9003	62.1372	58.4102	56.4251	58.0568	61.1878	63.6676	64.932	2023
450	Madagascar	41.4697	43.5508	45.7127	48.0525	49.9897	51.2307	51.5438	52.9532	55.0286	57.8956	60.6633	63.2081	64.7174	65.0471	2023
454	Malawi	34.8532	35.7982	36.8712	37.4882	39.4732	44.2409	46.7601	45.687	44.7301	45.8799	50.742	56.9986	62.8735	67.3919	2023
480	Mauritius	53.4293	58.0989	62.3115	64.6462	67.0507	69.4763	71.9427	73.319	74.1496	74.7403	75.5816	76.5264	77.8191	77.9585	2023
175	Mayotte	46.5654	52.6667	57.1709	61.2504	67.3834	71.8403	74.4801	75.9949	76.7656	78.3629	79.3132	80.1548	79.5163	78.0402	2023
508	Mozambique	39.4878	41.4168	42.8597	43.4645	44.1124	44.7073	42.6685	44.6093	46.9131	49.2007	52.2713	54.7919	58.5177	62.6704	2023
638	Réunion	53.4859	58.2809	62.9023	65.7455	68.6169	71.869	75.5311	77.8986	79.3354	80.711	81.5032	82.7902	84.5816	85.228	2023
646	Rwanda	44.2579	46.2687	47.5272	48.2661	46.4027	46.6431	51.5402	52.3208	27.9043	46.2824	53.7362	61.8353	66.2377	68.3812	2023
690	Seychelles	60.9123	63.2365	64.3788	65.7727	68.7508	71.9935	73.5279	74.7	75.8092	76.4423	76.3605	76.3288	76.3505	76.4468	2023
706	Somalia	43.4241	44.4942	45.5658	46.6449	46.9178	48.4938	49.4428	49.8021	39.2736	52.0652	52.2518	52.6474	49.2022	57.2609	2023
728	South Sudan	33.6481	31.8703	31.8192	30.0185	35.2558	38.2153	36.4322	24.2067	30.5572	33.7995	51.6927	56.8097	54.9146	47.5123	2023
800	Uganda	42.6426	45.8746	49.0803	51.2223	49.9591	48.3816	47.9749	49.7783	49.7181	50.0906	53.9106	59.6031	64.2492	68.1871	2023
834	United Republic of Tanzania	42.8514	43.5564	44.6648	46.7691	49.4048	52.16	54.2864	54.0903	52.9835	52.8505	56.7322	61.1703	64.5774	68.0106	2023
894	Zambia	48.6992	50.6864	52.3287	53.7421	55.7261	57.4341	55.4982	51.3392	47.9199	46.6951	49.7181	55.2132	60.7653	64.3901	2023
716	Zimbabwe	52.6112	54.7724	57.2333	59.6024	60.8929	61.3088	63.2061	63.7134	57.2582	49.5442	46.2083	48.7248	57.1959	62.3122	2023
911	Middle Africa	38.888	40.7936	42.2159	44.2799	46.1976	47.2861	48.5326	49.634	51.0335	51.9767	53.6334	55.6756	59.0005	61.3784	2023
24	Angola	37.7394	38.7487	39.9909	41.6989	43.8057	44.7533	45.689	45.3005	46.7324	48.557	51.4867	56.6188	61.5666	64.8072	2023
120	Cameroon	36.2955	40.3209	43.6064	47.0868	50.3048	51.5747	53.5627	55.5505	55.4323	54.6012	55.2249	57.2238	60.1464	63.0578	2023
140	Central African Republic	37.5	39.5141	41.8449	44.6434	47.5996	49.975	51.4857	51.7808	50.7439	48.6646	48.0541	40.014	50.4223	49.5596	2023
148	Chad	37.8961	39.7183	41.2489	42.8423	44.1346	45.4386	47.0168	48.5091	48.6271	49.0434	49.5785	50.4262	51.8802	53.6799	2023
178	Congo	42.6823	46.8924	50.8378	53.8835	56.2301	57.8609	59.1015	58.765	57.0145	55.1396	57.5473	61.3829	64.1702	65.516	2023
180	Democratic Republic of the Congo	40.0748	41.3969	41.9189	43.6239	45.0635	45.9503	46.9892	48.5271	50.9937	52.6899	54.6213	56.7392	59.2428	61.5457	2023
226	Equatorial Guinea	43.619	44.9977	46.3179	42.5243	42.5897	42.7447	52.8126	53.2428	53.3257	54.0669	56.2022	58.5706	61.1785	63.5227	2023
266	Gabon	43.8577	47.3676	50.6804	53.7763	56.5682	59.2092	61.1808	62.0822	62.4279	62.8002	63.8046	65.5898	67.8494	69.3446	2023
678	Sao Tome and Principe	40.0169	41.8267	48.9184	55.9452	60.2045	60.883	61.5714	61.4304	62.7297	62.4198	64.0232	65.7271	67.8719	70.9855	2023
912	Northern Africa	41.1716	44.668	47.494	49.8697	52.162	55.4486	59.3289	62.9603	65.3067	67.5796	69.2014	70.7287	72.14	73.3117	2023
12	Algeria	43.9003	43.9022	43.419	43.2029	45.4293	51.4175	61.6376	67.3153	68.982	70.9007	73.0125	74.7226	75.9248	76.6237	2023
818	Egypt	39.0993	44.8927	48.9372	51.4025	53.0284	55.9041	59.4301	62.767	65.6998	68.495	70.3606	71.2071	72.0418	72.9705	2023
434	Libya	36.7722	40.361	46.7072	54.2726	61.1243	66.112	68.7554	71.0442	72.5601	72.8323	73.2226	74.2106	74.7623	75.9161	2023
504	Morocco	40.6787	42.6932	45.2479	48.3341	50.9992	54.2769	58.5751	62.4279	65.2677	67.5196	69.5389	71.6014	73.7734	75.7272	2023
729	Sudan	47.4453	49.4789	51.4857	53.0287	54.3743	55.0857	54.2188	57.3312	58.8535	60.8618	61.4961	64.0931	66.4468	68.1597	2023
788	Tunisia	40.4884	43.2282	46.7896	51.7499	57.9533	63.1876	67.075	70.1621	72.1779	74.3718	75.7971	76.6981	77.184	77.9132	2023
732	Western Sahara	38.7312	39.5895	41.6408	43.4005	45.0249	49.5351	53.1746	57.2488	60.9234	63.5459	66.092	68.4104	70.4875	72.1258	2023
913	Southern Africa	46.8911	52.0773	55.3851	57.0374	58.7417	61.2304	64.1548	66.2008	65.9234	62.296	56.6163	57.15	63.7839	67.8199	2023
72	Botswana	48.966	51.539	54.4479	57.1398	60.2322	63.6674	66.1777	65.5312	60.5928	55.5489	54.7356	58.8265	62.9663	67.9711	2023
748	Eswatini	45.3331	46.8953	48.7247	51.327	54.2695	57.8717	61.0657	63.7511	60.3794	52.3382	46.3863	46.947	53.0722	60.5559	2023
426	Lesotho	48.8766	51.9098	53.0993	54.0036	55.9984	58.9754	62.4478	63.9038	62.2344	55.6442	47.7365	46.3694	51.2921	56.4966	2023
516	Namibia	45.5534	48.7533	52.1826	55.3183	58.3645	61.5005	63.4736	64.448	62.2631	57.0777	53.8389	56.6557	61.0277	65.8272	2023
710	South Africa	46.7995	52.3583	55.8213	57.3816	58.9487	61.344	64.2723	66.4415	66.5309	63.2843	57.4665	57.8243	64.6852	68.5027	2023
914	Western Africa	37.4822	38.6934	39.9496	41.1531	43.4146	46.4125	48.3892	48.9386	49.3976	50.064	51.7646	54.1445	55.7848	57.147	2023
204	Benin	37.9974	39.6872	41.8103	43.9127	46.2031	49.036	51.4495	54.4611	56.8411	57.8876	58.4014	59.1426	59.6372	60.7387	2023
854	Burkina Faso	34.8114	36.2792	37.9995	39.7819	42.0436	45.7142	48.8068	50.0227	50.389	51.2669	53.2354	56.1997	59.1575	61.4117	2023
132	Cabo Verde	47.2135	48.9469	51.8578	55.9959	58.8732	61.8312	63.9787	66.042	67.9689	70.5694	73.4944	75.5762	76.9552	78.2078	2023
384	Côte d'Ivoire	34.7364	37.6656	41.0846	44.4173	48.092	52.1101	54.8158	55.5592	54.3928	52.7724	52.6267	55.18	58.5013	61.481	2023
270	Gambia	32.4062	34.0166	36.5401	39.0759	41.7589	44.6791	47.5875	50.9935	54.4411	57.6799	59.8298	61.6282	63.3443	65.3665	2023
288	Ghana	46.3859	48.4116	49.8356	50.2115	50.5426	52.3172	53.5996	55.7771	57.3008	58.541	60.1611	61.8496	64.0008	66.0229	2023
324	Guinea	37.039	37.476	38.3842	39.7196	41.1489	42.9972	45.2799	47.1927	49.3586	51.8813	53.9343	56.4208	58.4645	60.0357	2023
624	Guinea-Bissau	37.5853	38.4164	39.5119	41.0224	42.9367	45.1193	46.2212	47.9458	49.7006	51.0882	53.9009	57.0494	60.575	63.4318	2023
430	Liberia	38.9711	39.017	39.2823	40.5057	42.3933	44.2243	45.188	44.8435	45.1635	50.7908	55.6764	59.8883	60.783	61.949	2023
466	Mali	30.1043	31.0266	31.8945	33.3485	35.8214	38.9182	42.8163	45.8966	47.5423	49.7597	52.7596	55.7285	57.8668	59.8021	2023
478	Mauritania	40.5321	42.9338	46.4572	50.5344	52.7197	54.0843	56.1813	58.6812	60.057	61.3641	64.4732	67.2737	68.2157	69.0705	2023
562	Niger	36.2286	36.3422	36.6768	36.5073	36.391	38.3899	39.6521	40.4366	43.4974	47.5303	51.3489	55.7877	58.7656	60.4867	2023
566	Nigeria	37.975	38.8577	39.8312	40.7492	43.3689	46.5066	47.9907	47.3858	47.2063	47.3956	48.8886	51.001	52.0703	52.828	2023
654	Saint Helena	76.8765	75.5727	75.7733	75.9741	76.1489	76.325	77.3648	78.6739	78.6451	81.3673	83.8281	84.5772	83.5841	82.4561	2023
686	Senegal	37.9097	39.6043	40.1213	40.5242	42.6916	46.8856	51.5541	56.5441	58.8772	58.5851	60.8772	64.5865	67.4132	69.0607	2023
694	Sierra Leone	31.4007	33.3464	35.8218	38.5639	41.0953	43.5015	44.8052	45.0608	44.3253	44.8008	47.6638	51.2838	54.4797	59.3569	2023
768	Togo	43.6757	44.4622	45.5704	47.4677	49.532	51.9947	54.8132	56.2294	54.9502	54.8018	55.7931	56.945	58.4984	60.5938	2023
935	Asia	45.5112	47.1799	49.623	53.8528	56.753	59.5032	62.5004	64.9798	66.9265	68.8208	70.8766	72.9202	74.7834	76.2639	2023
5500	Central Asia	57.2858	58.8773	60.5483	62.183	63.6159	65.0463	66.5522	68.0915	67.917	67.9798	69.6066	71.6157	73.6328	75.0033	2023
398	Kazakhstan	60.9863	62.308	63.6329	64.8739	65.9051	67.2503	68.483	69.8623	69.6193	69.2078	70.4568	72.4305	75.2577	77.0861	2023
417	Kyrgyzstan	56.8362	58.3983	59.9552	61.5053	63.0189	64.507	66.2355	68.5241	68.2971	68.6763	69.8647	70.7545	72.6084	74.2963	2023
762	Tajikistan	51.867	53.5709	55.6543	57.8439	59.3932	60.4943	62.1289	63.7808	63.6249	64.6743	67.7694	70.3089	71.7715	72.589	2023
795	Turkmenistan	53.3443	55.4124	57.4368	59.4045	60.7044	62.0175	64.9317	66.5355	67.0376	67.6922	69.5993	70.9918	72.0166	72.2383	2023
860	Uzbekistan	55.8515	57.721	59.6941	61.776	63.6339	65.1632	66.557	68.1567	68.1213	68.3208	69.6781	71.7251	73.5106	74.8781	2023
906	Eastern Asia	48.8564	49.1326	51.9008	58.8373	62.8403	66.5758	69.3737	71.3386	73.2341	75.2296	77.1241	78.8265	80.2947	81.5634	2023
156	China	47.3673	46.7862	49.416	56.9172	61.0234	64.8826	67.8453	69.9072	71.8758	74.1102	75.9068	77.5902	79.1599	80.4864	2023
344	China, Hong Kong SAR	64.116	68.2058	71.0907	73.8867	75.5584	76.617	78.0357	79.8413	81.3964	83.0019	84.2917	85.2888	86.5039	87.6792	2023
446	China, Macao SAR	60.5083	63.0362	67.313	69.5891	73.1923	74.0444	75.631	77.6572	79.3745	81.1753	82.749	83.7367	84.9849	86.1351	2023
158	China, Taiwan Province of China	60.5529	63.5565	66.5541	69.9033	72.5443	74.2509	75.3082	76.4373	77.5868	78.6829	80.2848	81.8359	82.9215	83.8418	2023
408	Dem. People's Republic of Korea	36.6059	55.8512	59.1344	62.322	65.5432	68.2443	70.6177	72.4009	72.5277	63.8517	68.2606	72.8902	74.166	75.5399	2023
392	Japan	64.6866	68.7236	71.7426	74.1253	75.988	78.0922	79.8393	81.4354	82.5502	83.8433	85.2419	86.0131	86.4818	87.3531	2023
496	Mongolia	42.4501	44.8758	48.9029	52.261	55.2461	56.7476	57.7285	59.8147	63.4165	64.8646	68.0998	70.9259	72.6963	75.0156	2023
410	Republic of Korea	43.307	54.0325	57.6767	63.2139	67.7821	69.9467	72.0404	74.5587	76.6157	78.9259	81.2088	83.3349	85.1963	86.5232	2023
5501	Southern Asia	40.4588	43.1253	45.1339	46.7176	48.8541	52.1734	55.4286	58.2818	60.4713	62.7192	65.3287	67.8127	69.9915	71.6935	2023
4	Afghanistan	29.9703	32.3338	34.7318	37.061	39.4933	41.0263	38.7323	43.6183	51.3511	54.8675	58.09	61.0055	63.518	65.3619	2023
50	Bangladesh	38.6616	41.8687	44.6433	46.1805	44.02	50.387	52.4795	54.7222	56.2383	60.5733	64.9061	68.2028	71.3203	73.6257	2023
64	Bhutan	36.3689	36.8722	38.2624	40.7414	43.8751	47.3945	51.3614	55.2622	58.4505	62.4708	66.044	69.0919	71.7496	73.4922	2023
356	India	41.4381	43.8397	45.4111	46.4596	48.9752	51.8234	55.1494	58.1179	60.4582	62.6056	65.1405	67.6636	69.9946	71.7869	2023
364	Iran (Islamic Republic of)	38.2785	40.9651	44.0462	47.7941	52.7153	57.7533	62.9628	66.6329	69.3236	71.7232	73.6125	75.739	77.2197	78.1979	2023
462	Maldives	37.7786	38.0768	39.809	43.0191	47.3275	52.4223	57.727	62.1606	66.219	70.4254	74.2836	77.5146	79.3072	80.8568	2023
524	Nepal	38.1868	38.4874	39.5787	41.8032	44.2254	46.9331	49.4461	53.0917	58.2223	62.5907	65.9352	68.138	68.8091	70.1688	2023
586	Pakistan	35.4262	39.9915	44.36	49.801	52.8491	56.3191	59.534	60.4297	60.9015	61.9113	63.859	65.8997	67.4139	68.7036	2023
144	Sri Lanka	56.9927	60.8795	63.869	66.0013	67.1325	69.3025	71.9564	73.3988	74.7339	75.5509	75.4831	77.0711	78.8609	79.7852	2023
920	South-Eastern Asia	46.7705	50.5579	53.3805	55.855	58.3948	59.9397	64.0584	66.1829	67.9744	69.517	70.7838	71.948	73.3306	74.3842	2023
96	Brunei Darussalam	54.6653	57.5355	60.2489	63.307	66.0988	69.1375	71.4681	73.151	74.5742	75.9695	76.8275	77.0905	77.142	77.3084	2023
116	Cambodia	40.3566	42.0569	44.6175	47.0876	40.3505	17.0725	53.055	56.4469	58.3632	60.0236	63.9876	67.8644	70.7741	72.3296	2023
360	Indonesia	43.4298	46.8884	49.6391	52.9008	57.1046	59.7262	62.1032	64.287	66.2135	67.5056	68.3097	69.7877	70.895	71.9248	2023
418	Lao People's Democratic Republic	40.5663	41.9475	43.3153	44.8462	46.3013	47.5869	50.7283	53.6949	56.4634	58.7827	61.4432	64.5557	67.7103	69.7941	2023
458	Malaysia	51.3791	55.7817	60.3675	63.6686	66.1178	69.0814	71.4409	73.0278	74.1729	75.2162	76.4756	77.8235	78.1946	78.4725	2023
104	Myanmar	39.5833	44.0301	47.4569	51.0324	53.6288	55.6307	57.4511	58.96	60.5508	62.7174	64.1889	63.8353	67.4675	69.1007	2023
608	Philippines	56.351	59.6057	61.9351	63.3268	63.7241	64.5208	65.7354	67.0696	68.9173	70.5778	71.5971	71.9429	72.4029	73.0136	2023
702	Singapore	62.394	67.4297	70.2271	71.5197	72.763	74.3301	75.4542	76.8669	78.3367	79.673	81.987	83.7883	84.5895	85.5349	2023
764	Thailand	47.7749	50.7354	53.8185	57.2163	60.9267	64.4901	67.81	71.3072	73.2515	74.7413	75.9255	77.6922	79.9723	81.5651	2023
626	Timor-Leste	31.5574	33.0125	34.95	37.4887	38.4111	31.2518	40.4328	44.7373	48.0466	49.9306	61.6331	64.4166	66.341	68.0959	2023
704	Viet Nam	54.6179	59.3196	61.5083	60.7941	61.2887	68.6892	70.6391	72.3064	73.7205	76.0597	77.9137	78.2492	78.5543	79.0605	2023
922	Western Asia	48.3888	51.3207	54.6963	58.0228	61.2005	64.2637	66.8808	68.8085	70.768	72.0143	73.7064	75.2623	76.2652	77.3593	2023
51	Armenia	58.6047	60.9373	63.3254	65.3641	66.7303	68.0927	69.4489	66.8222	72.0442	73.3592	74.7492	76.0713	77.3228	78.2055	2023
31	Azerbaijan	51.0116	53.3863	56.4277	59.5243	61.8337	63.6786	64.9197	65.5623	65.9772	67.383	69.7672	72.0956	74.2422	75.5104	2023
48	Bahrain	42.4158	48.3399	56.4882	63.1375	68.3283	71.2923	72.8591	73.4469	73.9165	75.5208	77.0291	78.9154	80.8637	81.4779	2023
196	Cyprus	62.6849	66.3367	67.5885	70.3477	71.8209	74.3412	76.3052	78.184	79.0237	79.9353	81.3256	82.6797	83.7207	83.8811	2023
268	Georgia	63.3291	65.0438	66.783	68.5229	69.8465	71.4479	72.8531	72.8601	72.7636	73.8632	74.2379	75.5978	77.2884	78.3624	2023
368	Iraq	44.6824	51.7987	57.3775	61.8236	64.6005	66.7577	67.5117	65.9395	67.6059	67.2086	68.3361	69.563	71.2579	72.5945	2023
376	Israel	68.9591	69.2406	71.1917	73.1353	73.6547	75.0537	76.8786	78.7695	79.8261	80.7207	81.8679	83.1029	83.9757	84.6369	2023
400	Jordan	44.8924	50.4703	55.7618	60.3714	63.7714	66.4271	68.6575	70.9032	72.38	73.5685	74.7214	75.8377	76.7045	78.5655	2023
414	Kuwait	54.2271	59.1003	63.9881	68.5969	71.4788	73.1579	75.1288	76.8188	77.4481	78.1122	78.6258	79.3004	80.3596	81.2795	2023
422	Lebanon	62.991	64.8982	66.6379	67.5616	67.9014	59.7387	63.6295	68.2805	72.7675	74.7745	76.9691	78.8411	80.0869	79.9108	2023
512	Oman	32.6609	35.4889	39.9562	45.9616	52.3071	58.933	65.2221	69.8885	73.1907	75.619	77.3118	78.8225	80.7843	81.352	2023
634	Qatar	53.4564	57.1191	62.335	65.2812	68.1679	70.6578	72.5973	73.7187	74.7308	75.7929	76.9693	79.6649	82.1183	83.4578	2023
682	Saudi Arabia	43.6138	46.2102	49.0396	52.5338	57.1802	62.1373	66.2685	69.4466	71.9122	73.7066	75.4384	77.4191	78.7049	80.3052	2023
275	State of Palestine	48.8463	50.5324	52.8589	55.564	58.9739	62.3013	65.5663	68.3022	70.38	71.9467	73.156	74.3618	75.8714	77.5484	2023
760	Syrian Arab Republic	45.9741	51.0128	55.4685	59.1458	63.3592	67.9816	68.4294	71.038	72.6812	72.4528	73.9585	75.4638	72.1957	72.6904	2023
792	Türkiye	51.1417	52.5955	55.7131	58.6797	61.6279	64.9413	67.7026	70.3744	72.5978	74.2934	76.2623	77.6389	79.055	80.3788	2023
784	United Arab Emirates	48.8636	51.8531	56.4714	61.8245	67.9119	70.8334	72.7221	73.6649	73.7688	76.2507	81.1557	82.7195	83.1031	83.6818	2023
887	Yemen	32.5282	34.5485	36.8323	40.4897	45.2876	50.0101	54.9262	58.8146	61.3808	63.5233	65.9563	68.3037	69.7096	69.9708	2023
908	Europe	66.1214	70.1586	72.3877	73.4539	74.2605	74.9821	75.7347	76.7127	76.853	77.4162	78.0941	79.4155	80.7582	81.6007	2023
923	Eastern Europe	62.9589	69.1888	72.1371	73.0125	73.43	73.4183	73.6552	74.4513	73.6349	73.6019	73.7939	75.2615	77.0984	78.424	2023
112	Belarus	64.418	69.2313	73.4914	74.9808	75.3659	75.2931	75.3593	75.976	75.3265	74.4357	74.6579	76.0221	77.7085	78.9012	2023
100	Bulgaria	64.1078	68.5412	72.1468	73.0623	73.4771	73.7703	74.2465	74.73	74.8084	74.6413	75.7698	76.7977	77.9622	78.3769	2023
203	Czechia	69.3267	72.3557	73.413	73.4268	73.5457	74.209	74.4136	75.1425	76.2061	77.6733	78.7981	80.1316	81.1859	81.8286	2023
348	Hungary	66.1311	69.1739	71.1057	72.0366	72.3282	72.8899	73.0408	73.5907	74.1218	75.3714	76.7074	77.7785	78.8127	79.4171	2023
616	Poland	63.2399	67.5537	71.2456	72.9462	73.782	74.3957	74.7971	75.0458	75.7273	77.1304	78.7951	79.8447	80.9655	81.4984	2023
498	Republic of Moldova	58.7321	61.4649	63.6159	64.9862	66.0882	67.4196	69.1682	71.0009	70.6561	70.5427	71.6098	72.7796	74.3461	74.6416	2023
642	Romania	63.9005	66.1289	69.3999	70.0107	71.2792	72.0682	72.5141	72.4807	73.2778	73.5655	74.564	76.3887	78.0508	78.638	2023
643	Russian Federation	61.3889	69.9502	72.5199	73.2942	73.5407	73.1498	73.2266	74.4429	72.8466	72.4638	72.0442	73.8822	75.912	77.4534	2023
703	Slovakia	66.2443	70.8248	73.0609	73.3238	73.5546	74.2471	74.6891	75.1757	75.9263	76.832	77.798	78.6535	79.9044	80.616	2023
804	Ukraine	65.1637	69.9559	73.2905	74.4148	74.609	74.2812	74.5503	74.9398	73.698	73.2444	73.4957	74.0452	76.2738	78.2895	2023
924	Northern Europe	71.7692	73.2701	74.0934	74.959	75.6316	76.3624	77.3125	78.0202	78.7286	79.5458	80.5465	81.6192	82.6769	83.0931	2023
208	Denmark	72.4654	73.8109	74.5193	75.3889	76.4844	77.3053	77.5438	77.686	77.9354	78.615	79.6533	80.8036	82.2039	83.1202	2023
233	Estonia	70.5497	72.0668	73.5848	74.4993	74.7928	74.4475	74.4846	74.9679	74.3306	75.7047	77.287	79.2745	81.2629	82.3426	2023
234	Faroe Islands	65.0238	73.2012	76.9653	78.3437	78.8468	79.1227	79.8175	80.7024	80.8938	81.2478	81.7231	81.8742	82.2555	82.6341	2023
246	Finland	69.6457	71.4823	72.5878	73.5437	75.2228	77.1162	78.4521	78.7853	79.6176	80.7494	81.7893	82.958	83.7071	84.3498	2023
831	Guernsey	76.5935	78.4218	78.079	77.1336	78.0057	78.5132	78.8196	80.4745	80.5814	81.9616	82.8756	84.1692	85.1996	85.6089	2023
352	Iceland	74.5067	75.3227	76.1404	76.4295	77.3056	79.4626	79.9504	80.0676	80.7736	81.1909	82.5707	83.155	83.7495	84.0909	2023
372	Ireland	68.2606	70.9599	72.2443	73.1341	73.9061	74.8519	76.1755	77.1826	78.2331	78.8313	80.3799	82.0326	83.1567	84.0044	2023
833	Isle of Man	68.6077	70.2286	71.211	72.5625	71.4954	72.9388	74.6995	76.1924	76.8969	77.2552	78.8874	81.1586	82.5535	83.5604	2023
832	Jersey	73.4581	74.5361	75.1799	75.0519	75.7349	76.0675	77.7163	78.9691	79.6912	80.7634	81.9409	83.1166	83.7071	83.2829	2023
428	Latvia	69.3232	71.8876	74.0022	74.5269	74.6881	74.1536	74.4271	74.9658	73.6266	74.5438	75.8177	76.8476	78.7421	79.6317	2023
440	Lithuania	69.2986	71.1026	73.8334	75.1857	75.7125	75.6775	75.7484	76.2397	75.4106	76.4162	77.5989	77.6878	79.3875	80.3554	2023
578	Norway	74.653	75.6439	75.9986	76.8494	77.6993	78.6357	79.5017	79.6947	80.3453	81.1176	81.8492	82.8557	83.6694	84.4559	2023
752	Sweden	73.3581	74.6875	75.5946	76.5837	77.6732	78.5209	79.5199	80.167	80.8992	81.7893	82.3298	83.0897	83.7572	84.2932	2023
826	United Kingdom	71.9891	73.387	74.0036	74.8025	75.3294	76.053	77.1243	77.9441	78.9066	79.639	80.6444	81.76	82.7657	82.9591	2023
925	Southern Europe	65.2173	68.2576	70.6191	72.4994	74.1363	75.888	77.1976	78.4557	79.4192	80.6013	81.8843	83.0346	83.8855	84.2843	2023
8	Albania	49.8885	55.961	61.903	66.5096	69.5329	72.0941	73.9114	75.6001	76.6771	77.4439	78.4038	80.6414	80.5988	80.8264	2023
20	Andorra	76.5498	78.4079	80.2223	81.1626	80.1021	81.9987	82.9916	84.2241	84.7213	85.5364	85.6845	86.4513	86.8112	86.5065	2023
70	Bosnia and Herzegovina	52.2665	57.8345	62.3194	66.2474	69.3236	71.9238	73.5149	74.6968	70.7836	77.585	79.3601	79.8889	80.2673	80.3557	2023
191	Croatia	62.673	66.6898	69.7963	71.7471	73.4431	75.2547	74.9951	75.7573	76.175	76.3957	78.3436	79.5786	80.6065	80.9958	2023
292	Gibraltar	71.9639	74.5335	73.4665	75.7764	77.2612	78.4783	79.1658	80.403	81.8965	82.8211	84.1199	85.4487	86.7377	87.2302	2023
300	Greece	69.5474	71.2022	72.7802	74.1148	75.4988	76.7872	78.1034	79.309	80.2862	81.1014	82.0135	82.9996	83.7298	83.9234	2023
380	Italy	68.4093	70.7454	72.4151	73.8568	75.3105	76.9126	78.2172	79.6734	80.8036	81.8756	83.1365	84.1522	84.773	85.0735	2023
412	Kosovo (under UNSC res. 1244)	44.3077	47.6975	50.8127	54.9621	57.7652	60.5257	62.5316	65.9609	69.8801	70.5285	74.4335	76.2936	78.0273	78.7464	2023
470	Malta	65.9455	69.2185	70.7023	71.862	73.2134	74.2723	75.0404	77.5723	79.0588	79.8074	81.2891	82.4284	84.1444	85.0911	2023
499	Montenegro	60.645	64.5045	68.0727	70.9738	73.3103	74.1472	74.8702	76.1904	77.031	76.583	77.0322	77.7556	78.9579	79.6263	2023
807	North Macedonia	52.2632	58.3239	61.563	64.768	67.5601	70.055	71.6185	72.507	73.813	74.455	75.6619	76.507	77.6325	78.3716	2023
620	Portugal	62.8286	64.9318	67.2578	69.4034	71.5811	73.9791	76.0798	77.5776	78.5686	79.6769	81.0817	82.712	83.9056	84.5045	2023
674	San Marino	77.9607	77.8974	78.8975	79.0557	79.8679	80.8429	81.3779	81.4773	82.1115	83.101	84.1885	85.7013	86.8697	86.8832	2023
688	Serbia	59.5209	65.1325	69.0934	71.8995	72.8823	74.1634	74.2546	75.0648	75.3347	75.1487	75.8157	77.0079	78.3137	78.9152	2023
705	Slovenia	67.0873	69.892	71.941	72.3515	74.1941	75.3435	75.4494	76.6039	77.5794	78.927	80.2966	81.8469	82.9147	83.5349	2023
724	Spain	66.7887	70.0176	72.4182	74.0865	75.5048	77.4486	79.2843	80.2632	81.3139	82.3631	83.3322	84.3942	85.3086	85.7305	2023
926	Western Europe	70.4608	72.1377	73.5153	74.2859	75.1707	76.5024	77.7002	78.9518	79.9991	81.0313	82.0246	83.0455	83.7264	84.1025	2023
40	Austria	69.1134	71.0056	72.7281	73.3726	74.2353	75.5282	76.6867	78.1979	79.3177	80.5733	81.7318	82.8212	83.5001	84.0221	2023
56	Belgium	70.4152	72.2609	73.3667	73.9246	74.8147	76.0241	77.3003	78.6165	79.7537	80.615	81.3805	82.3093	83.033	83.6392	2023
250	France	70.3153	72.7068	74.2629	75.2284	76.3222	77.7946	78.9074	80.2854	81.5006	82.3474	83.2485	84.357	85.0961	85.3908	2023
276	Germany	70.0323	71.3339	72.7398	73.5041	74.2342	75.5227	76.8261	78.0909	79.1388	80.357	81.4802	82.389	82.9829	83.3374	2023
438	Liechtenstein	72.338	75.3708	76.2545	78.2888	80.1533	79.2308	80.6842	82.9193	83.1413	82.3601	83.6979	85.1063	85.1359	85.6002	2023
442	Luxembourg	68.7353	70.3548	71.8788	72.5867	73.3872	74.806	75.6274	77.1851	78.122	79.1618	80.2241	81.4619	82.4831	83.1566	2023
492	Monaco	73.2982	75.3228	76.731	77.3963	77.1299	78.8361	80.1699	83.3352	85.3678	86.2571	87.9101	88.0929	88.9401	89.1665	2023
528	Netherlands	73.2967	74.7392	75.8704	76.4168	77.1908	78.5072	79.5202	79.965	80.22	80.5143	80.9935	82.2892	83.0311	83.3238	2023
756	Switzerland	71.8181	73.4753	74.5591	75.5993	77.0025	78.5856	79.5791	80.6503	81.3807	82.2392	83.1326	84.0766	84.7842	85.3245	2023
5505	Americas	60.3564	62.7122	64.5461	65.9608	67.6276	69.8715	71.65	73.16	74.6622	75.8023	77.0108	78.2134	79.079	79.4066	2023
904	Latin America and the Caribbean	52.3183	55.3694	58.1099	60.4408	62.5875	65.0805	67.2592	69.4141	71.4057	73.1979	74.9398	76.3187	77.4166	77.9551	2023
915	Caribbean	54.4375	57.641	60.163	62.4188	64.1986	65.6259	66.9265	68.1471	69.4541	71.1035	72.7344	73.1965	74.3385	75.6088	2023
660	Anguilla	89.3133	72.2017	73.0051	74.1031	74.581	75.9368	78.8979	80.1893	80.9244	81.2054	82.7104	83.3542	84.218	82.7284	2023
28	Antigua and Barbuda	60.986	63.162	66.059	70.063	73.7309	75.8265	77.2666	76.9199	76.6497	77.9537	78.7132	79.6216	80.6272	80.3273	2023
533	Aruba	62.5955	64.9859	67.8654	69.9936	72.3293	74.4887	75.3457	75.6196	76.4818	76.502	76.5159	77.343	78.7478	79.1937	2023
44	Bahamas	62.2939	64.4698	66.3953	68.2829	70.1959	71.9728	73.4143	74.3014	75.005	75.4811	76.4935	77.0208	77.4531	76.9464	2023
52	Barbados	57.9246	63.1325	67.3216	69.6047	70.8884	72.7021	74.7827	75.5268	76.2298	77.077	77.1589	77.5923	78.0447	78.53	2023
535	Bonaire, Sint Eustatius and Saba	72.7497	74.3487	76.294	78.7849	79.7245	80.2955	80.3341	80.7644	81.354	83.3263	81.7158	82.1972	81.7328	81.7432	2023
92	British Virgin Islands	69.1872	71.6851	72.7053	73.757	74.7703	75.428	76.8029	78.5491	79.3757	80.1021	79.6332	79.398	80.0737	80.2098	2023
136	Cayman Islands	64.0953	67.4073	68.912	70.5932	72.9766	73.972	75.4304	76.4481	76.5837	77.8376	79.0025	78.8618	80.0427	81.8895	2023
192	Cuba	62.3338	64.4463	66.6586	68.6067	70.9009	73.48	75.4619	75.7072	76.0823	77.4792	79.2122	79.7352	80.1035	79.941	2023
531	Curaçao	63.5619	66.288	68.1482	69.5289	71.1865	72.7102	73.9866	74.753	75.3157	76.0106	76.8575	77.6822	79.9972	80.8897	2023
212	Dominica	51.0804	59.2357	63.1773	66.386	68.9148	71.0031	73.1334	73.4485	73.3446	74.4819	75.4165	75.6674	74.6535	73.7798	2023
214	Dominican Republic	47.1719	51.2679	55.0943	58.7158	61.8686	64.3072	66.6918	69.3979	71.842	73.2405	74.0497	74.4579	76.6061	76.6984	2023
308	Grenada	56.5563	61.7816	65.4063	68.195	69.8635	70.0039	71.0276	72.4208	74.2084	75.7716	75.9999	77.1286	78.1908	78.7063	2023
312	Guadeloupe	57.1639	61.5053	64.8219	66.5973	69.0777	72.2261	74.9659	77.0353	78.6138	80.2081	81.6266	83.2691	84.7854	85.4594	2023
332	Haiti	41.3426	44.4496	45.9176	48.0901	49.6484	50.7407	51.9159	53.5347	55.4785	58.4213	60.8419	61.1382	62.6809	66.7301	2023
388	Jamaica	59.8959	63.7965	66.4919	68.1082	69.5366	70.4893	70.9188	72.0698	72.885	72.8792	73.5479	74.163	74.5478	74.1603	2023
474	Martinique	58.4321	62.6447	65.3569	67.8072	70.7422	73.6499	76.1583	78.2595	79.962	80.9048	82.1542	83.4336	84.4437	84.8085	2023
500	Montserrat	56.7092	62.0065	66.2804	70.5561	72.4476	74.5403	75.2395	76.6321	77.8572	78.7169	83.5408	82.8457	82.4562	82.2187	2023
630	Puerto Rico	64.6664	69.2284	71.3737	73.3036	74.4471	76.2129	76.8258	76.7268	78.0217	78.9472	80.3219	81.5787	82.9997	83.9134	2023
652	Saint Barthélemy	78.957	90.3607	91.7763	88.2023	88.7497	97.4713	97.4776	293.1553	97.7124	88.8878	87.2195	88.7156	90.6939	90.6065	2023
659	Saint Kitts and Nevis	58.5203	58.8902	60.1966	61.9978	65.0937	66.0214	66.1497	67.2722	68.8233	70.8628	74.8013	75.6978	75.8352	76.1819	2023
662	Saint Lucia	53.7254	57.8657	62.1738	65.3628	66.8965	69.5401	71.6665	72.4321	73.1836	72.6708	74.9389	76.0419	75.8167	76.2413	2023
663	Saint Martin (French part)	93.4127	89.9571	95.1795	95.6649	95.9371	95.8626	96.2789	82.8499	82.321	83.47	83.626	82.6912	83.9098	85.2005	2023
670	Saint Vincent and the Grenadines	52.2289	57.5968	60.5724	63.2541	65.5862	68.4176	70.1209	72.2939	72.7937	73.0153	73.0988	73.3517	73.931	74.1119	2023
534	Sint Maarten (Dutch part)	77.6767	75.6975	79.09	83.4552	87.1899	97.3435	76.1667	77.4275	77.4228	76.5001	76.7694	78.8884	79.8955	79.9266	2023
780	Trinidad and Tobago	59.2159	62.584	65.3336	66.783	67.6397	68.7104	69.1536	69.8509	70.3613	70.8572	72.3198	74.134	75.6091	76.0744	2023
796	Turks and Caicos Islands	65.5008	67.5895	69.1633	69.9576	71.8768	75.1799	76.9141	76.7342	79.5435	81.401	82.2867	79.839	80.5965	81.022	2023
850	United States Virgin Islands	63.9549	65.1447	65.6451	68.4061	70.9788	72.1655	72.7563	73.6754	74.4165	75.3357	76.3718	77.4958	79.4809	81.1941	2023
916	Central America	47.2679	51.752	55.4342	58.5319	61.1317	64.6865	67.4627	70.0109	71.7786	73.3857	74.9248	75.7433	76.4699	76.6561	2023
84	Belize	53.1414	57.4037	59.7574	63.5307	66.137	68.2807	69.5116	71.2846	71.701	71.8399	72.5183	73.5609	74.3043	75.2146	2023
188	Costa Rica	59.4731	63.2301	65.6417	67.3084	70.3086	74.1293	76.2759	77.7809	78.8183	79.4257	80.7241	81.9371	82.7129	82.9489	2023
222	El Salvador	46.7167	49.2099	51.3814	53.3291	55.457	58.5444	60.5373	65.0934	68.7463	71.2771	73.3239	74.6048	75.5648	75.743	2023
320	Guatemala	39.3198	42.9105	46.9516	48.8403	53.4809	56.1411	59.701	63.9072	65.5083	68.8809	71.1691	72.4758	73.4495	73.862	2023
340	Honduras	43.8215	46.8196	50.5261	54.3836	56.1826	60.876	64.2435	66.406	68.2118	68.4399	71.0971	71.9901	73.1313	74.4046	2023
484	Mexico	48.0644	53.0479	56.8169	60.0693	62.5356	66.1871	68.9353	71.1885	72.832	74.3239	75.5769	76.1714	76.7742	76.8148	2023
558	Nicaragua	43.3161	46.4693	49.9266	55.1991	56.1812	59.8726	62.9805	64.7883	67.0789	68.2824	71.4603	74.2541	75.3802	75.9348	2023
591	Panama	57.8896	59.8983	62.7757	64.537	67.4637	70.9375	72.7599	73.7428	74.9758	76.1258	77.6662	79.3196	80.4576	81.0786	2023
931	South America	53.887	56.3011	58.7084	60.7849	62.8113	65.0925	67.1818	69.3056	71.4552	73.3343	75.1623	76.8425	78.0497	78.6374	2023
32	Argentina	65.524	67.1033	68.4678	69.2364	70.0414	71.5898	72.6888	74.4301	75.6571	76.8508	77.9479	78.4741	79.0454	79.3537	2023
68	Bolivia (Plurinational State of)	43.5014	44.6935	46.2552	48.1703	50.003	52.2935	54.2539	56.7111	60.0708	62.9917	65.4978	67.4535	68.9949	69.6718	2023
76	Brazil	52.1324	54.3932	56.6491	58.8068	60.9923	63.1163	65.3909	67.6136	69.9426	72.0396	74.1974	76.4428	78.0004	78.7091	2023
152	Chile	56.0802	58.4741	60.8913	64.2502	67.3632	70.9814	73.9254	75.8523	77.7687	79.3015	80.9141	81.3801	81.8211	82.634	2023
170	Colombia	52.4618	56.3705	59.7588	62.1661	64.9382	68.1414	70.6039	72.0343	73.6585	74.9504	76.1387	77.5987	78.827	79.3486	2023
218	Ecuador	51.0846	53.5686	57.0894	60.0232	62.53	64.6831	67.0394	69.6436	73.1211	75.1482	76.4765	77.7441	78.4399	78.821	2023
238	Falkland Islands (Malvinas)	86.0094	84.8864	84.1289	84.9638	84.6528	84.3568	86.3316	74.3781	75.9444	93.8242	97.5716	97.6408	97.7022	85.6703	2023
254	French Guiana	53.5863	57.1368	61.8565	65.4276	67.4061	70.1128	73.0932	74.4077	75.2578	76.2376	77.4789	78.5047	79.4089	79.7552	2023
328	Guyana	54.3362	58.7423	61.0124	62.0414	62.6339	63.1572	63.5803	64.2508	65.6629	66.5485	67.6231	68.7497	70.4746	72.3227	2023
600	Paraguay	61.0658	61.9498	63.3351	64.2136	64.7641	65.6098	66.742	68.2158	70.1491	71.6615	73.08	74.5572	76.077	76.6692	2023
604	Peru	48.294	50.6875	53.6985	55.7344	57.8287	60.7294	62.9028	65.1889	67.6076	70.3089	73.1895	75.0206	76.6836	78.323	2023
740	Suriname	53.9173	57.2158	60.497	62.4365	62.7858	63.1937	63.9383	64.7489	65.5494	67.0375	69.0063	71.8772	73.5823	74.8278	2023
858	Uruguay	69.4438	70.5404	71.3223	71.8824	72.7308	73.8303	75.2942	76.2391	77.2521	78.27	79.1886	80.2472	80.7738	81.3483	2023
862	Venezuela (Bolivarian Republic of)	55.3853	58.7416	62.1375	65.4429	67.9026	70.4584	72.0873	73.481	74.5715	75.6148	76.421	77.3825	77.5847	76.6396	2023
905	Northern America	71.8588	73.0773	73.8157	74.417	75.5472	77.2663	78.1567	78.5929	79.2296	79.5495	79.9887	80.8657	81.4495	81.4597	2023
60	Bermuda	65.4736	68.3739	71.6581	72.8398	75.0502	76.8622	78.3592	78.5997	79.3396	81.7987	83.2352	84.094	84.8038	85.5746	2023
124	Canada	71.7494	73.3636	74.7526	75.8593	76.8415	78.198	79.4604	80.2116	80.8968	81.3816	82.1615	83.0068	83.7866	84.1289	2023
304	Greenland	44.605	57.5678	62.4788	64.6204	65.4582	65.8394	65.7907	65.8016	65.8975	67.1765	69.1885	70.6858	71.6023	72.7344	2023
666	Saint Pierre and Miquelon	77.6382	78.1308	78.9234	77.5005	79.0148	79.4801	79.4854	79.7587	81.1256	83.9932	84.8087	84.6004	84.838	85.626	2023
840	United States of America	71.8876	73.0649	73.7385	74.2934	75.432	77.1789	78.0331	78.4334	79.0574	79.3571	79.759	80.6337	81.191	81.1599	2023
909	Oceania	65.1997	67.3847	68.805	69.7439	71.3225	73.2093	74.6771	75.643	76.897	77.581	78.3659	79.177	80.1427	80.9555	2023
927	Australia/New Zealand	72.3206	73.5961	74.2715	74.4244	75.3328	77.0495	78.3403	79.1405	80.4857	81.4673	82.6182	83.5398	84.2473	84.8936	2023
36	Australia	72.3569	73.655	74.3066	74.4036	75.3931	77.2824	78.6327	79.4695	80.7402	81.7225	82.8798	83.7858	84.4745	85.1315	2023
554	New Zealand	72.1698	73.3592	74.1294	74.515	75.0499	76.003	76.9778	77.5861	79.251	80.2258	81.3365	82.3295	83.107	83.6851	2023
928	Melanesia	44.1437	48.5621	51.7876	55.0868	57.9403	60.6763	62.423	63.7501	64.6406	65.0415	65.2898	65.909	67.5295	68.8194	2023
242	Fiji	53.4929	58.566	62.3727	64.4026	64.7747	65.9332	65.7791	67.3346	68.0689	68.9016	68.1958	68.5151	68.8288	69.0601	2023
540	New Caledonia	51.7476	54.9382	58.6779	62.5537	66.0982	68.5188	70.708	72.6698	74.2814	76.2699	77.6713	78.7847	80.0447	80.2957	2023
598	Papua New Guinea	42.3842	46.6267	49.5265	52.8828	56.018	58.7916	60.7828	62.0097	62.9977	63.4546	63.9619	64.6877	66.6174	68.1417	2023
90	Solomon Islands	45.1591	47.6772	51.555	55.4284	59.823	63.852	67.0043	68.1779	69.1073	69.6167	69.9573	70.392	70.9384	71.2899	2023
548	Vanuatu	45.8354	49.5063	52.6773	55.4454	58.4366	61.3805	65.3643	68.4144	70.512	71.1285	71.601	72.2145	72.7957	73.2116	2023
954	Micronesia	55.4539	57.1067	59.3332	61.9767	64.527	66.2291	67.59	68.5795	69.6559	70.86	71.7526	72.3232	72.887	73.2436	2023
316	Guam	62.7416	64.215	65.5256	68.0125	70.4265	72.8145	75.2466	76.5924	76.906	77.6004	78.6948	79.529	80.3685	80.6855	2023
296	Kiribati	47.2709	48.6565	51.1613	54.2198	56.5715	57.6304	59.2744	61.375	63.9042	65.7102	66.8182	67.1067	67.4164	67.5674	2023
584	Marshall Islands	61.4545	62.3997	63.1014	64.3549	65.8323	65.0774	64.0973	63.5869	65.1655	66.2422	66.6221	66.4914	67.2356	68.0029	2023
583	Micronesia (Fed. States of)	54.5676	57.094	60.0734	62.8901	64.73	66.2153	67.0365	66.4713	67.4081	67.6794	67.6786	68.0437	68.1872	69.1364	2023
520	Nauru	73.3388	77.5992	81.7064	92.1958	88.2824	87.1072	72.59	73.4305	80.717	114.3321	82.998	77.7328	77.9914	74.7242	2023
580	Northern Mariana Islands	87.9785	89.009	77.902	78.6018	76.2804	76.546	75.1993	68.727	71.4442	74.7241	77.1897	79.5094	80.6017	80.1359	2023
585	Palau	68.9759	66.8431	68.2439	70.2147	69.9881	71.7882	72.8522	74.0915	73.8781	68.9389	70.6909	73.2162	75.1413	74.5671	2023
957	Polynesia	53.4723	57.3115	60.0703	62.6965	65.2336	67.4469	69.7007	71.9183	73.6492	75.4379	76.8895	77.4748	78.1506	78.5562	2023
16	American Samoa	66.9686	71.3672	72.4426	67.6978	70.4873	72.8888	76.2684	76.7691	75.8764	75.6574	75.9059	75.4248	76.2478	76.3584	2023
184	Cook Islands	41.3208	48.4448	52.2947	58.5727	70.369	71.5399	72.1166	72.5257	73.1895	74.255	76.5786	79.0379	79.4785	79.4459	2023
258	French Polynesia	55.9381	60	61.8136	63.8316	65.0201	67.4966	70.7842	74.4824	76.9758	80.1168	82.2961	83.2274	84.5861	85.5161	2023
570	Niue	69.7612	70.7291	72.044	72.9114	77.8994	82.424	78.7013	82.5741	79.4672	83.7697	85.5725	110.0557	79.5862	82.6403	2023
882	Samoa	52.9905	56.2186	58.2649	61.8405	64.4442	66.8033	68.63	70.3275	71.6682	73.3466	74.4043	73.9736	73.5639	72.9497	2023
772	Tokelau	88.9148	89.0853	89.7765	89.1494	89.7769	92.4089	92.4667	92.4292	92.468	92.3626	1619.9066	121.3013	97.5074	97.4744	2023
776	Tonga	54.8789	59.401	62.1444	64.5067	67.1227	68.9567	70.1105	70.8948	72.0883	73.2644	74.1903	74.6963	75.2475	75.7958	2023
798	Tuvalu	56.6837	59.4487	64.0541	67.2863	68.0691	69.0918	68.9144	69.365	70.0536	70.7042	70.9259	69.9424	71.461	73.1978	2023
876	Wallis and Futuna Islands	41.1954	44.6487	56.1351	55.4239	59.5225	62.8189	67.8804	69.6224	73.4573	77.0136	78.4229	79.8246	80.2506	80.6953	2023
