country_code	country	2020-2025	2025-2030	2030-2035	2035-2040	2040-2045	2045-2050	2050-2055	2055-2060	2060-2065	2065-2070	2070-2075	2075-2080	2080-2085	2085-2090	2090-2095	2095-2100
900	World	75.1352	75.9123	76.3361	76.7799	77.228	77.6247	77.9677	78.3548	78.8116	79.0882	79.4223	79.7515	80.062	80.4472	80.7638	81.0923
1834	Sub-Saharan Africa	63.3369	64.1324	64.6905	65.3127	65.9935	66.645	67.2483	67.8621	68.4294	69.0112	69.451	69.9429	70.4943	71.0665	71.6835	72.2135
1833	Northern Africa and Western Asia	75.548	76.338	76.753	77.1961	77.7004	78.1901	78.5961	79.0207	79.436	79.7799	80.1664	80.527	81.003	81.347	81.7658	82.1458
1831	Central and Southern Asia	72.3073	72.8342	73.1702	73.6901	74.1744	74.6856	75.4032	75.9204	76.2988	76.9412	77.418	77.953	78.4343	79.0059	79.3971	79.8756
1832	Eastern and South-Eastern Asia	79.5524	79.3751	79.5525	79.7926	80.0911	80.3587	80.7312	81.1935	81.6556	82.0559	82.4925	82.8342	83.1986	83.6316	84.0197	84.4192
1830	Latin America and the Caribbean	77.508	78.4753	78.7736	79.2072	79.6087	80.0757	80.5625	81.0796	81.4852	82.0028	82.5575	82.9768	83.3918	83.8549	84.2479	84.7333
1835	Oceania (excluding Australia and New Zealand)	69.6849	68.9522	68.5697	68.3019	68.2248	67.8866	67.6843	67.6184	67.7179	67.9984	67.9433	68.1604	68.4217	68.6519	68.8914	69.1911
1836	Australia/New Zealand	85.0046	84.4285	84.1937	84.2655	84.3915	84.7023	84.9625	85.1394	85.2936	85.7095	85.9805	86.269	86.3702	86.6434	86.8915	87.3374
1829	Europe and Northern America	81.502	82.2421	82.5336	82.8881	83.3348	83.746	84.1567	84.553	84.9215	85.3152	85.6656	86.1418	86.5806	86.9935	87.4287	87.8884
5502	Europe, Northern America, Australia, and New Zealand	81.5836	82.3162	82.5936	82.9498	83.391	83.8197	84.2279	84.6366	85.0281	85.4649	85.8403	86.3243	86.7326	87.1208	87.5582	88.0763
901	More developed regions	82.2338	82.9404	83.2388	83.5939	84.0273	84.4377	84.8731	85.2918	85.6853	86.0969	86.5155	86.9262	87.3792	87.7993	88.2369	88.703
902	Less developed regions	73.5272	74.3108	74.7921	75.3128	75.7834	76.2075	76.6561	77.1396	77.5536	77.8715	78.1838	78.5405	78.8403	79.2018	79.4761	79.809
941	Least developed countries	67.8504	68.9153	69.5808	70.2376	70.8356	71.4378	71.9749	72.5284	73.0688	73.644	74.0925	74.5106	74.9212	75.3133	75.7543	76.047
934	Less developed regions, excluding least developed countries	74.7062	75.2862	75.6763	76.1086	76.5331	76.9582	77.3339	77.6511	78.012	78.3178	78.6049	78.9617	79.3193	79.7184	80.1093	80.4308
948	Less developed regions, excluding China	71.5704	72.6063	73.1099	73.7255	74.2887	74.7954	75.3345	75.7422	76.1961	76.6688	77.0714	77.4678	77.8856	78.2084	78.5677	78.9817
1636	Land-locked Developing Countries (LLDC)	68.3177	69.3855	69.9491	70.6031	71.1454	71.7098	72.2295	72.7784	73.3589	73.8569	74.3073	74.7403	75.2083	75.5904	76.0385	76.3309
2087	LLDC: Africa	66.0324	66.9753	67.5222	68.0969	68.6615	69.2359	69.7504	70.3346	70.9634	71.5247	72.1072	72.6317	73.0281	73.4814	73.9487	74.3826
2088	LLDC: Asia	72.3609	72.8814	73.1553	73.6765	74.0862	74.485	74.7626	75.1788	75.6036	75.9742	76.2852	76.7672	77.0347	77.24	77.5428	77.947
2089	LLDC: Europe	76.0092	75.6746	75.6152	75.624	75.8617	76.1683	76.1816	76.5924	76.788	77.1406	77.4	77.5807	77.8648	78.1255	78.427	78.5935
2090	LLDC: Latin America	71.2306	71.8376	71.5936	71.5559	71.862	71.9656	72.3859	72.8856	73.2274	73.6435	73.9252	74.2656	74.6299	75.1225	75.2992	75.7266
1637	Small Island Developing States (SIDS)	75.0239	75.473	75.675	75.9094	76.156	76.2074	76.2144	76.3905	76.5519	76.7422	76.8665	77.1089	77.2913	77.3486	77.6806	77.8811
2091	SIDS Caribbean	75.4655	75.7192	75.7195	75.8798	75.9725	76.1425	76.1261	76.257	76.3568	76.5214	76.801	77.0789	77.287	77.4467	77.6551	77.752
2092	SIDS Pacific	69.5819	68.9983	68.761	68.573	68.5973	68.413	68.4017	68.4862	68.679	68.8653	68.9822	69.1423	69.5958	69.8398	70.0219	70.2591
2093	SIDS Atlantic, Indian Ocean and South China Sea (AIS)	78.2241	78.2366	78.2318	78.2075	77.9131	77.9506	78.0503	78.0822	78.0699	77.7342	77.6102	77.6607	77.5623	77.6326	77.4475	77.6433
5503	High-and-upper-middle-income countries	80.2069	80.726	81.0521	81.385	81.785	82.1617	82.5976	83.0647	83.5508	84.0732	84.5348	85.0164	85.4686	86.0068	86.581	87.0446
5504	Low-and-Lower-middle-income countries	69.8181	70.7062	71.1547	71.7633	72.3182	72.8036	73.3351	73.7873	74.3361	74.8533	75.2877	75.6983	76.1765	76.5375	76.9347	77.3397
1503	High-income countries	83.4803	83.9575	84.234	84.6061	84.9926	85.4289	85.885	86.322	86.7176	87.0792	87.4912	87.8656	88.2898	88.6332	89.1281	89.6234
1859	Low-and-middle-income countries	73.3491	74.1593	74.6152	75.1167	75.5808	75.9854	76.3806	76.8119	77.2468	77.5948	77.9376	78.2628	78.5799	78.9692	79.2705	79.595
1517	Middle-income countries	74.235	74.9521	75.3621	75.8205	76.312	76.7426	77.1475	77.5458	77.9521	78.2726	78.6249	78.9905	79.3471	79.6664	80.0054	80.4449
1502	Upper-middle-income countries	78.3917	78.7879	79.0987	79.4402	79.9099	80.2442	80.7207	81.1773	81.6392	82.1804	82.6713	83.0529	83.4723	83.9172	84.3821	84.7653
1501	Lower-middle-income countries	70.6017	71.2827	71.6508	72.191	72.6654	73.1824	73.6893	74.1004	74.6281	75.0343	75.4594	75.8851	76.385	76.7354	77.1034	77.6353
1500	Low-income countries	66.4857	67.4042	67.9422	68.5741	69.1312	69.6576	70.0572	70.5157	71.048	71.5436	71.9821	72.4974	72.7767	73.1781	73.5695	73.9526
1518	No income group available	75.9786	74.8176	74.4704	74.534	74.5666	74.7617	75.2024	75.5656	75.9011	76.4023	76.7919	77.1289	77.6144	77.7604	78.2055	78.714
903	Africa	65.1116	65.9788	66.5725	67.1663	67.8073	68.404	68.9389	69.5051	69.9957	70.5025	70.9438	71.4041	71.8947	72.4733	72.9992	73.5019
910	Eastern Africa	67.5902	68.3307	68.8958	69.5649	70.1479	70.7242	71.232	71.7911	72.3838	72.9339	73.4332	73.9621	74.5301	74.9684	75.4544	75.9969
108	Burundi	64.697	63.4573	62.8307	62.55	62.4241	62.3711	62.4493	62.4907	62.6322	62.8171	62.8687	63.0027	63.1446	63.3095	63.5076	63.7587
174	Comoros	68.0843	67.1917	67.0589	67.2377	67.5145	67.8468	68.1718	68.6611	69.0514	69.4659	69.7757	70.193	70.4814	70.9743	71.3808	71.8986
262	Djibouti	67.4557	66.5788	66.2024	66.1055	66.1853	66.3235	66.5257	66.7131	66.958	67.162	67.5032	67.7344	68.0038	68.4137	68.7846	69.1143
232	Eritrea	69.6669	68.9387	68.7453	68.9409	69.1333	69.4508	69.8667	70.1303	70.4586	70.7237	71.1247	71.5253	72.0547	72.4744	72.8804	73.2892
231	Ethiopia	69.7613	69.0209	68.952	69.0234	69.234	69.5345	69.8751	70.1872	70.4975	70.9418	71.3403	71.7461	72.0899	72.6155	73.0008	73.4019
404	Kenya	64.8829	63.8759	63.5136	63.4749	63.5424	63.6608	63.8881	64.0764	64.3454	64.7126	64.9658	65.416	65.6785	66.0678	66.4093	66.7263
450	Madagascar	64.5445	63.3471	62.9833	63.0121	63.0685	63.3299	63.5397	63.8475	64.1444	64.4996	64.6961	65.0377	65.3081	65.6542	65.9805	66.1466
454	Malawi	69.319	68.556	68.038	67.9503	67.9116	67.9919	67.9815	68.0172	68.2472	68.5197	68.7714	68.995	69.3614	69.553	69.7735	70.1025
480	Mauritius	77.3406	76.611	76.3282	76.3431	76.4429	76.7539	77.0153	77.3057	77.6455	78.0874	78.4211	78.7681	79.2391	79.633	80.0876	80.6422
175	Mayotte	77.0938	76.8958	76.7322	76.8449	77.0249	77.2823	77.6281	77.9919	78.2432	78.5959	78.9611	79.3731	79.7663	80.1531	80.5844	80.9005
508	Mozambique	65.1107	64.4028	63.9068	63.7479	63.6687	63.7143	63.8039	63.9459	63.9545	64.1629	64.2352	64.4847	64.5951	64.8142	64.9415	65.1695
638	Réunion	85.2321	85.1226	84.8563	84.7971	84.9115	85.0678	85.2488	85.4107	85.5618	85.7585	85.9585	86.2298	86.5091	86.8053	87.0475	87.3269
646	Rwanda	69.1964	68.0166	67.8062	67.7422	67.9091	68.1067	68.3562	68.6446	68.94	69.1976	69.4279	69.6418	70.0305	70.413	70.7936	70.9807
690	Seychelles	75.33	74.7587	74.4226	74.3779	74.5285	74.7127	74.9526	75.0994	75.3853	75.6317	75.8059	76.147	76.5439	76.8986	77.2575	77.6562
706	Somalia	58.9684	58.887	58.022	57.494	57.2602	57.0294	56.9763	57.0506	57.0435	56.9822	57.041	56.9139	57.0364	57.26	57.4313	57.5535
728	South Sudan	59.8423	57.8529	56.8347	56.2092	55.905	55.514	55.2052	55.0304	54.9818	54.9919	54.8151	54.9078	54.7536	54.7356	54.619	54.6851
800	Uganda	70.0986	69.3253	69.0385	69.0238	69.2733	69.5087	69.6979	69.8893	70.1911	70.5919	71.0681	71.4682	71.7627	72.0591	72.3622	72.629
834	United Republic of Tanzania	69.2317	67.8184	67.517	67.473	67.5494	67.6993	67.8294	68.0446	68.2732	68.5375	68.7836	69.0955	69.2872	69.5748	69.7602	70.2036
894	Zambia	67.101	66.6211	66.1079	65.9753	65.89	65.8898	66.0257	66.1951	66.3988	66.5232	66.7031	66.9541	67.1098	67.3954	67.6319	67.9751
716	Zimbabwe	63.8735	63.2857	63.19	63.4489	63.889	64.2325	64.8306	65.2435	65.6439	66.0521	66.468	66.8873	67.3107	67.679	68.1827	68.7667
911	Middle Africa	62.8693	63.2521	63.2431	63.3571	63.6296	63.7849	63.9932	64.1705	64.5503	65.1442	65.5233	66.0872	66.4268	67.0208	67.2929	67.5814
24	Angola	66.1993	65.0121	64.5006	64.2747	64.1329	64.1416	64.1714	64.3195	64.4762	64.6416	64.6581	64.8915	65.0409	65.2519	65.475	65.6554
120	Cameroon	64.5789	64.0407	63.8561	63.9493	64.1238	64.3508	64.696	64.932	65.2828	65.5799	65.9592	66.2488	66.6609	66.9642	67.3379	67.7058
140	Central African Republic	49.0724	57.0125	56.5256	56.3671	56.2572	56.3625	56.4622	56.7027	56.8652	57.031	57.287	57.629	57.9017	58.3284	58.644	58.98
148	Chad	55.8015	54.2968	53.3424	53.0159	52.7506	52.522	52.4669	52.4849	52.4643	52.516	52.6255	52.7122	52.953	53.1116	53.3142	53.3243
178	Congo	66.4431	65.5273	65.1843	65.1491	65.2371	65.3506	65.5601	65.7642	66.0614	66.3633	66.5826	66.8351	67.0792	67.3901	67.6739	67.9481
180	Democratic Republic of the Congo	62.9097	61.7408	61.1673	60.7991	60.6661	60.6352	60.6813	60.6823	60.8044	61.0573	61.2369	61.3634	61.6032	61.7111	61.9004	62.0556
226	Equatorial Guinea	64.7743	63.5509	63.0241	62.9036	62.921	62.9319	62.9988	63.1889	63.3706	63.5853	63.9591	64.1473	64.4383	64.7462	65.0243	65.3172
266	Gabon	70.1056	69.1259	68.751	68.6745	68.6303	68.7981	68.9689	69.1322	69.319	69.5727	69.8303	70.1193	70.5168	70.9071	71.0997	71.4096
678	Sao Tome and Principe	72.7765	71.8623	71.4434	71.3507	71.3959	71.4545	71.535	71.7624	72.0524	72.1853	72.4251	72.7526	73.0879	73.3905	73.7394	73.9594
912	Northern Africa	73.4353	73.9581	74.1737	74.6377	75.0546	75.611	75.9104	76.2477	76.575	76.8659	77.1926	77.4855	77.9134	78.352	78.8233	79.1911
12	Algeria	76.9089	76.3698	76.398	76.6106	77.0212	77.4066	77.7711	78.1284	78.5045	78.9062	79.3464	79.8361	80.2947	80.7197	81.1351	81.5031
818	Egypt	72.5703	72.1313	71.9102	71.9951	72.2247	72.4888	72.7892	72.9933	73.3204	73.6599	74.0527	74.347	74.6505	75.1278	75.6564	76.0726
434	Libya	73.655	75.298	75.439	75.5704	75.8853	76.1766	76.438	76.7467	77.125	77.5023	77.9568	78.3832	78.7801	79.2272	79.5558	79.9677
504	Morocco	76.6787	76.044	75.836	75.8867	75.9766	76.1685	76.4188	76.6638	76.9575	77.2161	77.4421	77.746	78.1486	78.4698	78.7861	79.0861
729	Sudan	68.4411	67.604	67.1368	66.9745	67.0499	67.2474	67.3845	67.667	67.993	68.1649	68.4312	68.6311	68.9076	69.298	69.4827	69.8255
788	Tunisia	77.9833	77.8138	77.656	77.7795	78.0486	78.361	78.6221	78.9549	79.3111	79.7204	80.1111	80.4853	80.8684	81.2434	81.6628	82.0501
732	Western Sahara	72.9088	71.8855	71.6995	71.7544	71.9327	72.2038	72.535	72.7279	73.0333	73.3634	73.6737	73.9137	74.2417	74.5925	74.8849	75.2176
913	Southern Africa	67.7595	67.7043	67.4417	67.5212	67.6189	67.8382	68.0822	68.3198	68.6642	69.1182	69.3052	69.6859	69.9244	70.1332	70.4969	70.8435
72	Botswana	69.8634	69.6151	69.0133	68.7077	68.6359	68.7094	68.7437	68.9031	69.043	69.1497	69.1992	69.4078	69.5533	69.8651	70.0943	70.3349
748	Eswatini	64.8023	64.6361	63.8811	63.554	63.3103	63.2387	63.1518	63.022	63.1324	63.2661	63.2515	63.3927	63.4611	63.5746	63.7607	64.157
426	Lesotho	58.6609	58.5279	58.7468	59.2889	59.7838	60.2892	60.905	61.3097	61.7206	62.2546	62.7317	63.2858	63.7538	64.2295	64.7016	65.1988
516	Namibia	68.6549	69.2037	68.5906	68.2517	68.0411	67.9719	68.0724	68.0657	68.1464	68.313	68.4027	68.493	68.5763	68.7244	68.9213	69.1918
710	South Africa	67.9787	67.5733	67.1298	66.9963	67.0054	67.127	67.3025	67.54	67.763	68.0527	68.2302	68.4932	68.7345	69.1795	69.5146	69.8116
914	Western Africa	58.4613	58.0544	57.9204	58.1643	58.5676	59.0896	59.4718	59.9021	60.49	60.873	61.2197	61.812	62.1626	62.5267	63.308	63.842
204	Benin	61.3433	59.8953	59.2498	59.0558	58.9958	58.9156	58.9197	59.0233	59.2621	59.5032	59.5975	59.6241	59.8192	60.1297	60.5033	60.7134
854	Burkina Faso	62.2896	60.9997	60.4116	60.2291	60.0587	60.1056	60.1691	60.3057	60.4539	60.641	60.8965	61.1258	61.3816	61.5563	61.7865	62.013
132	Cabo Verde	78.5003	77.7231	77.3915	77.4387	77.6129	77.829	78.0002	78.3081	78.5726	78.828	79.1535	79.4342	79.7614	80.1306	80.3576	80.7376
384	Côte d'Ivoire	63.0843	61.8026	61.2577	60.9734	60.8663	60.929	60.9092	61.0424	61.1597	61.2943	61.3711	61.5761	61.8576	62.0077	62.1711	62.4351
270	Gambia	66.3816	65.4457	65.0118	64.8249	64.8445	64.9569	65.0633	65.2221	65.5145	65.7077	65.9189	66.221	66.455	66.6255	66.6634	66.9803
288	Ghana	67.0744	65.921	65.4987	65.4007	65.405	65.4322	65.626	65.8405	66.0024	66.1171	66.5273	66.683	66.9388	67.2143	67.4825	67.7215
324	Guinea	60.9924	59.5372	58.8686	58.5766	58.5004	58.5773	58.607	58.6421	58.5521	58.7918	58.9338	59.093	59.3263	59.5983	59.8905	60.105
624	Guinea-Bissau	65.0989	64.1402	63.6193	63.2751	63.1681	63.309	63.3098	63.4375	63.4943	63.7183	63.802	63.9897	64.2265	64.4238	64.5488	64.7064
430	Liberia	62.682	61.0694	60.3993	60.0677	59.9922	59.9426	60.0177	59.9807	59.9416	60.0984	60.1755	60.3	60.3994	60.66	60.9522	61.0718
466	Mali	60.9475	59.7087	59.2369	59.2084	59.2745	59.4456	59.6377	59.7736	59.9412	60.2672	60.5131	60.7035	60.8495	61.0506	61.3106	61.5729
478	Mauritania	69.5647	68.719	68.5145	68.6221	68.905	69.1803	69.5021	69.8747	70.2777	70.7776	71.2968	71.7477	72.2073	72.67	73.125	73.4495
562	Niger	61.1283	60.1333	59.832	59.9805	60.2656	60.6971	61.1033	61.4299	61.7922	62.073	62.4258	62.8268	63.2214	63.5965	63.968	64.3027
566	Nigeria	53.8439	52.0245	51.1913	50.6413	50.4348	50.3864	50.3651	50.2626	50.2085	50.3659	50.4621	50.5543	50.5939	50.5517	50.6628	50.797
654	Saint Helena	80.3494	79.0833	78.724	78.5838	78.5723	78.6052	78.7494	78.9261	79.102	79.329	79.5209	79.657	79.9735	80.245	80.5565	80.8235
686	Senegal	69.7537	68.9928	68.8899	69.1245	69.3754	69.6249	69.9063	70.207	70.463	70.8784	71.2654	71.5457	71.8234	72.0497	72.3903	72.9026
694	Sierra Leone	62.3975	61.2629	60.7356	60.5107	60.4374	60.4161	60.6156	60.7514	61.0057	61.2657	61.4622	61.6453	61.8296	61.9818	62.2543	62.557
768	Togo	61.9947	60.6519	60.171	59.9928	59.9126	60.0897	60.2134	60.3656	60.4588	60.6407	60.874	61.0968	61.3957	61.6351	61.9772	62.2006
935	Asia	76.4865	77.0011	77.4692	77.9484	78.4012	78.837	79.2745	79.7357	80.2005	80.6699	81.1069	81.4624	81.7422	82.207	82.6159	83.0898
5500	Central Asia	75.0837	75.2087	75.2435	75.453	75.7213	75.9768	76.211	76.5843	77.0331	77.3973	77.7139	78.1982	78.553	79.0103	79.5998	80.0389
398	Kazakhstan	76.8197	76.7156	76.2901	76.0904	76.0814	76.183	76.356	76.4533	76.6371	76.9226	77.1455	77.4262	77.6679	77.9145	78.2301	78.6221
417	Kyrgyzstan	74.2315	73.4258	72.9758	72.8317	72.8944	73.0415	73.2404	73.4664	73.7648	74.0385	74.2744	74.5399	74.9947	75.4305	75.7557	76.156
762	Tajikistan	72.8816	72.0602	71.6475	71.5704	71.4973	71.4886	71.6816	71.8453	72.0584	72.2957	72.5448	72.966	73.2395	73.4861	73.7298	73.9526
795	Turkmenistan	72.214	70.8741	70.4057	70.23	70.1367	70.1339	70.2557	70.4014	70.638	70.799	71.0351	71.1631	71.509	71.8902	72.1694	72.5075
860	Uzbekistan	74.76	73.542	73.1065	72.9353	72.8953	72.9731	73.0936	73.2988	73.506	73.8049	73.9758	74.2664	74.5951	75.0587	75.4181	75.7922
906	Eastern Asia	81.6263	80.8885	80.8934	80.9503	81.1391	81.4448	81.8004	82.2261	82.704	83.1151	83.5236	83.9024	84.4719	84.9153	85.3636	85.7887
156	China	80.5832	79.7628	79.7673	79.9201	80.1407	80.4623	80.8163	81.1673	81.6267	81.9648	82.3785	82.7898	83.2061	83.4763	83.831	84.1855
344	China, Hong Kong SAR	87.0884	86.9571	86.8005	86.778	86.895	87.0048	87.2115	87.4613	87.7078	87.9864	88.1825	88.4911	88.828	89.0621		
446	China, Macao SAR	84.9504	84.1338	83.9956	84.0267	84.155	84.3615	84.584	84.8277	85.0705	85.4017	85.6948	86.0118	86.2795	86.6277	86.97	87.2762
158	China, Taiwan Province of China	83.5021	82.4618	82.3124	82.3272	82.4605	82.7232	83.0309	83.2704	83.5158	83.7664	83.9829	84.3158	84.6536	84.9173	85.2501	85.6284
408	Dem. People's Republic of Korea	75.337	73.899	73.3975	73.3155	73.2855	73.3267	73.4844	73.796	74.0445	74.3221	74.5903	74.882	75.2804	75.5646	75.7685	76.0622
392	Japan	87.3593	86.6698	86.6207	86.7879	86.9651	87.2359	87.5172	87.835	88.167	88.4953	88.8371	89.1567	89.4505	89.8145	90.1788	90.5271
496	Mongolia	75.3121	75.0284	74.9982	75.2568	75.6247	75.9727	76.4049	76.7906	77.1957	77.6039	78.0133	78.4778	78.8224	79.3408	79.8259	80.3178
410	Republic of Korea	86.5586	85.9585	85.7437	85.7414	85.7768	85.9017	86.0929	86.2763	86.4761	86.7008	86.9061	87.1447	87.4733	87.7569	88.1058	88.5189
5501	Southern Asia	72.1745	72.6627	72.9738	73.5075	73.9926	74.4737	75.1994	75.7394	76.1264	76.7165	77.1912	77.7365	78.18	78.7555	79.0983	79.6513
4	Afghanistan	66.147	65.7894	65.6689	65.8226	65.9935	66.2675	66.6214	67.027	67.3416	67.5988	67.942	68.2585	68.5728	68.7935	69.0582	69.3016
50	Bangladesh	75.0489	75.2647	75.4121	75.8315	76.3372	76.8675	77.3559	77.9078	78.431	78.9111	79.4608	80.0356	80.5061	80.9409	81.2767	81.6879
64	Bhutan	74.4305	73.7356	73.8869	74.2779	74.8513	75.3715	75.8575	76.3228	76.9103	77.4396	77.953	78.3851	78.83	79.3852	79.8199	80.2948
356	India	72.1049	72.1726	72.2853	72.6047	73.0079	73.4031	73.865	74.4092	74.9236	75.4456	75.8563	76.3045	76.7619	77.2019	77.5534	77.9998
364	Iran (Islamic Republic of)	78.0809	78.3276	78.3198	78.4874	78.7767	79.0354	79.3511	79.751	80.1934	80.5545	80.956	81.3632	81.8091	82.1415	82.4576	82.9292
462	Maldives	81.6771	81.7667	81.7875	82.0392	82.3349	82.6262	82.9519	83.2772	83.631	83.9724	84.2465	84.5684	84.8894	85.1394	85.4341	85.6934
524	Nepal	70.958	70.3619	70.4117	70.7554	71.173	71.6102	72.106	72.5732	73.0011	73.4656	73.8816	74.2711	74.6317	75.0898	75.4918	75.8818
586	Pakistan	69.1797	68.0257	67.4619	67.2372	67.2453	67.2804	67.4324	67.5721	67.7779	68.0577	68.289	68.5618	68.7614	69.0112	69.5194	69.9791
144	Sri Lanka	80.0252	79.2014	78.9843	79.006	79.1776	79.4063	79.6667	79.9501	80.3056	80.7294	81.1018	81.4584	81.902	82.2644	82.6203	82.998
920	South-Eastern Asia	74.3054	74.5546	74.8179	75.2121	75.5754	75.9453	76.2621	76.636	77.0414	77.3948	77.7407	78.2325	78.6088	79.1414	79.5434	79.9715
96	Brunei Darussalam	76.5803	75.9908	75.729	75.8244	75.9563	76.205	76.4266	76.6357	76.9555	77.2758	77.6834	78.14	78.4805	78.8967	79.1629	79.506
116	Cambodia	72.475	71.2752	70.7571	70.5953	70.4582	70.4799	70.5607	70.7033	70.826	70.8868	71.047	71.1987	71.4923	71.8623	72.032	72.274
360	Indonesia	71.8705	71.3985	71.0187	71.0084	71.1118	71.3292	71.5832	71.84	72.0948	72.3844	72.6592	72.978	73.4177	73.7124	74.0357	74.3252
418	Lao People's Democratic Republic	70.596	69.634	69.5323	69.7342	70.0845	70.2598	70.5854	70.9331	71.259	71.5846	71.845	72.2001	72.5736	72.8781	73.2814	73.6686
458	Malaysia	78.2562	77.8901	77.6664	77.7039	77.8525	78.0725	78.3311	78.6211	78.9946	79.2362	79.521	79.8636	80.2932	80.6022	81.0088	81.3631
104	Myanmar	69.4278	68.2788	67.8977	67.8583	67.916	68.0467	68.2296	68.4228	68.7861	69.0536	69.3241	69.7414	70.0255	70.1846	70.5558	70.9662
608	Philippines	71.7278	70.7517	70.2303	70.0668	70.0083	70.0569	70.2705	70.5454	70.7611	71.0064	71.3456	71.6401	72.0189	72.429	72.8208	73.1801
702	Singapore	85.7793	85.0429	84.832	84.8412	84.9121	85.0593	85.2297	85.4089	85.6588	85.9481	86.1898	86.447	86.7189	86.9792	87.2274	87.5077
764	Thailand	80.733	79.59	79.3546	79.3791	79.6307	79.795	80.0758	80.4155	80.7791	81.1374	81.5007	81.8006	82.166	82.5298	82.9241	83.2565
626	Timor-Leste	68.6524	67.5977	67.3143	67.3172	67.4681	67.6961	68.0019	68.2057	68.538	68.9188	69.1626	69.368	69.5929	69.9357	70.1729	70.5455
704	Viet Nam	78.9547	77.6289	77.2413	77.0943	77.1097	77.1555	77.2399	77.3935	77.6905	77.8932	78.1947	78.4391	78.817	79.2006	79.5428	79.9818
922	Western Asia	77.3875	77.9172	78.1924	78.4989	78.883	79.1806	79.4668	79.8132	80.0935	80.5178	80.9543	81.251	81.7445	82.1075	82.4474	82.7737
51	Armenia	78.0152	77.917	77.5811	77.4209	77.5376	77.7121	77.8061	77.998	78.2672	78.4861	78.9057	79.1497	79.4625	79.7227	80.055	80.3496
31	Azerbaijan	75.7098	75.4273	75.0827	75.0796	75.1849	75.3056	75.4734	75.716	76.0753	76.3177	76.6248	76.989	77.2881	77.6209	78.0508	78.3415
48	Bahrain	80.9783	80.6491	80.4549	80.499	80.6424	80.9356	81.1634	81.3705	81.6889	81.9912	82.3196	82.6794	82.9972	83.2801	83.5011	83.8052
196	Cyprus	83.0794	82.4789	82.2634	82.2427	82.4075	82.6559	82.9019	83.1006	83.3335	83.6039	83.9039	84.1999	84.494	84.7673	85.0885	85.3527
268	Georgia	78.0398	77.458	77.0829	76.9067	77.0268	77.0929	77.2633	77.5086	77.7639	78.0066	78.2091	78.3757	78.5871	78.9562	79.281	79.5112
368	Iraq	73.1384	72.0246	71.471	71.31	71.3282	71.3103	71.4252	71.6377	71.8842	72.0749	72.3365	72.6802	72.8711	73.1054	73.4023	73.6877
376	Israel	84.379	83.3574	83.1093	83.1252	83.2303	83.373	83.532	83.7118	83.9784	84.2181	84.4842	84.6755	84.9474	85.2272	85.514	85.7489
400	Jordan	78.8752	78.7213	78.4284	78.4527	78.5684	78.6986	78.8561	79.0591	79.304	79.6289	79.9572	80.2841	80.6219	80.9645	81.3841	81.808
414	Kuwait	80.761	80.5849	80.4362	80.5521	80.7665	81.0437	81.3497	81.584	81.9234	82.2054	82.618	82.9832	83.2586			
422	Lebanon	78.682	78.196	77.8527	77.7359	77.7104	77.7485	77.968	78.145	78.3771	78.5977	78.8993	79.2243	79.5038	79.8943	80.1281	80.4192
512	Oman	80.1131	80.7035	80.6052	80.7258	80.9185	81.2061	81.4643	81.8004	82.093	82.3809	82.6391	83.0189	83.4444	83.7522	84.0212	84.3064
634	Qatar	82.6629	82.0984	81.7844	81.7678	81.8063	81.9228	82.1244	82.3661	82.5931	82.8079	83.0791	83.306	83.6114	83.8697	84.1854	84.4509
682	Saudi Arabia	80.3493	79.9373	79.8747	80.0404	80.3273	80.5451	80.9477	81.3158	81.6727	82.1044	82.4011	82.8407	83.2704	83.5774	83.9069	84.3062
275	State of Palestine	75.2061	77.2878	77.4205	77.425	77.552	77.756	78.0249	78.2986	78.6324	78.9128	79.1719	79.5145	79.8572	80.1027	80.4528	80.7343
760	Syrian Arab Republic	74.2759	73.4217	73.3299	73.3762	73.6084	73.8948	74.1815	74.3286	74.5782	74.8506	75.2831	75.7081	76.1083	76.5206	76.8113	77.167
792	Türkiye	79.6128	79.2928	79.2259	79.3307	79.5061	79.7503	79.9875	80.2338	80.4714	80.7632	81.0349	81.4142	81.6741	81.9891	82.2918	82.6526
784	United Arab Emirates	82.8925	82.9866	82.7823	82.7836	82.8697	83.0017	83.2633	83.5078	83.6867	83.9501	84.1757	84.4025	84.6405	84.9651	85.2102	85.5469
887	Yemen	70.1869	69.3219	68.8372	68.761	68.7718	68.823	69.0523	69.2115	69.5168	69.7311	69.9045	70.0739	70.2849	70.5668	70.9034	71.1223
908	Europe	81.7051	82.4873	82.8265	83.3064	83.7942	84.2562	84.7393	85.1684	85.6032	86.0694	86.6168	87.1477	87.6741	88.1071	88.5627	88.9936
923	Eastern Europe	78.3755	79.0771	79.1398	79.3853	79.6956	80.0092	80.4207	80.8506	81.1483	81.5568	82.0935	82.5006	82.8184	83.1507	83.5964	83.92
112	Belarus	78.2117	77.5467	77.3047	77.2624	77.3969	77.6387	77.9056	78.1386	78.4766	78.8064	79.1519	79.5331	79.8689	80.2092	80.59	80.9044
100	Bulgaria	77.6211	77.6922	77.436	77.4532	77.5229	77.7054	77.9709	78.2746	78.4997	78.7857	79.1564	79.5406	79.8964	80.1986	80.544	80.9092
203	Czechia	81.7155	81.2229	80.926	80.8028	80.8155	80.8769	81.0166	81.2093	81.4456	81.6917	81.9039	82.1989	82.5385	82.8339	83.0916	83.3566
348	Hungary	79.134	78.6916	78.4179	78.4499	78.5873	78.803	79.086	79.374	79.7212	80.0693	80.4955	80.83	81.2162	81.6716	82.1079	82.5055
616	Poland	81.3222	81.0771	80.7941	80.8012	80.8993	81.0735	81.3198	81.5988	81.8764	82.205	82.4784	82.7439	83.07	83.3637	83.5933	83.9005
498	Republic of Moldova	74.7053	73.6194	73.1108	72.9173	72.8445	72.9031	72.9542	73.146	73.3275	73.5379	73.8481	74.1105	74.416	74.6507	74.9263	75.1947
642	Romania	78.3823	77.972	77.6208	77.5508	77.5536	77.7732	78.0186	78.2747	78.4636	78.8237	79.2108	79.5251	79.8249	80.1763	80.5576	80.9467
643	Russian Federation	77.2269	77.4719	77.1653	77.1021	77.2409	77.3886	77.5553	77.6878	77.9482	78.288	78.6412	78.9827	79.315	79.6242	79.9817	80.311
703	Slovakia	80.2639	80.2304	80.0963	80.0809	80.2173	80.4022	80.5677	80.9006	81.1585	81.4926	81.8193	82.165	82.5161	82.8038	83.1279	83.4964
804	Ukraine	77.9819	76.7831	76.563	76.5817	76.7125	76.8546	77.0163	77.2059	77.5554	77.8921	78.1911	78.4883	78.7752	79.1214	79.4227	79.8
924	Northern Europe	83.0845	82.8243	82.8539	83.0424	83.1788	83.4065	83.7902	84.1523	84.5155	84.8788	85.3192	85.617	85.8536	86.3033	86.7412	87.074
208	Denmark	83.334	82.6129	82.3361	82.2846	82.3323	82.4707	82.5979	82.7641	83.0373	83.266	83.5751	83.852	84.0838	84.3309	84.6371	84.8471
233	Estonia	82.3893	81.7338	81.4701	81.4145	81.5084	81.7307	81.9247	82.197	82.4565	82.6507	82.926	83.1768	83.5833	83.872	84.0964	84.3776
234	Faroe Islands	82.0034	81.4245	81.3931	81.5758	81.8518	82.2073	82.5749	82.9584	83.3641	83.7844	84.1233	84.4742	84.7675	85.2418	85.6089	86.0388
246	Finland	84.2926	83.4966	83.2786	83.3208	83.4048	83.5591	83.7416	83.9494	84.1024	84.3916	84.6366	84.9096	85.2044	85.4759	85.7502	85.9996
831	Guernsey	85.0036	84.3743	84.1413	84.1218	84.168	84.2605	84.3887	84.5552	84.7275	84.9439	85.1662	85.4271	85.6499	85.8347	86.0046	86.2116
352	Iceland	84.0396	82.9234	82.5963	82.5839	82.6221	82.7056	82.8416	83.045	83.3191	83.5598	83.8595	84.203	84.52	84.7258	85.1043	85.4746
372	Ireland	84.0028	83.3007	83.1048	83.1314	83.2292	83.3399	83.5265	83.7182	83.9178	84.2237	84.4735	84.6978	84.9726	85.2878	85.5755	85.8603
833	Isle of Man	82.7343	81.7923	81.4768	81.3904	81.4737	81.5747	81.8477	82.0511	82.3539	82.6534	82.8012	83.1056	83.3836	83.6905	84.0221	84.3143
832	Jersey	81.4722	80.4178	80.1856	80.1658	80.2723	80.4658	80.6792	80.9236	81.2115	81.5431	81.8028	82.1307	82.6058	83.0183	83.3596	83.6725
428	Latvia	79.4339	78.9644	78.5983	78.5522	78.5338	78.6335	78.8635	79.0202	79.2629	79.5374	79.6841	79.9783	80.2485	80.6324	80.9065	81.2016
440	Lithuania	79.7493	79.1827	78.8575	78.7524	78.7819	78.8792	79.0334	79.2464	79.5005	79.8294	80.1581	80.4778	80.6707	80.9919	81.3645	81.6069
578	Norway	84.4855	83.6439	83.4428	83.4164	83.4378	83.5536	83.6647	83.8816	84.0638	84.2821	84.5452	84.7775	85.099	85.3734	85.7156	86.0989
752	Sweden	84.6522	83.8994	83.6804	83.6419	83.693	83.7992	83.9404	84.1557	84.3269	84.6137	84.8715	85.1346	85.3726	85.7119	85.9173	86.191
826	United Kingdom	82.7393	81.9345	81.6863	81.6534	81.7208	81.8186	81.9826	82.2429	82.5034	82.7299	83.0249	83.2348	83.4747	83.7475	83.9843	84.2855
925	Southern Europe	84.3075	84.6986	84.9246	85.2981	85.765	86.1667	86.4849	86.8228	87.1948	87.7038	88.1508	88.5796	89.1078	89.4827	89.9651	90.3479
8	Albania	80.4556	80.1673	79.9708	80.0743	80.208	80.4347	80.7688	81.0466	81.4718	81.8262	82.1313	82.4414	82.7808	83.0913	83.3951	83.6087
20	Andorra	85.3659	84.9448	84.7456	84.7297	84.7972	85.0131	85.2087	85.4015	85.6187	85.8498	86.0703	86.3886	86.6707	86.902		
70	Bosnia and Herzegovina	79.7901	79.6187	79.4573	79.4397	79.6368	79.8696	80.1406	80.4391	80.7263	81.1172	81.3887	81.7075	82.1055	82.3926	82.7359	83.0715
191	Croatia	80.9887	80.3292	80.0577	80.0409	80.128	80.3055	80.5882	80.8609	81.0891	81.3813	81.7803	82.0833	82.4078	82.7558	83.0296	83.2839
292	Gibraltar	85.1952	84.9421	84.7142	84.6893	84.8106	84.9212	85.0442	85.2258	85.4874	85.6742	85.8978	86.2048	86.499	86.7524	87.0958	87.3879
300	Greece	83.5883	83.193	83.0846	83.1657	83.3112	83.4855	83.6771	83.8845	84.1991	84.4151	84.6462	85.0396	85.3119	85.5139	85.8078	86.1609
380	Italy	84.9893	84.59	84.4392	84.4292	84.537	84.7354	84.9676	85.1774	85.3882	85.6371	85.9214	86.1824	86.4866	86.7907	87.1826	87.4627
412	Kosovo (under UNSC res. 1244)	78.7934	78.7758	78.5445	78.6573	78.8556	79.0806	79.3578	79.6375	79.95	80.2576	80.6596	80.9874	81.354	81.6708	82.0554	82.3269
470	Malta	84.5539	84.0877	83.9102	83.9005	83.9495	84.0801	84.2928	84.4638	84.7191	84.9991	85.2268	85.4486	85.7565	86.0333	86.3634	86.6998
499	Montenegro	79.1017	78.8907	78.5864	78.6184	78.761	78.9166	79.1947	79.5851	79.9108	80.2318	80.5086	80.8038	81.1601	81.5722	81.8885	82.2196
807	North Macedonia	78.1768	77.9996	77.5446	77.4136	77.473	77.565	77.7138	77.8851	78.0767	78.3443	78.6927	79.0986	79.4483	79.67	80.118	80.3919
620	Portugal	84.4327	83.937	83.77	83.7144	83.8326	84.0475	84.2091	84.4324	84.659	84.9505	85.2214	85.5095	85.8605	86.1043	86.3482	86.6698
674	San Marino	86.2751	85.8595	85.6022	85.6033	85.6392	85.7281	85.8587	86.0876	86.2883	86.4917	86.7033	86.9836	87.241	87.4963	87.6514	87.8998
688	Serbia	78.6214	78.6427	78.4501	78.4794	78.6767	78.8726	79.1481	79.5917	79.9665	80.2451	80.7212	81.0739	81.5414	81.9671	82.3565	82.7549
705	Slovenia	83.6395	83.1395	82.9211	82.9066	83.0143	83.178	83.4079	83.6591	83.8754	84.0794	84.3809	84.6168	84.8689	85.133	85.4545	85.7835
724	Spain	85.627	85.1643	85.0474	85.0406	85.1507	85.3529	85.5721	85.7975	86.013	86.3075	86.6829	87.0129	87.2506	87.5482	87.8687	88.1874
926	Western Europe	84.2475	84.2015	84.3131	84.5866	84.9068	85.2921	85.6308	85.9554	86.3059	86.6799	87.0987	87.5458	87.9448	88.4111	88.7894	89.2661
40	Austria	84.0041	83.1433	82.9699	83.0015	83.0495	83.2365	83.4937	83.6689	83.9527	84.2358	84.5324	84.7895	85.0802	85.3305	85.6088	86.0191
56	Belgium	83.7685	83.1455	82.9123	82.872	82.9815	83.0857	83.2445	83.4587	83.7647	84.0218	84.2158	84.4389	84.6679	84.8742	85.2229	85.5874
250	France	85.4937	84.8525	84.6046	84.534	84.6038	84.7967	84.9623	85.0643	85.2486	85.4774	85.7281	86.0155	86.2762	86.6102	86.853	87.1216
276	Germany	83.3508	82.527	82.2906	82.1926	82.2451	82.4186	82.6024	82.7837	83.0026	83.282	83.5323	83.7902	84.1134	84.4159	84.7333	84.9512
438	Liechtenstein	84.8263	84.1638	83.9768	84.0443	84.174	84.323	84.5319	84.7794	85.0255	85.3723	85.6675	85.8951	86.1954	86.5649	86.9837	87.2738
442	Luxembourg	83.4156	82.5782	82.2702	82.1695	82.2104	82.2823	82.4308	82.6707	82.8342	83.0324	83.2989	83.5168	83.6952	84.0137	84.309	84.6712
492	Monaco	87.8831	87.2571	87.0026	86.9644	86.9783	87.0876	87.1994	87.357	87.5879	87.7824	87.9697	88.1805	88.4335	88.6443	88.8994	89.2308
528	Netherlands	83.2469	82.4863	82.2355	82.1406	82.2353	82.4101	82.611	82.8771	83.1761	83.3675	83.6866	84.0265	84.2767	84.6139	84.9604	85.3502
756	Switzerland	85.3818	84.6349	84.4157	84.3938	84.5138	84.6512	84.8496	85.05	85.2725	85.4538	85.7001	86.0301	86.3058	86.674	86.9546	87.2609
5505	Americas	79.0441	79.8257	80.0996	80.4089	80.7995	81.1928	81.6989	82.1696	82.6329	82.9918	83.4228	83.9377	84.3499	84.7428	85.2354	85.6615
904	Latin America and the Caribbean	77.508	78.4753	78.7736	79.2072	79.6087	80.0757	80.5625	81.0796	81.4852	82.0028	82.5575	82.9768	83.3918	83.8549	84.2479	84.7333
915	Caribbean	75.477	75.6631	75.6172	75.7496	75.8363	75.942	75.9177	76.0398	76.1394	76.1987	76.5357	76.7315	76.9075	77.048	77.1328	77.2781
660	Anguilla	82.2098	81.3707	81.1477	81.1304	81.2299	81.3469	81.5733	81.838	82.1415	82.386	82.6282	82.9029	83.1686	83.5127	83.7824	84.1319
28	Antigua and Barbuda	79.833	78.9326	78.7219	78.7901	78.9563	79.1724	79.4525	79.805	80.1425	80.4522	80.8171	81.1055	81.4448	81.8374	82.1642	82.5081
533	Aruba	77.9445	77.2289	76.9085	76.8857	76.9097	77.1011	77.3706	77.6305	77.8083	78.0743	78.4022	78.7031	79.0913	79.4717	79.836	80.0917
44	Bahamas	76.9084	76.5309	76.1923	75.9975	76.0613	76.1066	76.2694	76.3537	76.6508	76.8493	77.2176	77.4646	77.6585	77.9362	78.1414	78.4592
52	Barbados	78.2679	77.0474	76.7494	76.7406	76.8118	77.0252	77.2461	77.4472	77.7516	78.2171	78.4914	78.816	79.1075	79.5055	79.8444	80.2094
535	Bonaire, Sint Eustatius and Saba	80.0845	78.7106	78.4631	78.4493	78.553	78.6629	78.9408	79.1386	79.4396	79.7484	80.0741	80.3857	80.7065	81.0649	81.4117	81.7772
92	British Virgin Islands	79.3546	78.5597	78.3082	78.2779	78.3719	78.5602	78.7664	78.9821	79.1561	79.4412	79.769	80.0719	80.3805	80.7513	81.0377	81.4438
136	Cayman Islands	82.2533	81.6358	81.4573	81.4699	81.6257	81.8231	82.0784	82.3091	82.5827	82.8987	83.25	83.5828	83.9325	84.1549	84.4916	84.7897
192	Cuba	79.1972	79.1705	79.0303	79.0938	79.2488	79.5143	79.803	80.1085	80.424	80.7849	81.0662	81.4173	81.8181	82.199	82.5733	82.9459
531	Curaçao	80.2936	79.3937	79.0489	78.9571	79.0795	79.1902	79.3682	79.6537	79.8779	80.1773	80.482	80.7277	81.0387	81.2933	81.6212	81.9578
212	Dominica	73.9053	72.7654	72.5587	72.658	72.8817	73.0211	73.2638	73.6018	73.915	74.2055	74.56	74.8676	75.1843	75.5936	75.9651	76.3017
214	Dominican Republic	76.4858	75.1361	74.5907	74.2738	74.1595	74.1534	74.2096	74.248	74.3487	74.481	74.7145	74.8944	75.0569	75.2763	75.5321	75.7705
308	Grenada	77.8475	76.7128	76.3465	76.2459	76.397	76.5146	76.6146	76.8768	77.056	77.2654	77.5878	77.9272	78.1933	78.525	78.8128	79.1043
312	Guadeloupe	84.4315	84.2942	84.0144	84.0155	84.0611	84.1922	84.3865	84.5433	84.7281	84.95	85.147	85.4732	85.6769	85.9641	86.1733	86.4101
332	Haiti	67.0381	66.1615	65.5992	65.341	65.2713	65.2023	65.2548	65.281	65.2233	65.4083	65.7045	65.9074	66.1566	66.3412	66.558	66.7627
388	Jamaica	73.1397	72.0724	71.5856	71.4968	71.4481	71.5561	71.6669	71.7565	72.0281	72.3853	72.6181	72.8689	73.1834	73.531	73.7999	74.2462
474	Martinique	83.8284	84.3813	84.1085	84.0825	84.1479	84.2345	84.3845	84.617	84.7952	85.0335	85.2506	85.4696	85.7334	86.0134	86.2419	86.5018
500	Montserrat	78.3683	77.2605	76.9334	76.8535	76.9236	77.0458	77.3179	77.5954	77.9257	78.1418	78.4451	78.7871	79.0614	79.3994	79.8471	80.208
630	Puerto Rico	84.2579	84.078	83.898	83.9152	84.026	84.2236	84.4419	84.6694	84.9367	85.1963	85.3816	85.6536	85.9873	86.1318	86.4123	86.7027
652	Saint Barthélemy	86.6989	85.5864	85.3157	85.2163	85.2735	85.3484	85.4742	85.6113	85.8192	86.0118	86.223	86.4475	86.7117	86.908	87.1378	87.3809
659	Saint Kitts and Nevis	74.6784	74.1708	73.7298	73.5525	73.5126	73.6535	73.7585	73.836	74.0306	74.2988	74.503	74.8321	75.0137	75.2642	75.6585	75.9035
662	Saint Lucia	75.285	74.5605	74.1581	74.0792	74.0661	74.3107	74.4952	74.7105	74.9794	75.2352	75.5917	75.8357	76.1591	76.5415	76.8988	77.2435
663	Saint Martin (French part)	83.6406	82.6759	82.4032	82.357	82.4197	82.5978	82.7577	82.9733	83.2996	83.6008	83.7844	83.973	84.209	84.5497	84.7798	85.1098
670	Saint Vincent and the Grenadines	73.6755	72.4398	72.0458	71.9658	72.0246	72.0757	72.3519	72.562	72.8427	73.1247	73.3482	73.7455	74.0257	74.3912	74.7112	75.0069
534	Sint Maarten (Dutch part)	78.7053	77.9631	77.5762	77.4356	77.47	77.6088	77.8338	78.0419	78.2918	78.5097	78.7186	78.9581	79.2735	79.5579	79.9178	80.1805
780	Trinidad and Tobago	75.8177	74.9346	74.4452	74.329	74.3081	74.3263	74.5514	74.7114	74.9864	75.242	75.5115	75.7804	76.0578	76.1664	76.4834	76.7881
796	Turks and Caicos Islands	79.8428	78.8732	78.6326	78.6596	78.7576	78.9362	79.2029	79.3973	79.7459	80.0832	80.2754	80.6034	80.9323	81.2323	81.634	82.0035
850	United States Virgin Islands	80.8099	79.9568	79.6335	79.54	79.6325	79.85	80.0836	80.3979	80.6502	80.9738	81.4028	81.6947	82.1027	82.4434	82.8283	83.1106
916	Central America	76.1633	76.7341	76.7953	77.1234	77.3246	77.6853	78.1981	78.6422	78.9817	79.4156	79.8693	80.3641	80.8474	81.2313	81.7206	82.1817
84	Belize	75.1603	74.8472	74.4844	74.5566	74.6156	74.8022	75.1243	75.3869	75.7564	76.194	76.5744	76.9738	77.3568	77.6786	78.183	78.4838
188	Costa Rica	82.4383	82.3033	82.2169	82.3501	82.479	82.7338	83.0788	83.405	83.7237	84.1013	84.3625	84.7051	85.0383	85.349	85.6611	86.0105
222	El Salvador	75.4035	74.8344	74.7699	74.9456	75.1998	75.5307	75.9828	76.3695	76.7016	77.1438	77.5799	78.071	78.5305	78.8672	79.3082	79.647
320	Guatemala	73.3604	73.0501	72.7392	72.6848	72.6681	72.8134	73.0029	73.2339	73.4138	73.6922	73.8614	74.1387	74.4293	74.7727	75.0512	75.3981
340	Honduras	74.315	73.7583	73.4739	73.4993	73.6684	73.8999	74.146	74.4363	74.7203	75.1417	75.5253	75.8054	76.1186	76.5903	76.9014	77.2471
484	Mexico	76.0974	76.3238	76.2034	76.2889	76.4815	76.7969	77.1627	77.506	77.8789	78.1793	78.4814	78.8108	79.2524	79.6028	80.0229	80.3712
558	Nicaragua	75.8924	75.802	75.5191	75.5324	75.6412	75.8028	75.9366	76.1946	76.4786	76.8598	77.2205	77.5562	77.8464	78.1408	78.518	78.819
591	Panama	81.5363	81.3258	81.1182	81.1719	81.28	81.5357	81.7607	81.9511	82.2312	82.5653	82.8467	83.1243	83.4924	83.7759	84.1357	84.5106
931	South America	78.0915	78.7058	78.8821	79.2672	79.5307	79.9319	80.3599	80.8741	81.3264	81.765	82.2491	82.6937	83.0874	83.5796	84.0143	84.539
32	Argentina	78.564	78.3529	77.9733	77.9401	78.1221	78.2169	78.4563	78.6201	78.8665	79.1257	79.5262	79.854	80.1836	80.4795	80.9016	81.2102
68	Bolivia (Plurinational State of)	69.0202	69.1403	68.7821	68.7118	68.7269	68.833	69.0579	69.3745	69.618	69.9458	70.2409	70.5895	70.8783	71.0755	71.3787	71.7479
76	Brazil	77.8585	77.5076	77.2591	77.3167	77.3948	77.5279	77.7833	78.0453	78.3687	78.6288	78.9776	79.2111	79.4731	79.8134	80.2078	80.4727
152	Chile	82.1213	81.9186	81.7677	81.79	81.9977	82.273	82.5301	82.823	83.115	83.3779	83.6851	84.0458	84.2929	84.6103	84.9028	85.1992
170	Colombia	78.9546	79.0749	78.9425	79.0354	79.2138	79.4683	79.6935	80.0419	80.3797	80.6671	81.0565	81.4044	81.848	82.2106	82.552	82.893
218	Ecuador	78.4895	78.7924	78.5875	78.6683	78.867	79.0982	79.3336	79.6815	79.9397	80.1822	80.4633	80.6856	81.0304	81.3514	81.6967	81.9418
238	Falkland Islands (Malvinas)	80.8887	80.0339	79.9446	80.1426	80.409	80.6956	80.935	81.2077	81.4736	81.7695	82.1063	82.4679	82.7761	83.0812	83.4877	83.7418
254	French Guiana	79.287	78.5569	78.3695	78.3348	78.4666	78.6842	78.9093	79.1797	79.5325	79.8054	80.1994	80.5957	80.9143	81.2858	81.6914	82.0182
328	Guyana	72.1332	71.9428	71.3464	71.1382	71.128	71.0956	71.0857	71.3383	71.523	71.7672	72.0098	72.186	72.4803	72.7614	72.9446	73.042
600	Paraguay	75.1184	75.1476	74.7163	74.5521	74.522	74.5433	74.6546	74.9075	75.1504	75.3618	75.5302	75.9216	76.1212	76.2802	76.6252	76.8241
604	Peru	78.2982	78.7613	78.6319	78.664	78.8479	79.0587	79.2458	79.4919	79.8316	80.2051	80.5341	80.8589	81.1979	81.4855	81.8531	82.1636
740	Suriname	75.4466	75.0931	74.6987	74.5318	74.4666	74.6171	74.7409	74.9493	75.1309	75.3475	75.595	75.8835	76.124	76.3288	76.7232	77.0749
858	Uruguay	80.8862	80.5369	80.2439	80.1585	80.2278	80.3556	80.5047	80.7447	80.9385	81.2193	81.5539	81.8447	82.154	82.4514	82.7405	83.0908
862	Venezuela (Bolivarian Republic of)	76.0085	74.8077	74.5038	74.5138	74.5799	74.8049	75.1306	75.4443	75.623	76.0106	76.3204	76.6896	77.0674	77.3605	77.6785	78.0529
905	Northern America	81.0793	80.9334	80.6827	80.6359	80.7663	81.0526	81.3575	81.7505	81.921	82.1998	82.4018	82.4963	82.8545	83.2198	83.6654	84.0929
60	Bermuda	85.3498	84.5765	84.3881	84.4362	84.5641	84.6987	84.8585	85.1511	85.3201	85.5242	85.842	86.1382	86.4327	86.7836	87.132	87.4912
124	Canada	84.2563	83.5989	83.3829	83.3497	83.4194	83.5308	83.7536	83.9506	84.1769	84.4255	84.7221	84.9934	85.2887	85.6065	85.911	86.2352
304	Greenland	72.0474	70.4056	69.8501	69.7322	69.7866	69.8667	70.0187	70.2926	70.5186	70.7254	71.0179	71.2506	71.4821	71.8074	72.0677	72.3092
666	Saint Pierre and Miquelon	81.2147	80.0528	79.7147	79.6835	79.7843	79.9131	80.047	80.245	80.4527	80.7452	80.9637	81.2104	81.5192	81.8358	82.0455	82.3555
840	United States of America	80.6887	80.4902	80.195	80.1182	80.1538	80.2417	80.445	80.7049	81.0173	81.3034	81.5139	81.7935	82.1344	82.3803	82.7698	83.1731
909	Oceania	81.0174	80.4704	80.2815	80.211	80.3207	80.344	80.3215	80.4132	80.5056	80.7074	80.9938	81.0992	81.2058	81.3543	81.6092	81.6944
927	Australia/New Zealand	85.0046	84.4285	84.1937	84.2655	84.3915	84.7023	84.9625	85.1394	85.2936	85.7095	85.9805	86.269	86.3702	86.6434	86.8915	87.3374
36	Australia	85.2653	84.5539	84.3055	84.2449	84.305	84.4433	84.5598	84.7071	84.885	85.1415	85.3815	85.5567	85.7794	86.0111	86.2807	86.5713
554	New Zealand	83.4127	82.5103	82.2232	82.1612	82.2331	82.3046	82.4886	82.5935	82.7479	82.99	83.2389	83.4068	83.6789	83.9461	84.178	84.494
928	Melanesia	68.8227	67.9579	67.5228	67.2337	67.1493	66.8173	66.7071	66.63	66.7606	67.1013	67.0346	67.227	67.5476	67.6974	67.8929	68.2273
242	Fiji	68.4493	67.3363	66.9273	66.8533	66.975	67.1994	67.4249	67.71	67.9115	68.2521	68.5439	68.842	69.2739	69.601	69.8703	70.2091
540	New Caledonia	80.4558	79.8593	79.5877	79.4637	79.5635	79.685	79.874	80.1203	80.3337	80.623	80.8709	81.1692	81.5012	81.8532	82.1966	82.4094
598	Papua New Guinea	68.1051	66.7533	66.0301	65.6305	65.3226	65.0957	64.9258	64.8304	64.8042	64.9891	65.0425	65.1759	65.3039	65.4703	65.5739	65.6129
90	Solomon Islands	71.1345	70.069	69.7512	69.7733	69.8639	70.0334	70.3484	70.5761	70.8265	71.1381	71.5251	71.9133	72.2754	72.6049	73.011	73.3857
548	Vanuatu	73.1764	72.2404	71.9397	71.9352	72.1354	72.3108	72.6373	72.938	73.235	73.6863	74.0008	74.2692	74.6609	75.0912	75.5545	75.9353
954	Micronesia	73.732	73.7636	73.8387	73.9229	74.2196	74.3163	74.4635	74.619	74.7457	74.9171	75.1546	75.4205	75.7075	75.956	76.0613	76.25
316	Guam	80.6554	80.0931	79.8797	79.8434	79.9369	80.1213	80.2699	80.4651	80.7726	81.1581	81.5799	81.8527	82.1759	82.5124	82.8946	83.2328
296	Kiribati	67.1204	65.9952	65.4472	65.2407	65.1792	65.2912	65.3447	65.5049	65.6455	65.8235	66.0414	66.2302	66.2824	66.5383	66.8028	67.0132
584	Marshall Islands	68.4582	67.1672	66.4218	66.1217	65.9569	65.8987	66.0262	66.0458	66.1451	66.2879	66.4202	66.4545	66.6167	66.8987	67.157	67.3403
583	Micronesia (Fed. States of)	70.2324	69.0042	68.437	68.28	68.2971	68.3761	68.4676	68.7117	68.9637	69.1467	69.3378	69.598	69.9107	70.2903	70.5591	70.7615
520	Nauru	63.4639	61.8213	61.2785	61.1636	61.2537	61.3818	61.7138	61.8811	62.2376	62.5043	62.8044	63.1425	63.5618	63.8459	64.0721	64.3314
580	Northern Mariana Islands	80.2079	79.2578	78.9364	78.8615	78.8714	79.0216	79.1541	79.387	79.6936	80.0203	80.3052	80.622	80.8703	81.1609	81.5027	81.8625
585	Palau	71.2882	69.7397	69.1272	68.8955	68.7498	68.7683	68.8011	68.917	69.0354	69.2718	69.4855	69.6964	69.8585	70.1577	70.4089	70.7183
957	Polynesia	78.934	79.2677	79.5057	79.8257	80.1549	80.3803	80.636	80.7649	80.8714	81.0891	81.2659	81.3561	81.2597	81.2735	81.2243	81.0238
16	American Samoa	75.4673	74.0461	73.5554	73.4894	73.5466	73.6322	73.7819	74.0049	74.2103	74.558	74.8431	75.1167	75.4469	75.7384	76.0929	76.3333
184	Cook Islands	78.5076	77.5195	77.1972	77.2087	77.2838	77.3904	77.6295	77.8916	78.0518	78.3067	78.6528	78.9829	79.348	79.7071	80.1955	80.5919
258	French Polynesia	85.2545	85.3014	85.0873	85.1087	85.1471	85.2847	85.4567	85.6286	85.8182	86.0108	86.2028	86.4032	86.6523	86.8614	87.0734	87.4188
570	Niue	72.1949	70.7158	70.2869	70.2001	70.1533	70.2698	70.3997	70.6571	70.9693	71.1751	71.5277	71.7636	72.0989	72.389	72.6387	72.8718
882	Samoa	73.0535	71.7134	71.2806	71.2057	71.2739	71.3611	71.5385	71.7479	71.9201	72.1198	72.434	72.701	73.0024	73.3815	73.69	74.0097
772	Tokelau	78.462	77.2151	76.7577	76.5958	76.5984	76.6388	76.8416	77.0214	77.1713	77.3585	77.6282	77.9315	78.1596	78.371	78.6045	78.8759
776	Tonga	75.8513	74.6232	74.2047	74.0347	74.0292	74.1739	74.4074	74.5712	74.8522	75.1816	75.4504	75.8569	76.053	76.3462	76.5674	76.824
798	Tuvalu	69.964	68.6168	68.0943	67.9183	68.0003	68.0872	68.2688	68.4465	68.5884	68.7395	68.8875	69.2215	69.5089	69.8502	70.0324	70.2483
876	Wallis and Futuna Islands	79.0412	78.0605	77.6282	77.545	77.6323	77.7346	77.9263	78.0587	78.3098	78.4956	78.6881	78.9575	79.2027	79.5404	79.8452	80.1999
