country_code	country	2020-2025	2025-2030	2030-2035	2035-2040	2040-2045	2045-2050	2050-2055	2055-2060	2060-2065	2065-2070	2070-2075	2075-2080	2080-2085	2085-2090	2090-2095	2095-2100
900	World	75.3875	77.3349	78.3449	79.1827	79.9154	80.5564	81.1654	81.761	82.3133	82.8419	83.3362	83.808	84.2449	84.6848	85.1165	85.5387
1834	Sub-Saharan Africa	63.6609	66.0445	67.4916	68.7355	69.9	70.9565	71.9013	72.8164	73.7248	74.5939	75.4431	76.2129	76.8711	77.639	78.3283	78.9806
1833	Northern Africa and Western Asia	75.8755	78.1406	79.3102	80.2455	81.0595	81.8307	82.5762	83.2418	83.889	84.5536	85.1459	85.6882	86.3144	86.9226	87.54	88.1401
1831	Central and Southern Asia	72.9149	76.3827	78.1705	79.5968	80.7364	81.8365	82.9389	83.8029	84.6601	85.4747	86.288	87.0343	87.6972	88.4363	89.1148	89.7911
1832	Eastern and South-Eastern Asia	80.0967	82.1555	83.3263	84.3148	85.2589	86.0388	86.8598	87.6463	88.2638	88.9575	89.6486	90.1919	90.8878	91.4324	91.9581	92.5528
1830	Latin America and the Caribbean	77.8142	80.2269	81.3067	82.2488	83.0418	83.8332	84.576	85.2755	85.9558	86.6114	87.2914	87.9278	88.4845	89.108	89.7147	90.4146
1835	Oceania (excluding Australia and New Zealand)	70.4445	73.3579	75.0038	76.3658	77.3837	78.3986	79.0885	79.9314	80.7865	81.5587	82.2167	82.9741	83.7374	84.4743	85.0598	85.8064
1836	Australia/New Zealand	85.4863	87.3931	88.6094	89.7801	90.7598	91.6312	92.4891	93.2552	94.1559	95.1236	96.0794	96.94	97.7378	98.5936	99.2764	99.7197
1829	Europe and Northern America	81.7346	83.5714	84.5009	85.3521	86.1316	86.8903	87.6231	88.367	89.0846	89.7765	90.4692	91.2829	92.0443	92.7148	93.3602	94.0022
5502	Europe, Northern America, Australia, and New Zealand	81.8108	83.6131	84.5219	85.3603	86.1103	86.8919	87.6175	88.348	89.0669	89.7894	90.492	91.2916	92.0483	92.7072	93.3485	94.0134
901	More developed regions	82.4496	84.1815	85.1034	85.8989	86.6187	87.3359	88.042	88.7816	89.4861	90.2022	90.895	91.6175	92.2895	93.017	93.6364	94.2795
902	Less developed regions	73.8304	75.9888	77.1441	78.087	78.9306	79.6013	80.3302	80.9669	81.5245	82.0654	82.5745	83.0567	83.4977	83.929	84.3352	84.7713
941	Least developed countries	68.0827	70.2926	71.6151	72.7637	73.7816	74.7909	75.6683	76.5337	77.3087	77.983	78.6874	79.3123	79.9496	80.5575	81.197	81.7361
934	Less developed regions, excluding least developed countries	75.0626	77.3362	78.5733	79.5274	80.3672	81.0915	81.8221	82.4715	83.0992	83.7322	84.2982	84.8638	85.3816	85.8091	86.3218	86.8605
948	Less developed regions, excluding China	71.8354	74.1716	75.3611	76.3661	77.3073	78.1108	78.9306	79.6291	80.2657	80.9009	81.4493	81.9777	82.4842	82.9847	83.5167	83.9845
1636	Land-locked Developing Countries (LLDC)	68.6068	71.0771	72.4097	73.601	74.6374	75.5952	76.4796	77.2689	78.0897	78.8306	79.6307	80.2473	80.979	81.6722	82.3048	83.0182
2087	LLDC: Africa	66.4166	69.2147	70.8211	72.1528	73.3555	74.454	75.438	76.4259	77.345	78.2171	79.0759	79.7885	80.5554	81.3265	82.0008	82.7514
2088	LLDC: Asia	72.7683	75.2985	76.6669	77.7515	78.7331	79.5325	80.3124	81.1511	81.8481	82.4781	83.2484	83.8902	84.5256	85.2434	85.9535	86.5481
2089	LLDC: Europe	76.6143	79.2391	80.5732	81.8255	82.7752	83.6432	84.5472	85.4152	86.163	86.9499	88.0192	88.8992	89.6889	90.4257	91.1889	92.0303
2090	LLDC: Latin America	71.9301	75.9025	77.4948	78.8093	79.9549	81.1126	82.0091	82.8474	83.7991	84.6257	85.4023	86.0995	86.9152	87.6063	88.5401	89.3357
1637	Small Island Developing States (SIDS)	75.3675	77.4921	78.5973	79.4283	80.1514	80.8314	81.4181	81.9663	82.5465	83.0967	83.6197	84.213	84.6095	85.0513	85.5313	86.0799
2091	SIDS Caribbean	75.9051	78.3562	79.5221	80.4923	81.3384	82.0892	82.7629	83.4141	84.0601	84.6106	85.1913	85.777	86.3669	86.9864	87.5244	88.1059
2092	SIDS Pacific	70.2779	73.0286	74.6747	76.0071	77.1023	78.1111	78.9726	79.8886	80.7171	81.4544	82.1605	82.851	83.7327	84.4954	85.1581	85.957
2093	SIDS Atlantic, Indian Ocean and South China Sea (AIS)	78.7364	81.2507	82.7838	83.9362	84.9049	85.7202	86.4866	87.1915	87.8783	88.5099	89.2088	89.8834	90.46	91.0154	91.5942	92.0954
5503	High-and-upper-middle-income countries	80.5299	82.3588	83.2738	84.0913	84.8241	85.5788	86.2933	86.9918	87.6124	88.2327	88.8116	89.3873	89.9688	90.5401	91.1233	91.677
5504	Low-and-Lower-middle-income countries	70.1553	72.6651	74.025	75.1442	76.1627	77.0369	77.9139	78.6535	79.3254	80.0249	80.6409	81.2373	81.7447	82.169	82.7309	83.2628
1503	High-income countries	83.6855	85.1912	86.0713	86.8514	87.567	88.2822	88.9468	89.6795	90.3253	91.0372	91.7347	92.3969	93.0369	93.6767	94.3983	94.9788
1859	Low-and-middle-income countries	73.6432	75.8136	76.9341	77.8592	78.688	79.3481	80.0477	80.6634	81.2285	81.7951	82.3117	82.7872	83.2444	83.6951	84.1296	84.5684
1517	Middle-income countries	74.5594	76.8128	78.0258	78.9675	79.8236	80.5313	81.3014	81.9293	82.5554	83.1321	83.7088	84.2613	84.7877	85.1853	85.6282	86.1731
1502	Upper-middle-income countries	78.8472	81.0988	82.2506	83.2349	84.1416	84.9871	85.8164	86.633	87.292	87.9361	88.5549	89.0671	89.6232	90.1377	90.6488	91.1648
1501	Lower-middle-income countries	71.011	73.7314	75.1984	76.3808	77.4221	78.3943	79.2925	80.0574	80.8549	81.6357	82.2923	82.9718	83.5308	84.0403	84.6511	85.1422
1500	Low-income countries	66.7792	69.107	70.416	71.6214	72.63	73.6588	74.5383	75.3729	76.2131	76.8807	77.6366	78.3667	79.0396	79.7577	80.4966	81.1154
1518	No income group available	76.7443	79.5175	81.1207	82.3631	83.38	84.4542	85.3995	86.3204	87.141	88.0343	88.9625	89.6822	90.441	91.2101	91.9279	92.8846
903	Africa	65.4056	67.6881	69.0546	70.2449	71.3562	72.3792	73.2606	74.1024	74.906	75.6415	76.4232	77.1969	77.783	78.4715	79.1419	79.7953
910	Eastern Africa	67.9269	70.3442	71.8948	73.2163	74.3111	75.3074	76.2199	77.172	78.0758	78.9264	79.7539	80.5714	81.3378	82.0754	82.8349	83.5374
108	Burundi	65.735	69.5167	71.7095	73.534	75.1244	76.461	77.7495	78.9105	79.9865	80.9849	81.8863	82.8023	83.6124	84.5146	85.2952	86.049
174	Comoros	69.0603	72.9196	75.2467	77.144	78.6914	80.0853	81.3276	82.4437	83.5619	84.5205	85.4725	86.3145	87.124	88.0465	88.9461	89.6892
262	Djibouti	68.4432	72.4839	74.8229	76.819	78.4212	79.7767	80.9692	82.1092	83.2136	84.2266	85.1346	85.9867	86.9061	87.7186	88.5742	89.4225
232	Eritrea	70.6557	74.7605	77.1865	79.1223	80.7627	82.1435	83.329	84.4278	85.4126	86.4027	87.3632	88.2286	89.0213	89.9334	90.8246	91.6235
231	Ethiopia	70.747	74.8276	77.3438	79.3004	80.8705	82.2066	83.3969	84.4674	85.5354	86.5069	87.4039	88.2966	89.2189	90.0625	90.9328	91.7221
404	Kenya	65.8964	69.726	71.8808	73.5475	75.058	76.3871	77.5143	78.5762	79.5936	80.6182	81.469	82.4358	83.3305	84.145	84.9873	85.8483
450	Madagascar	65.5868	69.3296	71.6559	73.6254	75.2164	76.622	77.9594	79.184	80.2363	81.2889	82.2623	83.2377	84.0019	84.81	85.5278	86.2833
454	Malawi	70.3105	74.2561	76.3439	78.0023	79.4847	80.7378	81.9294	82.9392	83.935	84.7982	85.5974	86.413	87.2164	87.9972	88.7452	89.4639
480	Mauritius	78.0722	81.0257	82.6773	83.9942	85.1078	86.1691	87.1717	88.2105	89.1599	90.0378	90.9247	91.7991	92.73	93.6606	94.5634	95.3955
175	Mayotte	77.8801	81.2771	82.8853	84.2372	85.3622	86.4932	87.5488	88.4742	89.3649	90.2736	91.1887	92.086	92.9711	93.7891	94.6522	95.5303
508	Mozambique	66.1384	70.3639	72.5822	74.4486	76.0013	77.393	78.696	79.8404	80.8571	81.7397	82.6618	83.4909	84.3303	85.0731	85.9137	86.6978
638	Réunion	85.8013	88.5834	89.9627	91.1073	92.1668	93.1519	94.0428	94.9358	95.8583	96.7299	97.5791	98.4127	99.2528	99.9964	100.8183	101.5117
646	Rwanda	70.1951	73.873	76.2559	78.149	79.6783	81.1304	82.3813	83.4973	84.5002	85.4277	86.3264	87.1783	88.1575	88.9003	89.6627	90.4956
690	Seychelles	76.1523	79.4959	81.1643	82.5429	83.7326	84.7452	85.7634	86.7543	87.6451	88.4963	89.4023	90.2451	91.1187	91.9723	92.791	93.5683
706	Somalia	60.1148	65.2328	67.4781	69.3326	70.9443	72.486	73.8131	75.0028	76.026	77.1744	78.2408	79.2033	80.2674	81.2068	82.0483	82.878
728	South Sudan	60.9639	64.3683	66.347	68.0116	69.4929	70.8528	71.9777	73.1484	74.3409	75.2536	76.2722	77.2515	78.293	79.2643	80.0896	80.792
800	Uganda	71.0834	75.0341	77.3222	79.0961	80.6693	82.0307	83.2352	84.2841	85.3254	86.2861	87.2068	88.079	88.9819	89.815	90.644	91.5134
834	United Republic of Tanzania	70.217	73.5918	75.8396	77.7152	79.2589	80.6382	81.9084	83.0169	84.0055	84.9009	85.865	86.7025	87.6086	88.4713	89.2818	90.0923
894	Zambia	68.1012	72.4982	74.7809	76.5904	78.1663	79.5765	80.7372	81.8752	82.8479	83.7533	84.6443	85.6913	86.5229	87.2894	88.0805	88.8853
716	Zimbabwe	64.9111	69.3282	72.032	74.2184	76.117	77.676	79.0736	80.3575	81.5787	82.7256	83.7352	84.7031	85.6344	86.4791	87.376	88.3382
911	Middle Africa	63.4936	66.8518	68.6264	70.0732	71.4187	72.5601	73.597	74.6217	75.6207	76.4879	77.3256	78.2502	78.9939	79.8565	80.7691	81.5228
24	Angola	67.2157	71.0037	73.2663	74.9848	76.5063	77.7991	78.9954	80.0914	81.1264	82.1169	82.9985	83.8375	84.599	85.412	86.1982	86.9467
120	Cameroon	65.6417	70.364	73.1069	75.2898	77.1073	78.7839	80.2762	81.5258	82.6708	83.7078	84.676	85.6031	86.4542	87.3139	88.1723	88.9782
140	Central African Republic	50.2857	63.8612	66.7658	69.0844	71.266	73.2081	74.9727	76.4104	77.763	78.9358	80.0239	81.117	82.1769	83.1194	84.0089	84.8193
148	Chad	57.0298	61.179	63.4792	65.4288	67.0914	68.5269	69.9808	71.3969	72.6292	73.7674	74.8084	75.7878	76.8469	77.7673	78.7164	79.5612
178	Congo	67.4636	71.5479	73.9709	75.9403	77.539	78.9149	80.1731	81.3116	82.3595	83.3774	84.3018	85.1073	85.9316	86.7529	87.6333	88.4781
180	Democratic Republic of the Congo	63.9763	67.949	70.1715	72.0451	73.7351	75.236	76.6213	77.8502	78.9032	79.8275	80.776	81.6773	82.4908	83.3673	84.091	84.9322
226	Equatorial Guinea	65.8248	69.7321	72.2052	74.222	76.0145	77.6871	79.0649	80.3236	81.4725	82.4161	83.3439	84.2762	85.2323	86.1143	87.0056	87.7509
266	Gabon	71.0697	74.7051	76.7502	78.4482	79.8451	81.0844	82.2774	83.3059	84.2732	85.229	86.1369	86.9716	87.8522	88.7338	89.5293	90.3225
678	Sao Tome and Principe	73.6622	77.0915	78.993	80.545	81.7934	82.9079	83.9344	84.8812	85.7392	86.5665	87.4591	88.3874	89.2114	90.065	90.8652	91.6498
912	Northern Africa	73.9297	76.7241	78.2288	79.4041	80.4328	81.4314	82.3326	83.1598	83.9183	84.6811	85.3023	85.8592	86.6658	87.3254	88.0069	88.7806
12	Algeria	77.684	80.7896	82.5193	83.9313	85.183	86.2372	87.3506	88.3933	89.2971	90.191	91.1084	91.9748	92.8423	93.7535	94.6114	95.4376
818	Egypt	73.4594	77.2136	79.0558	80.5367	81.8081	82.9934	84.0002	85.0018	85.9534	86.8726	87.8018	88.6467	89.531	90.3673	91.2099	92.0492
434	Libya	74.6752	80.2902	82.0862	83.3831	84.5007	85.5703	86.637	87.58	88.5123	89.4089	90.2789	91.0877	91.9124	92.786	93.6023	94.4289
504	Morocco	77.4516	80.6093	82.2833	83.5561	84.6901	85.6855	86.6754	87.6351	88.5004	89.3474	90.1873	91.0579	91.8251	92.6602	93.4328	94.163
729	Sudan	69.4014	73.3357	75.4381	77.1532	78.5628	79.8757	81.1243	82.1775	83.2077	84.1108	85.01	85.8271	86.7358	87.5323	88.3148	89.2352
788	Tunisia	78.6882	81.9924	83.6605	84.9898	86.1604	87.2076	88.1651	89.1889	90.1483	91.0534	91.8961	92.7752	93.6423	94.5259	95.3217	96.1311
732	Western Sahara	73.8143	77.0657	79.0517	80.619	81.8339	82.9971	84.0487	84.9656	85.8997	86.8274	87.6936	88.4548	89.2234	90.0005	90.7353	91.5016
913	Southern Africa	68.6018	72.6943	74.6609	76.218	77.4493	78.5381	79.7847	80.8178	81.7289	82.6797	83.65	84.3606	85.1351	85.9147	86.553	87.3339
72	Botswana	70.7998	75.127	76.9772	78.4809	79.7766	80.9148	81.9989	82.9646	83.926	84.8131	85.6839	86.5544	87.4142	88.225	88.98	89.7722
748	Eswatini	65.7918	70.5457	72.643	74.2674	75.7176	77.0559	78.2198	79.2886	80.2551	81.1227	82.0811	82.9241	83.7089	84.5367	85.3859	86.1188
426	Lesotho	59.7594	65.2549	68.7855	71.7007	74.2077	76.3255	78.1367	79.7769	81.1585	82.3157	83.4817	84.586	85.5235	86.502	87.4009	88.3179
516	Namibia	69.624	74.7391	76.6134	78.0851	79.4215	80.5661	81.6355	82.5994	83.4869	84.3064	85.1465	86.0095	86.7384	87.5483	88.3212	89.0943
710	South Africa	68.9345	73.2261	75.3145	76.9269	78.3324	79.5245	80.699	81.7762	82.7399	83.6466	84.5759	85.4871	86.2567	87.084	87.8324	88.6609
914	Western Africa	59.137	62.1093	63.978	65.4402	66.8494	68.1826	69.3355	70.334	71.3725	72.393	73.3174	74.3177	75.1554	75.8476	76.6797	77.3962
204	Benin	62.4232	66.2806	68.6235	70.4638	72.1178	73.6668	74.9331	76.1821	77.3182	78.3298	79.371	80.3822	81.3291	82.1261	82.8364	83.5646
854	Burkina Faso	63.3572	67.1839	69.4855	71.4104	73.0519	74.5236	75.93	77.1608	78.2997	79.246	80.3238	81.2597	82.1619	82.9255	83.6591	84.3855
132	Cabo Verde	79.2157	81.9685	83.5839	84.8918	86.0917	87.1906	88.2366	89.1914	90.1047	91.0142	91.8997	92.7792	93.6882	94.5341	95.3939	96.1894
384	Côte d'Ivoire	64.1478	67.9934	70.1707	72.0098	73.5614	75.0372	76.3286	77.4952	78.5944	79.6895	80.619	81.544	82.363	83.1637	83.9483	84.5932
270	Gambia	67.392	71.4663	73.7657	75.645	77.2514	78.6208	79.8529	80.9354	81.9448	82.8737	83.8442	84.7385	85.5308	86.3177	87.152	87.9118
288	Ghana	68.0739	71.8741	74.1955	76.0554	77.6373	79.0639	80.3706	81.529	82.5713	83.6026	84.5147	85.3815	86.2957	87.0914	87.8599	88.6615
324	Guinea	62.0763	65.8908	68.1294	69.9922	71.6798	73.1071	74.5624	75.7008	76.8169	77.9009	78.9135	79.9489	80.8335	81.7047	82.5725	83.4138
624	Guinea-Bissau	66.1175	70.1571	72.325	74.1074	75.669	77.012	78.341	79.4428	80.4665	81.3686	82.2794	83.2659	84.0477	84.8684	85.6101	86.439
430	Liberia	63.753	67.3011	69.4854	71.2303	72.8929	74.2833	75.5269	76.6964	77.8579	78.9645	80.0401	80.904	81.7108	82.6152	83.3805	84.2351
466	Mali	62.0419	66.0654	68.59	70.6627	72.521	74.0404	75.4108	76.7651	77.9697	79.0113	79.9757	80.9445	81.7573	82.5942	83.3319	84.0995
478	Mauritania	70.5414	74.3617	76.5316	78.2169	79.7387	80.9882	82.1517	83.2233	84.2344	85.2343	86.1572	87.0218	87.9117	88.7606	89.5924	90.4522
562	Niger	62.2237	66.3915	68.8896	70.9318	72.714	74.2425	75.574	76.8934	78.1093	79.1665	80.1337	81.1447	82.0997	82.945	83.8242	84.5301
566	Nigeria	55.0308	59.102	61.6344	63.5717	65.3684	67.0335	68.5002	69.8976	71.1948	72.468	73.6914	74.8098	75.8731	76.8657	77.8878	78.8307
654	Saint Helena	81.0038	83.0954	84.5187	85.6485	86.6867	87.6958	88.6055	89.5745	90.5287	91.4853	92.3417	93.212	94.0111	94.7918	95.6192	96.4759
686	Senegal	70.7301	74.6443	76.9056	78.6341	80.1031	81.4516	82.5573	83.595	84.5632	85.4555	86.3635	87.1418	87.9675	88.7584	89.5199	90.3507
694	Sierra Leone	63.4644	67.4344	69.6504	71.5233	73.1812	74.6211	75.8641	77.1219	78.2911	79.2793	80.276	81.1311	81.9509	82.7806	83.6145	84.3749
768	Togo	63.0824	67.1721	69.7449	71.9771	74.011	75.7095	77.2492	78.4842	79.6948	80.7582	81.8154	82.8026	83.663	84.5924	85.4903	86.1606
935	Asia	76.9057	79.2786	80.5858	81.6072	82.5146	83.2301	84.0235	84.7609	85.3586	85.9993	86.5505	87.2078	87.8414	88.4312	89.0144	89.5363
5500	Central Asia	75.5498	77.9029	79.1042	80.0899	80.8931	81.811	82.593	83.3717	84.1916	84.9631	85.7249	86.3905	87.0852	87.8603	88.5931	89.2694
398	Kazakhstan	77.5717	81.1308	82.648	83.8613	84.9399	85.9441	86.964	87.8716	88.716	89.659	90.6309	91.505	92.3255	93.1571	93.9821	94.8143
417	Kyrgyzstan	75.0741	78.3362	80.0101	81.447	82.6495	83.7187	84.7323	85.683	86.6501	87.5518	88.4605	89.3007	90.1802	91.0375	91.91	92.7897
762	Tajikistan	73.7596	77.2248	79.0041	80.4159	81.7079	82.7918	83.7991	84.7631	85.6147	86.5375	87.4402	88.2543	89.0499	89.8414	90.6551	91.4152
795	Turkmenistan	73.1266	76.186	78.0357	79.4562	80.7302	81.9471	83.0336	83.9914	84.9189	85.8491	86.8014	87.6796	88.4781	89.276	90.0912	90.9343
860	Uzbekistan	75.6003	78.5025	80.184	81.4752	82.6714	83.6981	84.6872	85.648	86.6142	87.4564	88.3447	89.1709	90.0527	90.9412	91.8165	92.5798
906	Eastern Asia	82.3696	84.6376	85.8835	87.0304	88.0926	89.1723	90.2125	91.1752	91.9772	92.812	93.715	94.549	95.224	96.1406	97.0312	97.7255
156	China	81.4289	84.0744	85.5486	86.7938	87.9792	89.0307	90.0359	91.0503	91.9964	92.857	93.8472	94.7088	95.4893	96.3943	97.1844	98.0068
344	China, Hong Kong SAR	87.7083	90.4746	91.8717	93.0913	94.2579	95.245	96.2518	97.1811	98.1292	99.0678	99.9774	100.8059	101.5724	102.3847	103.1925	104.0469
446	China, Macao SAR	85.5336	87.6053	89.0467	90.2631	91.3387	92.4071	93.3994	94.3465	95.3179	96.2121	97.1248	97.9871	98.8674	99.715	100.576	101.3073
158	China, Taiwan Province of China	84.0707	85.9275	87.369	88.6045	89.739	90.81	91.8066	92.7761	93.7401	94.6595	95.4977	96.3686	97.1856	97.9609	98.7665	99.6706
408	Dem. People's Republic of Korea	76.1366	78.7204	80.3542	81.694	82.7939	83.8345	84.8157	85.7303	86.6578	87.5768	88.4007	89.2834	90.181	91.0138	91.7793	92.5597
392	Japan	87.9202	90.1101	91.5921	92.807	93.9848	95.0593	96.0646	97.0243	97.9502	98.8544	99.8082	100.7236	101.5648	102.3754	103.2902	104.1274
496	Mongolia	76.1176	79.7181	81.6411	83.1187	84.3755	85.5794	86.6061	87.6101	88.6302	89.6264	90.4945	91.3833	92.2366	93.1908	94.036	94.8536
410	Republic of Korea	87.1274	89.4098	90.8165	91.9988	93.0722	94.0158	95.0182	96.024	96.9238	97.8063	98.6295	99.4966	100.4198	101.3027	102.1489	102.974
5501	Southern Asia	72.806	76.3624	78.2185	79.6666	80.8333	81.9686	83.0564	83.9503	84.788	85.633	86.4644	87.2405	87.9131	88.6468	89.3723	90.0533
4	Afghanistan	67.1782	71.6413	73.963	75.8192	77.3862	78.6353	79.8113	80.9284	81.9473	82.8667	83.6913	84.4635	85.2122	86.0421	86.8528	87.5445
50	Bangladesh	75.8479	79.8769	81.903	83.4993	84.8474	86.0877	87.2017	88.2559	89.2957	90.2937	91.2325	92.2162	93.1468	94.0269	94.8571	95.7242
64	Bhutan	75.2722	78.6359	80.7754	82.4789	83.8869	85.089	86.2194	87.3119	88.3179	89.28	90.204	91.1652	92.0465	92.897	93.7448	94.6387
356	India	72.9793	77.2615	79.4136	81.0675	82.5057	83.7315	84.8477	85.9379	86.9381	87.9054	88.7964	89.7137	90.6236	91.4975	92.4584	93.2129
364	Iran (Islamic Republic of)	78.7913	82.4542	84.0911	85.4067	86.6126	87.813	88.9263	89.8789	90.849	91.7394	92.6967	93.5167	94.4384	95.2885	96.0657	96.8716
462	Maldives	82.29	85.3554	86.8679	88.13	89.3113	90.3692	91.352	92.3041	93.2243	94.1413	94.9355	95.8352	96.655	97.436	98.2106	99.0379
524	Nepal	71.864	75.7288	77.9617	79.71	81.222	82.4062	83.5832	84.6738	85.6536	86.6724	87.5788	88.5327	89.4978	90.3199	91.0855	91.9954
586	Pakistan	70.1368	73.6328	75.5702	77.0965	78.4793	79.6937	80.7707	81.8091	82.7082	83.6421	84.5481	85.399	86.274	87.0906	87.8616	88.7659
144	Sri Lanka	80.7	83.1984	84.6545	85.9475	87.126	88.161	89.1296	90.1038	91.053	91.941	92.9225	93.8552	94.7323	95.5899	96.401	97.2801
920	South-Eastern Asia	74.7586	77.1841	78.4636	79.6217	80.5953	81.4351	82.1652	82.9294	83.6568	84.3234	85.0827	85.7499	86.3733	87.0592	87.6919	88.3688
96	Brunei Darussalam	77.3321	80.5079	82.1688	83.5118	84.6987	85.7844	86.7557	87.7377	88.66	89.5705	90.4525	91.3416	92.2602	93.2012	93.9908	94.7265
116	Cambodia	73.3672	76.5943	78.5822	80.0603	81.3936	82.5806	83.5878	84.5794	85.5131	86.2982	87.1152	87.9776	88.7121	89.541	90.3804	91.1416
360	Indonesia	72.7446	76.5989	78.4513	79.8964	81.156	82.2865	83.2869	84.2319	85.1608	86.1027	86.9527	87.829	88.6434	89.5102	90.3217	91.2065
418	Lao People's Democratic Republic	71.5322	75.0653	77.3401	79.1376	80.5683	81.7969	82.914	83.9389	84.8528	85.7247	86.6282	87.4851	88.35	89.1524	89.9097	90.6061
458	Malaysia	78.972	82.0789	83.6296	84.8694	86.037	87.116	88.0794	88.999	89.9062	90.8779	91.7507	92.627	93.5094	94.3602	95.2346	96.126
104	Myanmar	70.3602	73.8919	76.1208	77.8793	79.3781	80.6457	81.8929	83.0347	84.0397	84.9854	85.8825	86.6955	87.5151	88.4262	89.2469	90.0529
608	Philippines	72.6267	76.091	77.8707	79.2367	80.4568	81.6162	82.666	83.6075	84.5564	85.4789	86.3034	87.1859	88.0751	88.9928	89.8622	90.6513
702	Singapore	86.3951	88.5447	89.9409	91.1659	92.26	93.2604	94.1659	95.118	96.0426	96.9632	97.8039	98.607	99.4667	100.2639	101.0912	101.9309
764	Thailand	81.3889	83.4875	85.0922	86.3891	87.5558	88.6648	89.6951	90.6738	91.6626	92.5019	93.3781	94.2452	95.0997	96.0035	96.8448	97.6423
626	Timor-Leste	69.6392	73.3262	75.5421	77.2917	78.838	80.1315	81.3119	82.3806	83.3422	84.1615	85.0308	85.8537	86.6963	87.5264	88.2623	88.9285
704	Viet Nam	79.6574	81.8699	83.3759	84.5811	85.6572	86.6572	87.644	88.628	89.6051	90.5759	91.4877	92.3714	93.3246	94.1528	94.9624	95.8288
922	Western Asia	77.8082	80.0392	81.1232	82.0256	82.8274	83.499	84.1636	84.7611	85.3355	85.9369	86.5434	87.1247	87.7112	88.2353	88.8043	89.3307
51	Armenia	78.7247	82.1311	83.6194	84.8299	85.9437	86.9374	87.9075	88.8947	89.8557	90.7681	91.5742	92.4781	93.3053	94.0956	94.9502	95.7648
31	Azerbaijan	76.4857	80.0993	81.7404	83.0997	84.2704	85.2602	86.2312	87.2158	88.218	89.1598	89.998	90.8604	91.748	92.5393	93.3842	94.2037
48	Bahrain	81.6345	84.4436	85.8519	87.0493	88.1856	89.2034	90.1119	91.0601	92.0379	92.9125	93.7228	94.5679	95.4015	96.2872	97.179	98.0646
196	Cyprus	83.6714	85.9916	87.4425	88.6748	89.7601	90.7863	91.8012	92.7344	93.6955	94.6022	95.5209	96.4808	97.3118	98.2044	99.0046	99.7307
268	Georgia	78.7501	81.7722	83.2668	84.4413	85.532	86.6703	87.6838	88.6663	89.5027	90.3977	91.2761	92.1119	93.0497	93.9049	94.7373	95.5312
368	Iraq	74.0238	77.1411	78.8605	80.176	81.3634	82.4332	83.4282	84.3242	85.1835	86.0587	86.9251	87.7293	88.5621	89.4241	90.2256	91.0151
376	Israel	84.967	86.8648	88.2551	89.4172	90.4109	91.4084	92.4369	93.4043	94.3181	95.2564	96.0739	96.936	97.8338	98.6257	99.4445	100.2578
400	Jordan	79.5741	82.8016	84.3093	85.5024	86.6326	87.7029	88.6587	89.6291	90.4989	91.4271	92.32	93.1712	94.0764	94.9046	95.7509	96.5861
414	Kuwait	81.4508	84.3789	85.8871	87.1167	88.235	89.3036	90.2746	91.2194	92.1504	93.0508	93.8468	94.7629	95.6224	96.4893	97.3394	98.2157
422	Lebanon	79.3876	82.3355	83.8099	85.0898	86.2435	87.2174	88.1856	89.1674	90.0723	90.967	91.8505	92.6965	93.4684	94.3205	95.1811	95.9596
512	Oman	80.8147	84.4269	85.9119	87.1758	88.2894	89.334	90.3306	91.1922	92.1599	92.9437	93.7933	94.6417	95.431	96.201	96.998	97.8139
634	Qatar	83.2944	85.7108	87.0651	88.2266	89.2728	90.3	91.2123	92.2001	93.1523	94.0753	94.8644	95.6489	96.413	97.186	98.0252	98.7767
682	Saudi Arabia	81.0296	83.8181	85.4151	86.6916	87.8778	88.9888	90.0274	91.0573	91.9849	92.9374	93.8043	94.628	95.4759	96.3391	97.2021	98.0619
275	State of Palestine	76.1757	82.0283	83.7246	84.9401	86.0118	87.003	87.9631	88.8942	89.8009	90.6545	91.5041	92.3459	93.1139	93.9353	94.6916	95.527
760	Syrian Arab Republic	75.4412	78.7545	80.4139	81.7546	82.8971	83.8779	84.8775	85.8178	86.7432	87.6882	88.5422	89.359	90.1972	90.9577	91.7089	92.5804
792	Türkiye	80.49	83.6252	85.0955	86.2427	87.3581	88.3694	89.3252	90.2111	91.1533	92.054	92.8387	93.6778	94.4739	95.2199	96.0304	96.8639
784	United Arab Emirates	83.533	86.4917	87.8217	89.0039	90.0651	91.0801	91.9919	92.9598	93.881	94.761	95.6371	96.4025	97.2296	98.0662	98.883	99.6011
887	Yemen	71.1625	74.8336	76.6107	78.0195	79.2836	80.355	81.3493	82.276	83.1723	83.9899	84.7789	85.5138	86.2444	87.1326	87.8598	88.5319
908	Europe	81.92	83.704	84.5894	85.3997	86.1646	86.9089	87.624	88.3398	88.9523	89.6281	90.2845	90.9378	91.6569	92.3028	93.0212	93.6603
923	Eastern Europe	78.7942	81.4216	82.5118	83.4896	84.347	85.1934	86.0705	86.9483	87.7804	88.5928	89.2438	89.9628	90.5994	91.3629	92.1618	92.9738
112	Belarus	78.9199	81.8287	83.3819	84.593	85.7147	86.8073	87.8002	88.667	89.6121	90.5603	91.4103	92.2618	93.1541	94.0104	94.7044	95.5369
100	Bulgaria	78.3203	81.9399	83.4339	84.6413	85.7486	86.7259	87.698	88.6351	89.5285	90.4461	91.3393	92.1438	93.0339	93.8499	94.6827	95.4701
203	Czechia	82.3243	84.9253	86.2794	87.4692	88.5168	89.4817	90.4758	91.3798	92.3234	93.2033	94.0966	94.9408	95.7976	96.7019	97.5157	98.2345
348	Hungary	79.8187	82.7856	84.2808	85.5119	86.6088	87.6417	88.7128	89.6193	90.5507	91.519	92.4266	93.3643	94.2425	95.057	95.8235	96.6956
616	Poland	81.9277	84.7422	86.173	87.3837	88.4982	89.5201	90.5057	91.4761	92.3525	93.2781	94.123	95.0035	95.8603	96.674	97.427	98.2049
498	Republic of Moldova	75.509	78.5224	80.2272	81.5468	82.7002	83.7757	84.7428	85.6529	86.5862	87.5073	88.2947	89.1794	90.1677	91.0506	91.7918	92.6255
642	Romania	79.0712	82.2018	83.6779	84.8723	85.9508	86.9608	87.8883	88.8824	89.8442	90.8116	91.729	92.5844	93.4342	94.2787	95.1178	95.8868
643	Russian Federation	77.9503	81.7658	83.2509	84.4951	85.6203	86.6524	87.626	88.6388	89.5679	90.4508	91.3235	92.1212	92.9516	93.7456	94.5412	95.3939
703	Slovakia	80.8961	84.0359	85.528	86.7402	87.8266	88.9317	89.9222	90.8239	91.7182	92.5769	93.424	94.2552	95.0663	96.0108	96.8258	97.5585
804	Ukraine	79.3411	82.6884	83.9645	85.0555	86.0809	87.1106	88.0642	88.9373	89.847	90.7259	91.6186	92.3775	93.2949	94.1021	94.924	95.6731
924	Northern Europe	83.4526	85.136	86.1592	87.1287	88.0289	88.9468	89.8364	90.6776	91.35	92.1454	93.0054	93.8714	94.5992	95.3613	96.1788	96.8675
208	Denmark	83.9118	86.1142	87.5255	88.7179	89.7672	90.7542	91.748	92.6323	93.5122	94.4678	95.3159	96.1484	96.9744	97.7525	98.5774	99.3973
233	Estonia	82.98	85.3882	86.8247	88.0092	89.087	90.1158	91.0614	92.038	92.8958	93.795	94.7105	95.5302	96.4554	97.245	98.0985	98.9978
234	Faroe Islands	82.6156	85.066	86.5977	87.8876	89.0439	90.144	91.1792	92.2132	93.1614	94.0256	94.9617	95.9272	96.7695	97.6355	98.4832	99.3069
246	Finland	84.864	86.9303	88.3077	89.4626	90.501	91.5203	92.5158	93.5111	94.4381	95.3337	96.2552	97.1834	98.0078	98.8303	99.6446	100.4029
831	Guernsey	85.5763	87.8463	89.2264	90.3943	91.4337	92.3996	93.2905	94.1318	95.0059	95.8914	96.7843	97.6433	98.5314	99.3651	100.2044	100.914
352	Iceland	84.6685	86.6686	88.0328	89.2094	90.2657	91.2914	92.2856	93.2471	94.1892	95.164	96.017	96.8592	97.7439	98.5936	99.468	100.2504
372	Ireland	84.5874	86.7886	88.1993	89.4192	90.5417	91.4977	92.5159	93.458	94.4112	95.2419	96.0892	96.9262	97.7657	98.5529	99.3175	100.1158
833	Isle of Man	83.3205	85.4205	86.8225	87.9968	89.0832	90.0929	91.0394	92.0035	92.8499	93.7315	94.6279	95.4878	96.3721	97.1689	97.965	98.7903
832	Jersey	82.0974	84.2082	85.674	86.8911	88.0313	89.0534	90.0784	91.0789	92.0243	92.9771	93.8665	94.7479	95.5946	96.4285	97.2449	98.1031
428	Latvia	80.0976	82.9851	84.4214	85.6016	86.6434	87.6526	88.5766	89.4655	90.4481	91.3857	92.2635	93.1046	94.002	94.802	95.5674	96.3545
440	Lithuania	80.4225	83.1821	84.5966	85.806	86.8345	87.9058	88.9067	89.8382	90.7293	91.6993	92.5429	93.3936	94.2685	95.1173	95.9323	96.6973
578	Norway	85.059	87.1086	88.4832	89.6704	90.7254	91.7274	92.7481	93.7011	94.6227	95.5535	96.3991	97.215	97.9988	98.8531	99.5826	100.309
752	Sweden	85.2259	87.3712	88.7646	89.9265	91.0805	92.1005	92.9861	93.9037	94.7808	95.634	96.5158	97.4194	98.3058	99.0947	99.9431	100.6425
826	United Kingdom	83.3257	85.4754	86.8291	88.0103	89.0982	90.1681	91.1471	92.0635	92.951	93.8676	94.7401	95.6241	96.4355	97.2486	98.1549	98.9402
925	Southern Europe	84.5869	86.4697	87.5872	88.5852	89.4801	90.3504	91.1784	91.9312	92.6669	93.4271	94.1502	95.0138	95.6951	96.3623	96.979	97.7239
8	Albania	81.0869	84.0031	85.4455	86.7454	87.8882	88.9497	89.9468	90.8895	91.8126	92.7873	93.6045	94.4796	95.3131	96.204	97.0153	97.7945
20	Andorra	85.9678	88.4563	89.8596	91.0607	92.2085	93.2228	94.1891	95.1357	96.1008	96.906	97.751	98.5739	99.3879	100.3123	101.2127	102.0548
70	Bosnia and Herzegovina	80.4469	83.5213	85.0326	86.3329	87.4506	88.4957	89.493	90.4342	91.3712	92.2812	93.137	94.0055	94.8898	95.7428	96.6164	97.3972
191	Croatia	81.6186	84.1312	85.5719	86.7873	87.8968	88.9773	89.9208	90.845	91.7625	92.6201	93.4265	94.2207	95.116	95.9021	96.685	97.5207
292	Gibraltar	85.7937	88.4562	89.864	91.0882	92.1852	93.2441	94.2026	95.0692	95.9807	96.8883	97.8952	98.665	99.5654	100.3282	101.1781	102.0125
300	Greece	84.1414	86.631	88.0882	89.3272	90.4317	91.4215	92.4005	93.3382	94.2853	95.1851	96.0088	96.7965	97.6442	98.4984	99.3436	100.1488
380	Italy	85.5562	88.0243	89.4477	90.6884	91.8133	92.8168	93.8095	94.8198	95.6912	96.5239	97.3994	98.2999	99.214	100.0521	100.8538	101.6291
412	Kosovo (under UNSC res. 1244)	79.4649	82.8493	84.3621	85.6085	86.7306	87.7555	88.8168	89.7203	90.6558	91.5107	92.3348	93.1323	93.9822	94.7822	95.5261	96.3595
470	Malta	85.1291	87.5484	88.9551	90.1634	91.3151	92.345	93.3082	94.2545	95.1807	96.0328	96.9332	97.8355	98.6871	99.5223	100.3924	101.2214
499	Montenegro	79.7905	82.8798	84.3461	85.5744	86.6256	87.6762	88.6848	89.6727	90.5849	91.444	92.3456	93.2248	94.0801	94.9227	95.746	96.4759
807	North Macedonia	78.8617	82.187	83.6577	84.8024	85.902	86.9007	87.9753	88.8935	89.7683	90.6419	91.4952	92.2941	93.1347	93.9631	94.8026	95.6772
620	Portugal	85.009	87.4317	88.7879	90.0097	91.0746	92.1454	93.1661	94.0733	95.0099	95.915	96.7567	97.585	98.383	99.2158	100.0537	101.0034
674	San Marino	86.84	89.3857	90.776	91.9145	92.9294	93.9357	94.9141	95.8177	96.7824	97.7366	98.573	99.3805	100.276	101.1111	101.9887	102.7495
688	Serbia	79.2978	82.6889	84.2154	85.4756	86.6033	87.6467	88.6867	89.6601	90.5735	91.4658	92.4041	93.286	94.1463	94.9992	95.8378	96.7512
705	Slovenia	84.2064	86.6187	88.0306	89.2339	90.3215	91.3452	92.2819	93.2214	94.1081	95.0005	95.872	96.73	97.6123	98.4575	99.288	100.021
724	Spain	86.2062	88.6534	90.1343	91.3187	92.4427	93.444	94.4486	95.4344	96.3239	97.2217	98.1055	98.9474	99.722	100.4765	101.254	102.099
926	Western Europe	84.5724	86.0731	87.1328	88.1446	89.0339	89.8378	90.6253	91.2654	91.9964	92.744	93.4508	94.1465	94.8942	95.6472	96.2954	97.1769
40	Austria	84.573	86.629	88.0638	89.2518	90.3589	91.4072	92.3941	93.3554	94.2631	95.156	95.9813	96.9011	97.721	98.5941	99.3888	100.2376
56	Belgium	84.3515	86.5976	87.9672	89.1981	90.3154	91.3253	92.2851	93.2643	94.2142	95.1023	95.955	96.816	97.6446	98.49	99.308	100.1293
250	France	86.0638	88.3361	89.7206	90.9369	92.0337	93.073	94.0411	95.0554	95.9345	96.8178	97.6215	98.4185	99.29	100.108	100.9949	101.7931
276	Germany	83.9191	86.0111	87.3675	88.5501	89.5725	90.5835	91.5794	92.5446	93.4905	94.3993	95.2976	96.0972	96.9656	97.6864	98.4591	99.2716
438	Liechtenstein	85.4025	87.6446	89.0782	90.2903	91.39	92.4214	93.398	94.288	95.2713	96.1551	97.0781	98.0254	98.824	99.5882	100.4045	101.2117
442	Luxembourg	84.0068	86.0664	87.4078	88.6055	89.6996	90.7366	91.7074	92.6623	93.5055	94.3753	95.2281	96.0129	96.7555	97.6614	98.5418	99.3632
492	Monaco	88.4519	90.7213	92.0908	93.286	94.4103	95.3584	96.3481	97.2569	98.0951	98.9611	99.774	100.6154	101.4285	102.258	103.001	103.7837
528	Netherlands	83.8218	86.0128	87.3994	88.5929	89.7074	90.7418	91.7482	92.7252	93.7098	94.6021	95.4928	96.3312	97.1517	98.0047	98.8461	99.6648
756	Switzerland	85.9588	88.1198	89.5088	90.6923	91.8506	92.8889	93.8578	94.776	95.7116	96.6197	97.4635	98.2233	99.103	100.0392	100.8304	101.585
5505	Americas	79.3474	81.5727	82.608	83.4925	84.2755	84.9554	85.6205	86.2966	87.0298	87.7012	88.3272	88.9724	89.5776	90.2763	91.0027	91.7157
904	Latin America and the Caribbean	77.8142	80.2269	81.3067	82.2488	83.0418	83.8332	84.576	85.2755	85.9558	86.6114	87.2914	87.9278	88.4845	89.108	89.7147	90.4146
915	Caribbean	75.9353	78.4258	79.6013	80.5917	81.454	82.1829	82.8794	83.5338	84.1877	84.7262	85.3268	85.9133	86.4493	87.0877	87.5585	88.079
660	Anguilla	82.8188	85.0377	86.4463	87.6621	88.6985	89.7219	90.7341	91.6464	92.5494	93.4309	94.347	95.2469	96.1206	96.9687	97.7464	98.5775
28	Antigua and Barbuda	80.5102	82.9419	84.4255	85.6748	86.8045	87.8444	88.8609	89.8685	90.7797	91.6428	92.5824	93.3968	94.3278	95.1525	95.9674	96.8134
533	Aruba	78.6655	81.5112	83.0354	84.2442	85.3403	86.4006	87.3814	88.3599	89.2547	90.1367	90.9653	91.7778	92.6932	93.5	94.3315	95.1303
44	Bahamas	77.6541	80.9674	82.5247	83.7478	84.81	85.8053	86.8488	87.8672	88.783	89.5754	90.4181	91.327	92.1933	92.9719	93.7855	94.6759
52	Barbados	78.9875	81.3585	82.9466	84.1878	85.3279	86.3892	87.4381	88.3795	89.3355	90.1639	91.0301	91.924	92.8128	93.714	94.4812	95.2939
535	Bonaire, Sint Eustatius and Saba	80.8041	82.8386	84.3129	85.4838	86.5462	87.5721	88.562	89.493	90.4312	91.3321	92.0589	92.8459	93.6989	94.4935	95.2205	96.0507
92	British Virgin Islands	80.0572	82.6682	84.1821	85.3738	86.4857	87.5363	88.4908	89.428	90.3642	91.2531	92.1247	92.9797	93.8359	94.6702	95.5637	96.4382
136	Cayman Islands	82.8784	85.2364	86.7131	87.9855	89.1483	90.1561	91.1396	92.0998	93.0214	93.8772	94.8383	95.7344	96.567	97.4344	98.2837	99.1123
192	Cuba	79.8512	83.1553	84.6441	85.9605	87.0492	88.0668	89.0754	90.0619	90.9462	91.8422	92.7504	93.5992	94.497	95.2988	96.1097	96.979
531	Curaçao	80.9514	83.3346	84.7478	85.8951	87.0087	88.0553	88.982	89.925	90.9018	91.7328	92.5818	93.4567	94.3049	95.1522	95.9027	96.6672
212	Dominica	74.7305	77.7316	79.4936	80.8913	82.154	83.2476	84.2275	85.0894	85.9772	86.8667	87.7618	88.5827	89.3613	90.1276	90.8618	91.6662
214	Dominican Republic	77.2691	79.7922	81.3808	82.6573	83.7278	84.6931	85.5448	86.4323	87.2693	88.0233	88.899	89.7243	90.4848	91.2062	91.9492	92.7048
308	Grenada	78.5865	81.1369	82.6692	83.9936	85.0394	86.06	86.9827	87.9426	88.8597	89.7403	90.5306	91.3348	92.1332	92.9665	93.8339	94.591
312	Guadeloupe	85	87.7478	89.1036	90.2042	91.2575	92.2642	93.1765	94.0734	94.9416	95.8046	96.7007	97.5743	98.3089	99.1783	99.9507	100.7023
332	Haiti	68.0177	71.9887	74.1277	75.8298	77.2866	78.5563	79.6934	80.7929	81.6297	82.5914	83.4169	84.2768	85.1277	85.9567	86.7327	87.5015
388	Jamaica	73.9752	77.1476	78.9333	80.3305	81.6085	82.7329	83.7783	84.6939	85.6145	86.5187	87.4011	88.3164	89.1937	90.0316	90.8209	91.5427
474	Martinique	84.3829	87.8201	89.1862	90.3883	91.4159	92.4184	93.3539	94.2499	95.141	96.0068	96.8591	97.6777	98.4723	99.2462	100.0247	100.8083
500	Montserrat	79.0826	81.5581	83.0985	84.2835	85.3478	86.4126	87.3411	88.3012	89.2577	90.1132	90.9878	91.7983	92.656	93.5071	94.2972	95.0694
630	Puerto Rico	84.8377	87.5388	88.9587	90.13	91.2008	92.2133	93.2145	94.1888	95.1276	96.0169	96.8963	97.7879	98.6519	99.4791	100.3491	101.0516
652	Saint Barthélemy	87.2853	89.0611	90.3804	91.566	92.6259	93.5716	94.4656	95.3082	96.2398	97.149	98.0709	98.8391	99.5829	100.3785	101.1798	101.8671
659	Saint Kitts and Nevis	75.4835	78.9904	80.6731	81.9915	83.1702	84.2284	85.1726	86.0121	86.9139	87.8449	88.7244	89.635	90.4457	91.3364	92.1227	92.9506
662	Saint Lucia	76.0755	79.2691	80.9403	82.286	83.4426	84.481	85.4056	86.2989	87.2214	88.074	88.9107	89.6932	90.553	91.3186	92.1537	92.9055
663	Saint Martin (French part)	84.1565	86.0957	87.5172	88.7057	89.7625	90.8156	91.7836	92.6657	93.563	94.5093	95.35	96.1883	97.0421	97.8503	98.701	99.5758
670	Saint Vincent and the Grenadines	74.502	77.4556	79.204	80.5903	81.7908	82.8539	83.8448	84.7909	85.6907	86.4608	87.2566	88.0768	88.965	89.8312	90.6013	91.3813
534	Sint Maarten (Dutch part)	79.4296	82.2067	83.7041	84.8724	85.9258	86.9749	87.906	88.8517	89.7645	90.7183	91.573	92.3629	93.1498	93.9527	94.8151	95.6366
780	Trinidad and Tobago	76.6016	79.6005	81.2482	82.5845	83.668	84.7531	85.8045	86.7483	87.6883	88.555	89.4151	90.2613	90.9963	91.8555	92.7329	93.4522
796	Turks and Caicos Islands	80.5247	82.9135	84.4422	85.7068	86.8047	87.8661	88.8376	89.7759	90.7752	91.7425	92.6094	93.4283	94.3018	95.1473	96.0562	96.8671
850	United States Virgin Islands	81.446	83.8176	85.2623	86.497	87.6036	88.6584	89.6332	90.6326	91.5474	92.4115	93.2392	94.135	94.9501	95.836	96.6935	97.5046
916	Central America	76.7275	80.0326	81.4227	82.6096	83.6333	84.5467	85.4818	86.3997	87.1367	87.8704	88.6595	89.4904	90.1871	90.9119	91.6254	92.3567
84	Belize	75.9721	79.5245	81.2726	82.6973	83.9084	84.9834	86.0079	86.9585	87.9733	88.94	89.8174	90.764	91.5923	92.4557	93.2954	94.1287
188	Costa Rica	83.025	85.8302	87.32	88.5425	89.6767	90.6867	91.6779	92.6734	93.6236	94.5278	95.3804	96.2556	97.069	97.9696	98.8389	99.5949
222	El Salvador	76.1953	79.496	81.2955	82.7699	84.0495	85.1344	86.2018	87.2124	88.1731	89.0946	90.0038	90.886	91.8879	92.7343	93.5808	94.3681
320	Guatemala	74.2083	78.034	79.8069	81.1869	82.3422	83.3819	84.3612	85.271	86.1672	87.0069	87.8201	88.6468	89.4223	90.2848	91.1179	91.88
340	Honduras	75.157	78.6644	80.4214	81.8484	83.0687	84.1763	85.1832	86.189	87.1556	88.0592	88.9587	89.7838	90.6652	91.4513	92.3631	93.1503
484	Mexico	76.8473	80.7578	82.4396	83.7727	84.9532	85.9583	86.9639	87.9126	88.8915	89.8191	90.663	91.5195	92.3955	93.2657	94.0352	94.8591
558	Nicaragua	76.6708	80.4054	82.0866	83.3612	84.513	85.5349	86.507	87.4502	88.449	89.3543	90.1694	90.9257	91.7437	92.5235	93.2506	93.9953
591	Panama	82.1628	84.9605	86.4424	87.6918	88.8234	89.8188	90.8603	91.798	92.7174	93.6181	94.5073	95.3836	96.2805	97.0794	97.8234	98.6214
931	South America	78.4829	80.9844	82.1462	83.1178	83.959	84.8047	85.5931	86.3638	87.0785	87.7276	88.3828	89.0565	89.6893	90.472	91.1137	91.8128
32	Argentina	79.2547	82.4904	83.9923	85.1959	86.2983	87.3383	88.3196	89.2735	90.1552	91.049	91.9311	92.7974	93.5931	94.4704	95.2608	96.0633
68	Bolivia (Plurinational State of)	69.9657	74.6733	76.5989	78.1224	79.5118	80.7839	81.8556	82.8658	83.8112	84.7011	85.6678	86.549	87.3613	88.2207	88.9842	89.7763
76	Brazil	78.5798	81.7504	83.3408	84.5901	85.6839	86.7256	87.6347	88.5315	89.3935	90.2743	91.1375	91.8549	92.6849	93.4704	94.2492	95.0967
152	Chile	82.7112	85.4349	86.9414	88.2089	89.3506	90.3673	91.3802	92.3417	93.3415	94.3455	95.1549	95.986	96.846	97.6822	98.4886	99.2948
170	Colombia	79.6419	83.117	84.6545	85.9491	87.057	88.1486	89.1775	90.0911	91.0376	91.9331	92.7878	93.6341	94.5657	95.4524	96.2294	97.0143
218	Ecuador	79.1875	82.7963	84.3454	85.5399	86.618	87.6066	88.5945	89.4923	90.3752	91.2463	92.0954	92.9281	93.7793	94.5455	95.3	96.0283
238	Falkland Islands (Malvinas)	81.5275	83.8489	85.3882	86.6039	87.7411	88.7769	89.774	90.7261	91.5859	92.4755	93.3813	94.2263	95.059	95.8659	96.6378	97.3628
254	French Guiana	79.9934	82.6906	84.2129	85.4472	86.5317	87.5272	88.5104	89.4206	90.4403	91.3388	92.2195	93.1282	93.9582	94.8021	95.6565	96.5264
328	Guyana	73.0041	77.0809	78.8525	80.2231	81.4405	82.5267	83.4957	84.4358	85.4096	86.2825	87.154	87.923	88.682	89.4209	90.2629	91.0383
600	Paraguay	75.9181	79.8541	81.4125	82.7186	83.8636	84.8319	85.7959	86.7074	87.5593	88.4329	89.325	90.1408	90.9933	91.8068	92.6302	93.3923
604	Peru	78.987	82.8305	84.3619	85.5973	86.7113	87.7056	88.6583	89.5639	90.4802	91.3779	92.1874	92.9568	93.7752	94.5748	95.3774	96.1407
740	Suriname	76.2332	79.7631	81.4327	82.7263	83.8881	84.9427	85.8943	86.8942	87.8672	88.7472	89.6497	90.4831	91.2992	92.1307	92.9195	93.7106
858	Uruguay	81.5108	84.3168	85.7144	86.9064	87.9745	89.0661	90.0629	91.0059	91.9213	92.7956	93.6564	94.4602	95.3008	96.1182	96.923	97.7701
862	Venezuela (Bolivarian Republic of)	76.7919	79.4843	81.1605	82.5081	83.6485	84.6785	85.6136	86.6098	87.5953	88.4613	89.338	90.1903	91.0556	91.8728	92.6784	93.4907
905	Northern America	81.659	84.2809	85.6234	86.7501	87.7661	88.7583	89.7076	90.7495	91.5317	92.4136	93.1785	93.9524	94.8711	95.5399	96.4541	97.2917
60	Bermuda	85.9213	88.0769	89.5068	90.7263	91.756	92.7702	93.8062	94.7423	95.6832	96.6069	97.4211	98.3308	99.1796	100.0318	100.8729	101.6975
124	Canada	84.8329	87.0705	88.4892	89.6767	90.7506	91.744	92.7827	93.6509	94.5796	95.4399	96.2853	97.1347	97.9696	98.7532	99.4824	100.3194
304	Greenland	72.929	75.6421	77.4163	78.8353	80.0868	81.1812	82.1736	83.1054	83.9566	84.8436	85.6557	86.5151	87.3202	88.0829	88.8049	89.5923
666	Saint Pierre and Miquelon	81.832	83.8911	85.2856	86.4947	87.5587	88.6316	89.6158	90.5497	91.4499	92.3086	93.1349	93.9811	94.8571	95.7157	96.4133	97.2152
840	United States of America	81.3214	84.2542	85.6362	86.873	87.9535	89.0098	89.9368	90.9454	91.85	92.7329	93.5618	94.4347	95.2652	96.0945	96.8514	97.6435
909	Oceania	81.5152	83.431	84.5478	85.5048	86.2269	87.0087	87.6898	88.3495	89.0238	89.8365	90.4821	91.2724	92.0449	92.7163	93.3563	93.8204
927	Australia/New Zealand	85.4863	87.3931	88.6094	89.7801	90.7598	91.6312	92.4891	93.2552	94.1559	95.1236	96.0794	96.94	97.7378	98.5936	99.2764	99.7197
36	Australia	85.8474	88.0338	89.4323	90.6111	91.6237	92.6045	93.5456	94.4597	95.3506	96.2675	97.2406	98.1581	98.9331	99.6999	100.5605	101.4592
554	New Zealand	83.9892	86.0525	87.3962	88.5641	89.6456	90.6624	91.6066	92.5091	93.3839	94.2607	95.2196	96.1311	96.9	97.7202	98.5453	99.4465
928	Melanesia	69.6366	72.6513	74.3619	75.7657	76.8558	77.9455	78.7673	79.6808	80.5949	81.4219	82.1149	82.8782	83.7364	84.3969	85.0752	85.8561
242	Fiji	69.3985	72.9393	74.8761	76.3119	77.63	78.8509	79.9627	80.9954	81.9832	82.9427	83.847	84.734	85.5682	86.3534	87.1146	87.9612
540	New Caledonia	81.1169	83.765	85.1768	86.3797	87.3965	88.3974	89.334	90.2761	91.1428	91.9912	92.817	93.6279	94.3998	95.2296	96.0347	96.785
598	Papua New Guinea	69.0906	72.5542	74.4547	75.9324	77.2008	78.3271	79.4203	80.491	81.4327	82.2478	83.0702	83.8973	84.659	85.4162	86.1998	86.9189
90	Solomon Islands	72.076	75.4027	77.2809	78.7397	79.9405	81.0018	82.0629	83.0701	84.008	84.931	85.7963	86.6668	87.4672	88.268	89.09	89.8939
548	Vanuatu	74.065	77.2774	79.1312	80.5433	81.8221	82.8632	83.898	84.8853	85.7793	86.6562	87.5454	88.4023	89.2884	90.1501	90.9534	91.786
954	Micronesia	74.1664	76.5117	77.9423	79.0848	79.9194	80.6227	81.3872	82.041	82.6018	83.2918	83.9139	84.7002	85.5886	86.3759	87.0854	87.8754
316	Guam	81.3005	83.9132	85.3364	86.5603	87.6394	88.7266	89.7904	90.7409	91.665	92.5935	93.4997	94.4324	95.2674	96.1414	96.8484	97.6046
296	Kiribati	68.0954	71.6931	73.6102	75.2633	76.5641	77.7296	78.8052	79.7986	80.7812	81.7789	82.5862	83.3514	84.1506	84.9445	85.7478	86.5
584	Marshall Islands	69.3381	72.7705	74.6746	76.207	77.6292	78.8287	79.9549	80.9734	81.8951	82.8183	83.655	84.4987	85.3645	86.1643	86.9929	87.7669
583	Micronesia (Fed. States of)	71.1605	74.491	76.3658	77.785	79.0405	80.1065	81.1647	82.1537	83.0968	83.9896	84.9071	85.6998	86.4807	87.3075	88.1067	88.8099
520	Nauru	64.472	67.8159	69.9365	71.5757	73.1408	74.4609	75.6728	76.8805	77.9622	78.9592	79.946	80.8984	81.746	82.6184	83.5059	84.3201
580	Northern Mariana Islands	80.8642	83.279	84.7725	85.9364	87.0025	88.0285	89.0074	89.9294	90.7862	91.7251	92.6101	93.5209	94.3259	95.0224	95.859	96.6666
585	Palau	72.1869	75.108	76.9463	78.3751	79.697	80.8559	82.0016	82.9567	83.8912	84.6939	85.4928	86.3196	87.1279	87.9224	88.7466	89.5265
957	Polynesia	79.3386	81.6588	83.1366	84.3316	85.4193	86.3327	87.291	88.1093	88.835	89.5898	90.3433	91.0567	91.533	92.0781	92.452	92.9741
16	American Samoa	76.2399	78.8839	80.5751	81.8662	83.0202	84.0912	85.0209	85.9049	86.7696	87.6552	88.528	89.3793	90.2428	91.0471	91.8957	92.6633
184	Cook Islands	79.1722	81.7387	83.2437	84.4977	85.6409	86.6411	87.6411	88.6582	89.5335	90.4416	91.3264	92.2094	93.0113	93.7788	94.6544	95.4712
258	French Polynesia	85.8215	88.7578	90.0941	91.2564	92.296	93.2605	94.2321	95.1873	96.1039	96.896	97.7389	98.6224	99.5116	100.268	101.0027	101.7919
570	Niue	73.0799	75.9902	77.8223	79.2928	80.5425	81.6537	82.7051	83.6638	84.5905	85.399	86.1985	87.0661	87.8354	88.6555	89.5074	90.237
882	Samoa	73.921	76.92	78.7249	80.0755	81.2714	82.3714	83.448	84.3816	85.2792	86.1175	87.0642	87.9066	88.6971	89.483	90.3309	91.1545
772	Tokelau	79.2439	81.6436	83.1315	84.324	85.3389	86.3047	87.2209	88.1537	88.9825	89.7735	90.6234	91.5095	92.2213	93.0003	93.8305	94.5808
776	Tonga	76.6292	79.2831	80.8985	82.2353	83.4253	84.4143	85.3273	86.2632	87.0947	87.918	88.7776	89.6198	90.4739	91.3068	92.1094	92.9464
798	Tuvalu	70.8549	74.2062	76.134	77.6353	78.8593	80.022	81.1337	82.1365	83.061	83.9722	84.8483	85.8008	86.6122	87.4009	88.1671	88.9479
876	Wallis and Futuna Islands	79.7291	82.2601	83.7051	84.8259	85.8635	86.8749	87.8037	88.72	89.5314	90.2937	91.0809	91.9326	92.7304	93.5302	94.2822	95.0655
