country_code	country	2020-2025	2025-2030	2030-2035	2035-2040	2040-2045	2045-2050	2050-2055	2055-2060	2060-2065	2065-2070	2070-2075	2075-2080	2080-2085	2085-2090	2090-2095	2095-2100
900	World	75.3149	76.7207	77.4448	78.104	78.7144	79.2626	79.7571	80.2215	80.6731	81.1115	81.5374	81.9446	82.3441	82.7411	83.1451	83.5455
1834	Sub-Saharan Africa	63.5209	65.1469	66.1695	67.1377	68.0599	68.9358	69.773	70.5772	71.355	72.0997	72.8152	73.4947	74.1411	74.761	75.3804	75.9935
1833	Northern Africa and Western Asia	75.7559	77.3233	78.1219	78.8542	79.5391	80.1786	80.7807	81.353	81.8937	82.4187	82.9331	83.4374	83.9385	84.438	84.9322	85.4171
1831	Central and Southern Asia	72.5833	74.7745	75.8845	76.8914	77.8283	78.6955	79.4996	80.2539	80.9604	81.619	82.242	82.8379	83.4208	83.9689	84.5077	85.0476
1832	Eastern and South-Eastern Asia	79.92	80.9214	81.6364	82.2618	82.85	83.4071	83.9344	84.4438	84.9515	85.4483	85.9425	86.4153	86.8895	87.3931	87.8922	88.3746
1830	Latin America and the Caribbean	77.6929	79.4204	80.1604	80.8532	81.5081	82.1323	82.7384	83.3276	83.9008	84.4592	85.0077	85.5539	86.0838	86.6025	87.1154	87.6271
1835	Oceania (excluding Australia and New Zealand)	70.1135	71.257	71.9306	72.549	73.101	73.621	74.127	74.6363	75.1395	75.6572	76.1778	76.6872	77.1985	77.7232	78.2472	78.7579
1836	Australia/New Zealand	85.2947	86.0049	86.5805	87.1341	87.6888	88.2393	88.7976	89.347	89.9139	90.4808	91.0266	91.5881	92.1292	92.6776	93.2538	93.8118
1829	Europe and Northern America	81.6344	82.9786	83.6065	84.2254	84.8405	85.4396	86.0086	86.5632	87.1243	87.7046	88.2959	88.8889	89.4687	90.0332	90.588	91.1295
5502	Europe, Northern America, Australia, and New Zealand	81.7166	83.0502	83.68	84.3001	84.9167	85.518	86.0901	86.648	87.2125	87.7957	88.3891	88.9842	89.5652	90.1313	90.6894	91.2347
901	More developed regions	82.3645	83.6364	84.2493	84.8446	85.4361	86.0222	86.5911	87.1513	87.7119	88.2785	88.849	89.4238	89.9942	90.5586	91.1173	91.6604
902	Less developed regions	73.7406	75.256	76.0833	76.8313	77.5148	78.1233	78.6678	79.1695	79.6494	80.1115	80.5559	80.9699	81.3647	81.7507	82.1448	82.5401
941	Least developed countries	67.9759	69.6522	70.6349	71.549	72.4095	73.2192	73.9869	74.7118	75.3914	76.03	76.6301	77.1848	77.7048	78.1983	78.6859	79.1771
934	Less developed regions, excluding least developed countries	74.9602	76.4376	77.2408	77.9648	78.6359	79.2397	79.7826	80.2878	80.7819	81.2672	81.7418	82.1902	82.6222	83.0495	83.4884	83.9287
948	Less developed regions, excluding China	71.7144	73.4693	74.3452	75.1537	75.9037	76.5931	77.2334	77.8353	78.4052	78.9405	79.4472	79.9277	80.3905	80.8316	81.2749	81.7223
1636	Land-locked Developing Countries (LLDC)	68.4726	70.2688	71.2566	72.1782	73.0273	73.7986	74.524	75.2167	75.888	76.531	77.1438	77.7248	78.2948	78.8606	79.4288	79.9886
2087	LLDC: Africa	66.2476	68.1218	69.204	70.2088	71.1487	72.0199	72.8486	73.6372	74.4112	75.1633	75.8822	76.5502	77.1795	77.7818	78.3807	78.9686
2088	LLDC: Asia	72.5742	74.1949	75.1258	75.9799	76.7511	77.4457	78.0928	78.713	79.2895	79.8191	80.3237	80.8221	81.3372	81.8646	82.3873	82.9082
2089	LLDC: Europe	76.2924	77.5641	78.2272	78.891	79.5366	80.178	80.7825	81.3735	81.957	82.5286	83.1338	83.7048	84.2616	84.798	85.3356	85.8941
2090	LLDC: Latin America	71.4651	73.9568	74.7449	75.4949	76.2187	76.9054	77.5906	78.2538	78.8925	79.5227	80.1193	80.7041	81.2752	81.8484	82.4302	82.9965
1637	Small Island Developing States (SIDS)	75.2143	76.555	77.2085	77.787	78.2859	78.732	79.1343	79.5245	79.907	80.3034	80.6977	81.0648	81.4082	81.7441	82.081	82.4247
2091	SIDS Caribbean	75.6868	77.0991	77.764	78.3671	78.9082	79.3957	79.8168	80.2104	80.5917	81.0041	81.4304	81.8516	82.2714	82.6924	83.1123	83.5222
2092	SIDS Pacific	69.9855	71.1412	71.86	72.5219	73.1166	73.669	74.2017	74.7333	75.2543	75.7862	76.3186	76.8345	77.3478	77.8708	78.3925	78.9025
2093	SIDS Atlantic, Indian Ocean and South China Sea (AIS)	78.5315	79.7786	80.5556	81.2181	81.7644	82.2923	82.8244	83.3358	83.8002	84.1871	84.5016	84.7449	84.9045	85.0398	85.2016	85.4297
5503	High-and-upper-middle-income countries	80.4394	81.6708	82.3396	82.944	83.5259	84.0837	84.6229	85.1588	85.6931	86.2209	86.7487	87.2672	87.7818	88.3117	88.8365	89.3492
5504	Low-and-Lower-middle-income countries	69.9696	71.7618	72.7008	73.5708	74.3843	75.1385	75.8441	76.5089	77.1348	77.7164	78.2596	78.7692	79.2575	79.7201	80.1857	80.6537
1503	High-income countries	83.6274	84.6554	85.2615	85.8402	86.4066	86.9693	87.5259	88.0819	88.6328	89.1744	89.7025	90.2279	90.765	91.3179	91.8757	92.4068
1859	Low-and-middle-income countries	73.5439	75.0912	75.9144	76.6649	77.3542	77.9684	78.5176	79.0242	79.5095	79.9767	80.4261	80.8452	81.2452	81.6364	82.0346	82.4324
1517	Middle-income countries	74.4541	75.9951	76.8151	77.5589	78.2485	78.8699	79.428	79.9462	80.4483	80.9379	81.4144	81.8644	82.2956	82.7202	83.1518	83.5837
1502	Upper-middle-income countries	78.7036	80.077	80.8487	81.5397	82.1895	82.7954	83.3611	83.903	84.4354	84.9601	85.482	85.9746	86.4434	86.9241	87.3985	87.8625
1501	Lower-middle-income countries	70.7898	72.5996	73.5384	74.4036	75.218	75.9778	76.6895	77.3614	77.9974	78.5909	79.1479	79.6766	80.1863	80.6714	81.1604	81.6524
1500	Low-income countries	66.6463	68.3059	69.2558	70.1419	70.9684	71.7348	72.4632	73.1588	73.8353	74.4965	75.1411	75.7498	76.3306	76.8834	77.4323	77.9774
1518	No income group available	76.3955	77.2291	78.0031	78.7284	79.4181	80.0886	80.7335	81.3636	81.9803	82.5859	83.197	83.8077	84.4043	84.9805	85.5311	86.0679
903	Africa	65.2792	66.8972	67.878	68.8112	69.6961	70.5245	71.3063	72.0484	72.7564	73.4312	74.0797	74.6999	75.299	75.8804	76.4647	77.0428
910	Eastern Africa	67.7938	69.3864	70.4351	71.4133	72.3189	73.1657	73.9688	74.7346	75.4819	76.2058	76.9067	77.5752	78.218	78.8436	79.4631	80.0721
108	Burundi	65.2481	66.5492	67.3906	68.222	69.0189	69.7573	70.4944	71.195	71.8547	72.4834	73.1093	73.7191	74.3218	74.9218	75.4865	76.0541
174	Comoros	68.5999	70.0733	71.2558	72.3647	73.3492	74.2897	75.1694	75.9954	76.8113	77.5611	78.2789	78.9777	79.6554	80.3234	80.9736	81.6014
262	Djibouti	67.9807	69.5726	70.6068	71.5947	72.5009	73.3518	74.1566	74.943	75.6837	76.4132	77.1012	77.7747	78.434	79.0724	79.7268	80.3299
232	Eritrea	70.1602	71.9171	73.1468	74.2684	75.2776	76.2159	77.08	77.8928	78.6521	79.3948	80.1	80.7649	81.4228	82.0784	82.711	83.3342
231	Ethiopia	70.297	72.0606	73.3114	74.4398	75.4594	76.3921	77.2675	78.0874	78.8779	79.6428	80.3717	81.0527	81.7093	82.348	82.9825	83.5924
404	Kenya	65.4288	66.8411	67.7579	68.6161	69.4248	70.1825	70.9007	71.6068	72.2861	72.9759	73.6359	74.2767	74.926	75.5767	76.2222	76.8411
450	Madagascar	65.0985	66.426	67.4606	68.4276	69.3263	70.1811	70.9779	71.745	72.4864	73.1872	73.8691	74.5121	75.1435	75.7806	76.4184	77.0293
454	Malawi	69.8285	71.4843	72.3739	73.2144	73.9985	74.7223	75.413	76.0787	76.7453	77.3646	77.9623	78.5567	79.1369	79.7074	80.2673	80.8237
480	Mauritius	77.7392	78.9147	79.6725	80.4212	81.1122	81.7973	82.5035	83.1684	83.8455	84.4936	85.1403	85.8073	86.4297	87.0901	87.7092	88.3431
175	Mayotte	77.3534	79.2167	80.0462	80.7829	81.5284	82.2529	82.9205	83.5715	84.2079	84.8275	85.4309	86.0277	86.6367	87.2201	87.8033	88.3731
508	Mozambique	65.5962	67.4258	68.3183	69.1987	70.0189	70.7816	71.5277	72.2162	72.8849	73.5183	74.1266	74.7196	75.2902	75.8604	76.4298	77.0053
638	Réunion	85.5453	86.9767	87.5182	88.0599	88.6282	89.1492	89.7272	90.2991	90.8155	91.3607	91.8797	92.4193	92.973	93.5102	94.0195	94.5459
646	Rwanda	69.7342	71.0383	72.1485	73.1711	74.1375	75.0301	75.8725	76.675	77.4297	78.1424	78.8327	79.505	80.156	80.7926	81.4268	82.0421
690	Seychelles	75.8909	77.4768	78.269	79.0519	79.5966	80.127	80.7092	81.5083	82.2062	82.766	83.3942	83.9675	84.9142	85.5406	86.0355	86.5576
706	Somalia	59.4336	62.1271	62.9111	63.6622	64.3799	65.1014	65.8113	66.512	67.1917	67.821	68.4719	69.1005	69.7277	70.3189	70.9126	71.504
728	South Sudan	60.5009	61.1921	61.7912	62.399	63.0066	63.5973	64.1669	64.737	65.3295	65.9056	66.5022	67.0456	67.5737	68.0946	68.5913	69.101
800	Uganda	70.6175	72.2472	73.3575	74.3625	75.3117	76.1952	77.0129	77.7758	78.5236	79.2312	79.9173	80.5771	81.2231	81.8307	82.4478	83.0534
834	United Republic of Tanzania	69.7641	70.8193	71.8551	72.8369	73.7145	74.559	75.3555	76.1053	76.8244	77.5115	78.182	78.8534	79.4928	80.1144	80.7256	81.3411
894	Zambia	67.6298	69.643	70.5586	71.4295	72.2583	73.0491	73.8147	74.5527	75.2597	75.9235	76.5833	77.218	77.8465	78.4839	79.0992	79.6873
716	Zimbabwe	64.3758	66.3535	67.7135	68.9803	70.1655	71.2697	72.3295	73.3033	74.211	75.0767	75.8879	76.6824	77.4436	78.1818	78.9005	79.6179
911	Middle Africa	63.1681	65.0944	66.0274	66.908	67.7468	68.5402	69.3043	70.0258	70.7132	71.393	72.0609	72.6987	73.3213	73.9163	74.5132	75.1075
24	Angola	66.7269	68.0706	68.994	69.8223	70.6001	71.3361	72.0375	72.7202	73.3874	74.0446	74.6622	75.2615	75.8304	76.3983	76.9526	77.5112
120	Cameroon	65.1206	67.2542	68.5335	69.6615	70.7065	71.6949	72.6091	73.4427	74.2503	75.0296	75.7957	76.5068	77.1892	77.8655	78.5294	79.1823
140	Central African Republic	46.0637	60.4551	61.7227	62.9097	64.0296	65.0945	66.1236	67.0697	67.9738	68.8413	69.6522	70.4236	71.1718	71.9422	72.6511	73.3554
148	Chad	56.4728	57.8183	58.6664	59.5002	60.2963	61.0838	61.8567	62.5744	63.2867	63.9747	64.6325	65.2802	65.9142	66.5202	67.1431	67.7378
178	Congo	66.9923	68.5782	69.666	70.641	71.5562	72.3983	73.2041	73.9764	74.7318	75.4886	76.2034	76.8505	77.5021	78.1428	78.7659	79.3767
180	Democratic Republic of the Congo	63.4237	64.871	65.7386	66.5705	67.3768	68.1428	68.8885	69.5887	70.2348	70.8773	71.5186	72.1329	72.7419	73.3089	73.8904	74.4795
226	Equatorial Guinea	65.3381	66.6971	67.733	68.7266	69.6523	70.5488	71.3889	72.1944	72.948	73.6735	74.4018	75.1118	75.8095	76.4734	77.1032	77.7094
266	Gabon	70.6316	71.9779	72.8549	73.6876	74.4827	75.264	75.9948	76.7072	77.3849	78.037	78.6625	79.3101	79.9464	80.5783	81.1759	81.7592
678	Sao Tome and Principe	73.3079	74.5878	75.2863	76.153	76.8902	77.5675	78.2106	78.8158	79.4572	80.0518	80.7137	81.3504	81.9665	82.6157	83.209	83.7821
912	Northern Africa	73.7136	75.4346	76.3476	77.2122	78.0185	78.7556	79.4417	80.0855	80.6825	81.2587	81.8182	82.3615	82.9096	83.4534	83.997	84.5325
12	Algeria	77.3575	78.7394	79.6877	80.5595	81.3883	82.1683	82.9005	83.5929	84.2433	84.8826	85.5131	86.1402	86.7555	87.373	87.9668	88.5542
818	Egypt	72.9992	74.7914	75.7117	76.5681	77.3711	78.1253	78.8497	79.5535	80.2316	80.9048	81.556	82.1808	82.8097	83.4053	84.0106	84.5971
434	Libya	74.0787	77.9421	78.984	79.7548	80.4814	81.1979	81.8684	82.5098	83.1458	83.7728	84.3935	85.0144	85.6276	86.231	86.8158	87.3884
504	Morocco	77.142	78.4583	79.2235	79.9411	80.6295	81.2913	81.9325	82.5435	83.1294	83.693	84.2668	84.8208	85.3687	85.9063	86.4369	86.9588
729	Sudan	68.9034	70.5746	71.4711	72.3386	73.1756	73.9818	74.7461	75.486	76.1852	76.8638	77.5363	78.1865	78.8143	79.4454	80.0493	80.6575
788	Tunisia	78.3593	80.0263	80.8483	81.6131	82.3553	83.055	83.7267	84.3855	85.0076	85.6152	86.224	86.8255	87.4304	88.0261	88.6123	89.1924
732	Western Sahara	73.4953	74.6496	75.5928	76.4495	77.24	77.9899	78.6977	79.3629	79.9941	80.5864	81.2231	81.8145	82.409	82.9873	83.5711	84.0894
913	Southern Africa	68.1336	70.2753	71.1772	72.0284	72.839	73.6113	74.3295	75.0249	75.6945	76.3355	76.9753	77.5909	78.1936	78.8007	79.3958	79.9948
72	Botswana	70.1802	72.4691	73.2114	73.914	74.5859	75.253	75.905	76.5338	77.156	77.7659	78.3466	78.9303	79.5073	80.0962	80.6694	81.223
748	Eswatini	65.2125	67.657	68.375	69.0667	69.7553	70.4162	71.0626	71.6663	72.2432	72.8329	73.4021	73.974	74.5351	75.0824	75.637	76.1912
426	Lesotho	59.1885	61.9254	63.8338	65.5422	67.0603	68.4377	69.6461	70.7414	71.7579	72.699	73.5693	74.3954	75.2003	75.97	76.6912	77.3878
516	Namibia	69.1368	72.0793	72.7772	73.4388	74.0488	74.6652	75.2546	75.8209	76.3978	76.9791	77.5328	78.0812	78.6303	79.1843	79.6982	80.2329
710	South Africa	68.4187	70.4881	71.3476	72.1639	72.9471	73.6977	74.4024	75.0918	75.7569	76.395	77.0407	77.6628	78.2708	78.8811	79.4802	80.0848
914	Western Africa	58.8128	60.1285	61.1162	62.0778	63.018	63.9229	64.7927	65.6318	66.4393	67.2028	67.9362	68.6487	69.3297	69.9821	70.6332	71.2665
204	Benin	61.8892	63.1306	64.0286	64.8938	65.7176	66.4745	67.2082	67.9245	68.6259	69.2749	69.9181	70.549	71.179	71.784	72.3501	72.9264
854	Burkina Faso	62.8497	64.1409	65.08	65.9587	66.7901	67.5898	68.3545	69.059	69.7596	70.4245	71.0858	71.7208	72.3227	72.9078	73.5077	74.0812
132	Cabo Verde	78.9013	79.9999	80.7919	81.524	82.224	82.8417	83.5128	84.1671	84.7807	85.4002	86.1123	86.7502	87.3178	87.8734	88.4347	88.9913
384	Côte d'Ivoire	63.6534	64.9734	65.8117	66.6091	67.3663	68.1022	68.7947	69.483	70.1398	70.7727	71.382	72.0076	72.6078	73.1794	73.736	74.2857
270	Gambia	66.9238	68.5569	69.5134	70.3929	71.2264	72.0016	72.7344	73.4531	74.1314	74.7683	75.3938	75.995	76.5871	77.1779	77.7414	78.3116
288	Ghana	67.6152	68.941	69.9323	70.8701	71.7418	72.5824	73.3774	74.1512	74.8534	75.5457	76.2355	76.9041	77.5588	78.1786	78.8095	79.4206
324	Guinea	61.5336	62.738	63.6265	64.4938	65.3209	66.0978	66.8569	67.5625	68.2291	68.9103	69.5651	70.2058	70.8404	71.4604	72.0523	72.6485
624	Guinea-Bissau	65.6203	67.2068	68.05	68.8566	69.6326	70.3763	71.0823	71.7483	72.3932	73.0086	73.6228	74.2486	74.8221	75.4038	75.9803	76.5568
430	Liberia	63.2209	64.2614	65.063	65.8688	66.6214	67.3631	68.0964	68.8036	69.4871	70.1501	70.7962	71.4194	72.004	72.5952	73.1586	73.698
466	Mali	61.472	62.938	64.0027	65.0362	66.0083	66.8922	67.6974	68.4678	69.1834	69.8904	70.571	71.1996	71.8201	72.4265	73.0035	73.5716
478	Mauritania	70.0714	71.6061	72.6839	73.6828	74.6075	75.4744	76.3091	77.104	77.8791	78.6295	79.3587	80.054	80.7324	81.385	82.0352	82.6823
562	Niger	61.6415	63.2772	64.5005	65.6316	66.6786	67.6467	68.5776	69.446	70.2355	70.9997	71.7188	72.4179	73.1045	73.7487	74.3807	74.9861
566	Nigeria	54.4282	55.5889	56.467	57.3344	58.2054	59.0532	59.8772	60.6781	61.4721	62.2189	62.949	63.6731	64.3601	65.0151	65.6772	66.3139
654	Saint Helena	84.7457	84.1001	84.715	85.5113	86.0584	87.1324	87.2229	87.6948	89.3557	89.112	89.9287	90.8201	90.5039	91.0337	90.8348	92.1634
686	Senegal	70.252	71.939	73.0757	74.0939	75.0142	75.8442	76.6093	77.3482	78.0558	78.7263	79.3675	79.9832	80.59	81.169	81.7501	82.3285
694	Sierra Leone	62.9477	64.416	65.3244	66.2074	67.0232	67.8021	68.5142	69.219	69.9132	70.578	71.2311	71.8572	72.4537	73.0367	73.6213	74.2021
768	Togo	62.5644	63.9839	65.0661	66.1084	67.1019	68.0401	68.9206	69.7681	70.5704	71.3509	72.1024	72.8292	73.5147	74.1971	74.8552	75.5096
935	Asia	76.7713	78.2889	79.1684	79.9371	80.6411	81.281	81.8668	82.418	82.9502	83.4658	83.9715	84.4561	84.9389	85.4258	85.9152	86.399
5500	Central Asia	75.3381	76.6505	77.3172	77.9437	78.5543	79.1521	79.7505	80.3502	80.9324	81.505	82.0819	82.6545	83.2397	83.8422	84.4243	84.9999
398	Kazakhstan	77.1026	79.0404	79.6537	80.2561	80.8523	81.4322	82.0146	82.5991	83.1848	83.7666	84.3347	84.9054	85.488	86.0705	86.641	87.2119
417	Kyrgyzstan	74.7007	76.0128	76.7535	77.4522	78.1437	78.8145	79.4783	80.1193	80.7567	81.3875	82.0322	82.6533	83.2834	83.8845	84.4872	85.0731
762	Tajikistan	73.3596	74.7823	75.5401	76.2711	76.9648	77.636	78.2931	78.9218	79.528	80.1403	80.7336	81.3063	81.8659	82.4334	82.9768	83.5124
795	Turkmenistan	72.7575	73.6773	74.4296	75.1575	75.8571	76.5502	77.2232	77.888	78.5116	79.1313	79.7413	80.3499	80.9472	81.5457	82.126	82.6988
860	Uzbekistan	75.2185	76.128	76.833	77.5018	78.1498	78.7763	79.3963	80.0265	80.6365	81.2305	81.8409	82.4307	83.0191	83.6273	84.2038	84.7808
906	Eastern Asia	82.0771	82.961	83.6732	84.3072	84.9238	85.5385	86.1567	86.7834	87.403	87.9979	88.59	89.1652	89.7416	90.3503	90.942	91.5133
156	China	81.0967	82.0655	82.867	83.5956	84.2905	84.9601	85.6096	86.2584	86.8989	87.5158	88.1348	88.7302	89.3099	89.9098	90.4899	91.0576
344	China, Hong Kong SAR	87.4607	88.7832	89.4145	90.0288	90.6306	91.2265	91.8086	92.3496	92.9073	93.4572	94.0544	94.6498	95.1998	95.7452	96.2701	96.8092
446	China, Macao SAR	85.2179	86.1129	86.8429	87.4543	87.9657	88.5692	89.1893	89.836	90.4031	90.9621	91.5392	92.1001	92.6315	93.1607	93.6971	94.3088
158	China, Taiwan Province of China	83.795	84.2944	84.9461	85.5727	86.1915	86.7871	87.3971	87.9967	88.5934	89.174	89.7529	90.3282	90.91	91.4721	92.0474	92.6248
408	Dem. People's Republic of Korea	75.7627	76.396	77.0822	77.744	78.3774	78.9876	79.5919	80.1912	80.7972	81.3844	81.9704	82.5538	83.1298	83.7167	84.2976	84.867
392	Japan	87.6683	88.4363	89.1368	89.8033	90.4545	91.1095	91.7533	92.3822	92.9903	93.5768	94.1771	94.7663	95.3465	95.9417	96.5397	97.1442
496	Mongolia	75.737	77.5181	78.5355	79.456	80.3297	81.129	81.8876	82.6088	83.3151	83.9897	84.6399	85.2791	85.9411	86.574	87.1878	87.7807
410	Republic of Korea	86.9116	87.7845	88.3598	88.921	89.4862	90.0494	90.6085	91.1724	91.7191	92.282	92.8546	93.4196	93.9939	94.5695	95.1625	95.7582
5501	Southern Asia	72.46	74.6869	75.8154	76.8373	77.7868	78.6653	79.479	80.2406	80.9526	81.6149	82.2393	82.8352	83.4167	83.9613	84.4983	85.0379
4	Afghanistan	66.5773	68.7472	69.8791	70.9019	71.8034	72.6256	73.3962	74.1395	74.8557	75.5184	76.1405	76.7476	77.3426	77.9089	78.4554	79.0086
50	Bangladesh	75.4381	77.6973	78.9096	79.9896	80.9765	81.8886	82.7127	83.5096	84.2671	84.9872	85.6788	86.3478	86.9924	87.6177	88.2274	88.8354
64	Bhutan	74.8873	76.3082	77.5445	78.6527	79.6336	80.5601	81.4546	82.2628	83.0308	83.7545	84.4524	85.1108	85.7506	86.3999	87.0196	87.6165
356	India	72.4776	74.8535	76.0556	77.1272	78.1106	79.0107	79.8448	80.6362	81.3956	82.1184	82.81	83.4807	84.1415	84.7648	85.3802	85.9921
364	Iran (Islamic Republic of)	78.4528	80.5561	81.4215	82.2103	82.9504	83.6846	84.3799	85.0532	85.6837	86.2956	86.9068	87.5058	88.1043	88.6964	89.2934	89.865
462	Maldives	81.9904	83.7412	84.5646	85.4234	86.0649	86.7565	87.4606	88.0666	88.6604	89.2023	89.7244	90.265	90.7982	91.3302	91.8689	92.391
524	Nepal	71.4269	73.1294	74.3695	75.4715	76.4817	77.3997	78.2642	79.0984	79.8609	80.5806	81.2742	81.942	82.605	83.2495	83.8822	84.4989
586	Pakistan	69.6676	70.8709	71.6101	72.3519	73.0798	73.7765	74.4502	75.0972	75.7592	76.4156	77.0566	77.6787	78.3124	78.9227	79.5392	80.1667
144	Sri Lanka	80.4354	81.3326	82.0176	82.6903	83.361	84.0079	84.6373	85.2742	85.8997	86.5145	87.1306	87.7413	88.3454	88.9418	89.5194	90.111
920	South-Eastern Asia	74.5759	75.9895	76.7939	77.5448	78.2367	78.877	79.4825	80.0605	80.6341	81.1995	81.7672	82.325	82.8834	83.4439	84.0066	84.5746
96	Brunei Darussalam	76.9047	78.34	79.1383	79.9297	80.6939	81.3957	82.0465	82.7088	83.3159	83.9525	84.5414	85.1256	85.7381	86.3658	86.9695	87.5458
116	Cambodia	72.98	74.0422	74.8632	75.6135	76.3236	77.0022	77.6326	78.2545	78.8542	79.4304	80.0016	80.5684	81.1304	81.6833	82.233	82.7869
360	Indonesia	72.2831	74.0854	74.8838	75.6543	76.3998	77.116	77.7987	78.4478	79.0861	79.7146	80.3436	80.9514	81.5501	82.1362	82.7099	83.2934
418	Lao People's Democratic Republic	71.1119	72.4861	73.6586	74.722	75.6528	76.4971	77.2591	77.9727	78.6545	79.3133	79.93	80.5247	81.1279	81.6938	82.2705	82.8351
458	Malaysia	78.6781	80.1428	80.8565	81.5489	82.2263	82.8728	83.5144	84.1478	84.7556	85.3511	85.9392	86.5231	87.0981	87.6747	88.2462	88.8236
104	Myanmar	69.9394	71.1698	72.1587	73.0649	73.9191	74.7024	75.471	76.1816	76.8649	77.5358	78.2007	78.8678	79.4941	80.1207	80.7283	81.3293
608	Philippines	72.181	73.5299	74.2386	74.9291	75.6082	76.2737	76.9328	77.5712	78.221	78.8569	79.4927	80.1104	80.7403	81.3714	82.0154	82.6312
702	Singapore	86.1696	86.8942	87.5002	88.1015	88.6696	89.2373	89.8138	90.385	90.9514	91.5297	92.0954	92.651	93.1916	93.724	94.2889	94.8363
764	Thailand	81.0994	81.6619	82.4264	83.1455	83.8297	84.5046	85.1415	85.7665	86.3886	86.9971	87.5957	88.1966	88.7868	89.3729	89.9588	90.5311
626	Timor-Leste	69.2107	70.4964	71.5354	72.4966	73.391	74.213	74.9779	75.706	76.3776	77.0103	77.6384	78.2431	78.8209	79.4083	79.9657	80.5258
704	Viet Nam	79.3617	79.894	80.5149	81.1273	81.7329	82.327	82.9204	83.5131	84.1015	84.6828	85.2778	85.8815	86.495	87.0995	87.6873	88.293
922	Western Asia	77.6516	79.0536	79.7585	80.3774	80.9574	81.5104	82.037	82.5452	83.0349	83.5113	83.9807	84.4439	84.8967	85.3567	85.8133	86.2625
51	Armenia	78.2677	80.1109	80.7743	81.3865	81.9852	82.6007	83.2322	83.8325	84.4258	85.0147	85.5838	86.1422	86.7179	87.2981	87.8799	88.4594
31	Azerbaijan	76.1082	77.9219	78.6687	79.3752	80.0564	80.7209	81.3617	81.9983	82.6304	83.2451	83.848	84.4595	85.0588	85.6539	86.2362	86.8144
48	Bahrain	81.3022	82.6662	83.3243	83.9748	84.5915	85.2006	85.7828	86.3705	86.9618	87.5496	88.1259	88.6925	89.2563	89.8299	90.3826	90.9337
196	Cyprus	83.4195	84.3353	84.9631	85.5874	86.1952	86.8028	87.4036	87.9885	88.5837	89.16	89.7246	90.2727	90.8359	91.4144	91.9602	92.5184
268	Georgia	78.3623	79.7017	80.3482	80.9446	81.5411	82.1598	82.7727	83.369	83.9464	84.502	85.0566	85.6092	86.1834	86.7331	87.3108	87.8621
368	Iraq	73.6327	74.7296	75.3805	76.0079	76.6376	77.2381	77.8535	78.4533	79.0376	79.6028	80.1738	80.7416	81.2948	81.8653	82.4167	82.9557
376	Israel	84.7199	85.1683	85.7502	86.305	86.8672	87.4407	88.0105	88.5798	89.1373	89.6962	90.2529	90.7976	91.3436	91.8961	92.4554	93.0133
400	Jordan	79.2534	80.9207	81.5818	82.2397	82.8762	83.4966	84.0923	84.6876	85.2839	85.8747	86.4564	87.0371	87.6163	88.1966	88.761	89.3372
414	Kuwait	81.0784	82.531	83.2745	84.0133	84.6872	85.3256	85.9534	86.5614	87.1637	87.7466	88.3387	88.9332	89.5178	90.0886	90.6472	91.2011
422	Lebanon	79.0256	80.3792	81.0149	81.6425	82.2399	82.8211	83.3897	83.9647	84.5255	85.0883	85.6657	86.2357	86.7882	87.3368	87.8775	88.4237
512	Oman	80.4586	82.6537	83.3885	84.105	84.7862	85.4481	86.0764	86.6828	87.271	87.8248	88.3674	88.9129	89.4491	89.9887	90.5317	91.0733
634	Qatar	83.0143	83.7589	84.3383	84.949	85.4915	86.0156	86.5817	87.1239	87.7268	88.3363	88.8752	89.6016	90.1976	90.7616	91.2618	91.6817
682	Saudi Arabia	80.7842	82.0008	82.8356	83.6215	84.3617	85.0486	85.7166	86.369	87.0004	87.6212	88.229	88.8237	89.4194	90.0156	90.6017	91.178
275	State of Palestine	75.5763	79.7934	80.7931	81.4724	82.1271	82.7718	83.3913	83.9765	84.5742	85.146	85.7059	86.2673	86.8126	87.361	87.893	88.416
760	Syrian Arab Republic	74.9734	76.2387	77.0549	77.8002	78.5207	79.1953	79.8387	80.4643	81.0828	81.6982	82.3032	82.9085	83.4847	84.033	84.5888	85.1482
792	Türkiye	80.1221	81.5895	82.3408	83.0058	83.6449	84.2749	84.874	85.4527	86.0133	86.5796	87.1368	87.6835	88.2259	88.7682	89.3066	89.8334
784	United Arab Emirates	83.2991	84.6791	85.2554	85.8335	86.495	87.0077	87.3887	87.9325	88.5729	89.2593	89.8433	90.4737	91.0556	91.5263	92.0028	92.5158
887	Yemen	70.6901	72.1873	72.946	73.6475	74.3166	74.976	75.61	76.1943	76.7582	77.3195	77.884	78.4377	78.9725	79.5284	80.0763	80.5872
908	Europe	81.8155	83.14	83.7737	84.4084	85.0497	85.6649	86.2461	86.7963	87.3476	87.9264	88.5298	89.1399	89.7333	90.3045	90.8621	91.4125
923	Eastern Europe	78.5125	80.3423	80.9917	81.6256	82.2525	82.8745	83.486	84.0756	84.6491	85.2196	85.7905	86.3631	86.9293	87.4959	88.0493	88.5859
112	Belarus	78.5634	79.7661	80.4818	81.1673	81.8275	82.4624	83.0857	83.7008	84.2933	84.8938	85.4622	86.0276	86.6078	87.1912	87.7675	88.3066
100	Bulgaria	77.8839	79.8703	80.5504	81.2097	81.8561	82.4752	83.0752	83.6817	84.2613	84.8294	85.3942	85.9678	86.5332	87.1011	87.6601	88.2243
203	Czechia	82.0374	83.1675	83.7008	84.2345	84.7894	85.348	85.908	86.4725	87.0092	87.546	88.1033	88.659	89.229	89.8034	90.3734	90.9353
348	Hungary	79.4583	80.8344	81.5082	82.1705	82.812	83.4668	84.1124	84.7314	85.3415	85.9493	86.568	87.1851	87.7976	88.395	88.9955	89.5944
616	Poland	81.6585	82.9773	83.6161	84.2206	84.8209	85.4243	86.0291	86.6175	87.1866	87.7308	88.2825	88.848	89.4006	89.9498	90.5096	91.0548
498	Republic of Moldova	75.0876	76.1513	76.8093	77.4496	78.1004	78.7374	79.3445	79.94	80.518	81.0737	81.67	82.2576	82.8519	83.4377	83.9973	84.5522
642	Romania	78.6922	80.1606	80.8148	81.4442	82.0581	82.6712	83.2847	83.8864	84.4758	85.0774	85.6807	86.2824	86.8652	87.4588	88.0487	88.6283
643	Russian Federation	77.5128	79.7048	80.3748	81.031	81.6649	82.2802	82.8891	83.4932	84.0871	84.6658	85.23	85.795	86.3635	86.9439	87.5047	88.037
703	Slovakia	80.5671	82.2296	82.8937	83.5112	84.1196	84.7432	85.3527	85.9389	86.5179	87.0758	87.609	88.1601	88.7446	89.3261	89.8948	90.4542
804	Ukraine	78.4283	79.907	80.5226	81.1497	81.7632	82.359	82.9546	83.5378	84.1061	84.6753	85.2532	85.8265	86.3957	86.9653	87.5157	88.0655
924	Northern Europe	83.3193	84.0706	84.6632	85.2366	85.8223	86.3914	86.9694	87.5362	88.105	88.6671	89.2265	89.7809	90.3349	90.8848	91.4469	91.9975
208	Denmark	83.6721	84.4168	84.977	85.5508	86.109	86.6611	87.2221	87.7985	88.3441	88.9061	89.4711	90.0436	90.5957	91.136	91.6843	92.2236
233	Estonia	82.7115	83.6053	84.2377	84.8585	85.4657	86.0283	86.6138	87.1877	87.7501	88.3159	88.8863	89.4939	90.0937	90.6519	91.2114	91.7771
234	Faroe Islands	82.8922	83.9742	84.6719	85.4534	85.955	86.7807	87.4977	87.8605	88.5675	89.3503	89.9204	90.6385	91.4102	92.0089	92.5819	93.1135
246	Finland	84.6297	85.2462	85.8379	86.4177	86.9987	87.5788	88.1472	88.7349	89.3326	89.8877	90.4415	90.9948	91.5577	92.1057	92.6723	93.2207
831	Guernsey	86.1067	86.9754	87.476	87.9445	88.4379	88.8561	89.4312	89.8691	90.5299	90.942	91.4046	91.8874	92.5978	93.3368	93.8388	94.2663
352	Iceland	84.4195	85.086	85.607	86.1661	86.7591	87.328	87.9293	88.5064	89.0583	89.6621	90.2565	90.7962	91.3631	91.9295	92.4808	93.0489
372	Ireland	84.3649	85.1127	85.7178	86.3151	86.8918	87.4467	88.021	88.6073	89.1766	89.7252	90.2762	90.8356	91.4	91.9777	92.5326	93.0773
833	Isle of Man	84.1349	84.6622	85.1808	85.8986	86.5377	87.0533	87.4275	87.8376	88.4721	89.1975	89.7663	90.3729	90.8403	91.36	91.7796	92.2482
832	Jersey	82.4962	83.0781	83.6774	84.3043	84.875	85.4957	86.0738	86.6352	87.2561	87.9003	88.4578	88.966	89.6332	90.2683	90.8385	91.3784
428	Latvia	79.7537	81.0362	81.6235	82.2189	82.8213	83.4026	83.9903	84.5627	85.157	85.7117	86.2623	86.798	87.323	87.8758	88.4256	88.9704
440	Lithuania	80.0741	81.2418	81.8421	82.4275	83.0175	83.6038	84.1943	84.8305	85.4026	85.9714	86.5636	87.1212	87.647	88.2026	88.8003	89.3631
578	Norway	84.8158	85.4233	85.9938	86.5417	87.1125	87.6655	88.2322	88.7715	89.3103	89.8618	90.4085	90.9581	91.5006	92.0549	92.6206	93.1811
752	Sweden	84.9857	85.6753	86.2265	86.7943	87.3715	87.9426	88.4969	89.0486	89.5989	90.1626	90.7474	91.3033	91.8456	92.4146	92.9814	93.5365
826	United Kingdom	83.0805	83.7897	84.3718	84.9342	85.5212	86.0836	86.6553	87.215	87.7767	88.3306	88.8838	89.4319	89.9845	90.5225	91.0779	91.6249
925	Southern Europe	84.4737	85.6101	86.2738	86.9268	87.5817	88.2093	88.805	89.3736	89.9142	90.4666	91.0349	91.6217	92.213	92.8033	93.3857	93.9467
8	Albania	80.7812	82.1667	82.8767	83.56	84.2327	84.857	85.4987	86.0928	86.6893	87.3224	87.9065	88.4858	89.0899	89.6883	90.2645	90.8458
20	Andorra	86.1938	87.3333	88.0175	88.5823	89.0379	89.5439	90.3355	91.0025	91.5893	92.1284	92.6773	93.2582	93.8014	94.3624	94.793	95.3655
70	Bosnia and Herzegovina	80.0068	81.6146	82.3445	83.0375	83.6812	84.331	84.9851	85.611	86.215	86.8104	87.3853	87.9736	88.5606	89.1597	89.7684	90.3416
191	Croatia	81.3138	82.3001	82.9575	83.5759	84.1814	84.8032	85.4138	86.0072	86.5849	87.1508	87.7137	88.2806	88.8491	89.4401	90.003	90.5607
292	Gibraltar	86.8537	88.0669	88.6288	89.3962	89.8876	90.3442	90.7281	91.3226	91.7087	92.1818	92.6663	93.2339	93.7032	94.0931	94.909	95.5383
300	Greece	83.8403	84.9523	85.6153	86.2425	86.8509	87.4467	88.0361	88.6196	89.2055	89.7748	90.3296	90.9002	91.4702	92.0312	92.5921	93.1302
380	Italy	85.2888	86.3368	86.9563	87.5649	88.1695	88.764	89.3423	89.9056	90.4472	91.0048	91.5866	92.1722	92.7557	93.3215	93.8858	94.4378
412	Kosovo (under UNSC res. 1244)	79.1016	80.9046	81.6342	82.3859	83.0709	83.722	84.3426	84.9412	85.5302	86.1018	86.6752	87.2611	87.8504	88.3758	88.8985	89.4128
470	Malta	84.9683	85.8883	86.6031	87.2553	87.7948	88.415	89.0533	89.656	90.2297	90.7971	91.3188	91.9133	92.5064	92.9841	93.531	94.0951
499	Montenegro	79.4427	80.9462	81.6661	82.3424	83.0487	83.6902	84.3338	84.9173	85.5789	86.2472	86.8321	87.4079	87.9673	88.4927	88.9935	89.5455
807	North Macedonia	78.4809	80.1746	80.7724	81.393	81.9768	82.5702	83.1778	83.759	84.3506	84.9353	85.5327	86.0943	86.6591	87.2627	87.8234	88.3761
620	Portugal	84.7614	85.7313	86.3493	86.9575	87.5632	88.1571	88.7318	89.2995	89.8677	90.4234	90.9825	91.5719	92.1497	92.7246	93.2814	93.8502
674	San Marino	87.2233	88.5045	88.9939	89.6396	90.38	90.8634	91.5503	92.0693	92.5875	93.0383	93.4998	93.8923	94.5739	95.1506	95.6442	96.2073
688	Serbia	78.8615	80.7493	81.4723	82.1802	82.8565	83.5346	84.203	84.8489	85.4757	86.0945	86.7154	87.3304	87.9478	88.5545	89.1618	89.7596
705	Slovenia	83.966	84.9188	85.5144	86.1294	86.7155	87.2847	87.8605	88.422	88.9921	89.5495	90.1299	90.7408	91.33	91.893	92.4549	93.0039
724	Spain	85.9538	86.9455	87.5924	88.2117	88.845	89.4417	90.0385	90.6338	91.1888	91.7499	92.3068	92.8777	93.4466	94.0291	94.6033	95.1493
926	Western Europe	84.4465	85.1748	85.7878	86.3918	86.9686	87.519	88.0776	88.6465	89.2292	89.8145	90.3809	90.9271	91.4802	92.056	92.65	93.2268
40	Austria	84.3145	84.9297	85.5621	86.1817	86.7976	87.3885	87.964	88.528	89.1086	89.6986	90.2858	90.8404	91.3895	91.9654	92.5216	93.1042
56	Belgium	84.0828	84.8997	85.5061	86.0984	86.6814	87.2482	87.8143	88.382	88.9427	89.4968	90.0673	90.609	91.1696	91.7382	92.2987	92.8561
250	France	85.8061	86.6426	87.2105	87.7816	88.3341	88.8881	89.4632	90.0243	90.585	91.147	91.7222	92.2577	92.8114	93.3715	93.9367	94.4863
276	Germany	83.6579	84.3009	84.8981	85.479	86.0544	86.6084	87.1566	87.7115	88.273	88.8463	89.3979	89.9531	90.4923	91.0424	91.6057	92.1515
438	Liechtenstein	86.0417	86.731	87.369	88.0096	88.5459	89.0275	89.6541	90.2525	90.7992	91.7859	92.2813	92.8527	93.3907	93.936	94.5102	94.9841
442	Luxembourg	83.7774	84.4572	85.0246	85.5982	86.1308	86.6147	87.1315	87.6653	88.2204	88.741	89.2989	89.8229	90.3727	90.954	91.6084	92.217
492	Monaco	88.8695	89.6385	90.1841	91.025	91.7813	92.2759	92.7751	93.2819	93.8283	94.2839	94.782	95.3278	95.8303	96.2555	96.8337	97.3157
528	Netherlands	83.5791	84.3253	84.9049	85.4872	86.064	86.6386	87.2251	87.7888	88.374	88.9803	89.5705	90.138	90.7099	91.2764	91.8579	92.4452
756	Switzerland	85.7211	86.4312	87.0305	87.6164	88.1882	88.7624	89.3267	89.8754	90.4357	90.9964	91.5521	92.1105	92.6692	93.2428	93.8295	94.3945
5505	Americas	79.2356	80.8224	81.5039	82.131	82.7148	83.2785	83.8289	84.3853	84.9459	85.5052	86.0567	86.6079	87.1586	87.7185	88.2788	88.8205
904	Latin America and the Caribbean	77.6929	79.4204	80.1604	80.8532	81.5081	82.1323	82.7384	83.3276	83.9008	84.4592	85.0077	85.5539	86.0838	86.6025	87.1154	87.6271
915	Caribbean	75.7029	77.0917	77.7598	78.3641	78.9052	79.3906	79.8072	80.1951	80.5689	80.9742	81.3955	81.8112	82.2255	82.6399	83.0526	83.4549
660	Anguilla	84.0523	84.7676	85.5147	86.1893	86.7131	87.2035	88.0442	88.7485	89.2057	89.5847	89.8755	90.6014	91.3832	92.0056	92.6872	93.1615
28	Antigua and Barbuda	80.7472	81.4511	82.2258	83.2111	83.6999	84.2262	84.9922	85.8135	86.4165	86.9594	87.4784	88.0477	88.5998	89.1272	89.846	90.4458
533	Aruba	78.9572	80.1625	80.7845	81.4624	81.8879	82.4951	83.1679	83.6998	84.2838	85.0373	85.6363	86.183	86.7429	87.2627	87.7709	88.2943
44	Bahamas	77.3271	78.8829	79.5935	80.2151	80.843	81.4731	82.0759	82.6798	83.2628	83.834	84.4136	84.9699	85.5071	86.0728	86.6333	87.2082
52	Barbados	78.7878	79.4486	80.1402	80.808	81.4918	82.1452	82.8101	83.4389	84.1045	84.687	85.3459	85.8896	86.4595	87.0699	87.6289	88.1567
535	Bonaire, Sint Eustatius and Saba	82.1859	82.3631	82.6763	83.137	83.6098	84.2878	84.9391	85.4097	85.9152	86.9291	87.6531	88.219	88.7326	89.201	89.7202	90.3159
92	British Virgin Islands	80.3535	81.4244	82.0441	82.5931	83.2137	83.8398	84.3118	84.8959	85.3364	86.7079	87.3613	88.0199	88.5747	89.0989	89.6789	90.2564
136	Cayman Islands	83.4224	84.5002	85.1477	85.6808	85.9448	86.621	87.3248	87.8028	88.265	88.9614	89.5221	90.1023	90.6265	91.1907	91.7439	92.3134
192	Cuba	79.4464	81.2677	81.9973	82.696	83.3618	84.0059	84.6189	85.2304	85.8248	86.4286	87.028	87.6055	88.1702	88.7483	89.3201	89.8565
531	Curaçao	80.8842	81.8079	82.4729	83.0778	83.6098	84.1964	84.8112	85.4077	86.0999	86.7198	87.2285	87.7608	88.2901	88.8435	89.3909	89.9033
212	Dominica	74.8317	75.9737	76.7654	77.6097	78.4773	79.0757	79.6742	80.4527	81.0338	81.639	82.2079	82.6706	83.3718	84.0754	84.5999	85.1371
214	Dominican Republic	76.9355	77.6107	78.2095	78.7843	79.3455	79.8871	80.419	80.9405	81.4547	81.9684	82.4788	82.9884	83.4873	83.9782	84.4614	84.9578
308	Grenada	78.6743	79.5155	80.0904	80.6794	81.519	82.2515	82.7224	83.2889	83.7483	84.2181	84.8662	85.5163	86.3092	86.9329	87.4578	87.9494
312	Guadeloupe	84.7672	86.2243	86.7581	87.3486	87.8912	88.3488	88.876	89.4341	90.0606	90.6552	91.148	91.6717	92.279	92.786	93.2866	93.816
332	Haiti	67.5479	69.1298	69.947	70.7186	71.4658	72.1829	72.8483	73.4863	74.0789	74.678	75.2745	75.8501	76.4248	76.9951	77.5573	78.1072
388	Jamaica	73.5662	74.7197	75.4764	76.2044	76.8887	77.5518	78.2098	78.8642	79.4705	80.0515	80.6361	81.2138	81.8214	82.415	83.0003	83.5724
474	Martinique	84.0103	86.3937	86.9802	87.446	87.9631	88.5845	89.0868	89.5746	90.1222	90.6831	91.2213	91.7235	92.2144	92.7717	93.3251	93.8488
500	Montserrat	82.4333	82.9788	83.5786	83.6378	85.4496	86.267	86.2254	86.5703	86.7855	89.1068	89.4609	90.7748	91.1159	89.3725	90.5128	91.2745
630	Puerto Rico	84.6069	85.879	86.4798	87.069	87.6324	88.2238	88.8184	89.403	89.9746	90.5729	91.1497	91.7129	92.2892	92.8484	93.3704	93.8745
652	Saint Barthélemy	89.3707	89.4275	89.5473	90.3551	90.8357	91.1068	91.5333	92.0609	92.3831	93.0988	93.6461	93.8371	94.3723	94.8966	95.4772	95.7721
659	Saint Kitts and Nevis	75.9216	77.7371	78.1959	78.7966	79.7079	80.2686	80.751	81.3758	81.7788	82.7365	83.4663	83.9956	84.6056	85.1662	85.7256	86.2999
662	Saint Lucia	75.772	77.0861	77.9353	78.8031	79.4872	80.1276	80.7039	81.4004	81.9699	82.5432	83.1866	83.7316	84.2754	84.7845	85.4048	86.0868
663	Saint Martin (French part)	84.502	85.4829	86.5739	87.2113	87.2376	87.8673	89.07	89.4992	90.3355	91.0013	92.0692	92.1426	92.1022	92.7604	93.1641	93.4913
670	Saint Vincent and the Grenadines	74.3192	75.3529	76.1135	76.8694	77.5512	78.2258	79.1716	79.7786	80.3055	80.8458	81.2899	81.8724	82.4144	83.124	83.8558	84.3556
534	Sint Maarten (Dutch part)	80.1169	81.1463	81.6144	82.2177	83.0851	83.5224	83.882	84.4059	85.1003	85.6942	86.247	86.6897	87.108	87.7264	88.6909	89.2584
780	Trinidad and Tobago	76.2735	77.3933	78.045	78.6816	79.3026	79.9299	80.5661	81.2048	81.8119	82.3887	82.9703	83.5625	84.152	84.7226	85.2837	85.8535
796	Turks and Caicos Islands	81.0473	81.6856	82.4216	83.1158	83.6194	84.2764	84.9024	85.5514	86.5121	87.0938	87.5443	88.2005	88.8273	89.4291	89.9882	90.5447
850	United States Virgin Islands	81.9085	82.6064	83.371	83.9229	84.5266	85.1997	85.5422	86.1025	86.8458	87.4787	87.9641	88.5064	89.1742	89.7165	90.5823	91.1755
916	Central America	76.4493	78.5434	79.3637	80.1312	80.8638	81.5424	82.1996	82.8284	83.4397	84.0257	84.5941	85.1653	85.7235	86.2667	86.8088	87.348
84	Belize	75.591	77.3149	78.1823	78.9445	79.6501	80.3853	81.0518	81.7324	82.4087	83.0476	83.7051	84.3593	85.0389	85.6801	86.3168	86.9127
188	Costa Rica	82.8116	84.1788	84.8703	85.5508	86.1865	86.8239	87.4509	88.068	88.671	89.2594	89.8421	90.418	90.9882	91.5488	92.1167	92.667
222	El Salvador	75.8105	77.2547	78.2176	79.1224	79.9547	80.7293	81.4719	82.1896	82.8897	83.5738	84.222	84.8611	85.4963	86.1133	86.7113	87.2957
320	Guatemala	73.7846	75.6992	76.477	77.2044	77.8755	78.5153	79.1541	79.7769	80.3718	80.9548	81.51	82.0632	82.6039	83.1244	83.6581	84.1905
340	Honduras	74.7574	76.3826	77.2052	77.989	78.7497	79.4809	80.1969	80.8646	81.5219	82.1749	82.8011	83.4053	84.0236	84.6197	85.202	85.7877
484	Mexico	76.4638	78.6865	79.5233	80.3052	81.0582	81.7567	82.4414	83.1035	83.7513	84.3668	84.9649	85.5686	86.1527	86.7185	87.2771	87.8308
558	Nicaragua	76.2428	78.2198	78.9892	79.6984	80.3862	81.0489	81.679	82.2807	82.8822	83.4704	84.0451	84.5963	85.1336	85.6718	86.2173	86.7622
591	Panama	81.9237	83.2865	83.9573	84.613	85.246	85.8662	86.4578	87.0488	87.6391	88.2164	88.79	89.3715	89.9377	90.5078	91.0795	91.6489
931	South America	78.3211	79.9452	80.6681	81.3483	81.9927	82.616	83.2256	83.8248	84.4093	84.9794	85.5397	86.0956	86.6318	87.1575	87.6742	88.1904
32	Argentina	78.9208	80.5256	81.1943	81.8482	82.4857	83.1017	83.7041	84.3011	84.887	85.4698	86.057	86.6347	87.193	87.7574	88.3191	88.8626
68	Bolivia (Plurinational State of)	69.3637	71.9962	72.8474	73.6505	74.4281	75.167	75.8913	76.5916	77.2651	77.938	78.577	79.2048	79.8069	80.4017	81.0031	81.5853
76	Brazil	78.2685	79.7678	80.4959	81.177	81.8162	82.4324	83.0387	83.6379	84.2189	84.7797	85.3245	85.8718	86.4046	86.9457	87.4822	88.0214
152	Chile	82.4736	83.7964	84.4802	85.1426	85.7887	86.4279	87.0487	87.6649	88.2551	88.8435	89.423	89.9794	90.5424	91.1056	91.661	92.2188
170	Colombia	79.3526	81.2583	82.0089	82.7215	83.3956	84.0461	84.6746	85.3058	85.9379	86.5474	87.1376	87.722	88.3001	88.8641	89.4134	89.9641
218	Ecuador	78.8489	80.9236	81.6533	82.3309	82.9774	83.5948	84.2003	84.7788	85.3382	85.8861	86.4286	86.9657	87.4958	88.0223	88.5535	89.0592
238	Falkland Islands (Malvinas)	88.688	87.6559	87.2368	86.8359	87.4574	87.7195	88.6175	89.8851	90.2936	90.4459	91.2957	92.889	93.5812	94.8605	95	92.6248
254	French Guiana	79.6087	80.7635	81.5588	82.1941	82.8499	83.4662	84.0497	84.6226	85.2375	85.8462	86.4306	87.0259	87.6502	88.227	88.7803	89.3764
328	Guyana	72.4185	74.6098	75.2766	75.9281	76.5703	77.1674	77.7647	78.353	78.9607	79.5594	80.1318	80.6617	81.2202	81.7662	82.3293	82.8722
600	Paraguay	75.4157	77.6207	78.2734	78.9144	79.5363	80.1304	80.7469	81.3582	81.9571	82.5428	83.1033	83.6484	84.1978	84.7543	85.3099	85.8488
604	Peru	78.4144	80.9324	81.6859	82.3771	83.0198	83.6532	84.2729	84.8613	85.4381	85.9942	86.5452	87.0742	87.5998	88.1109	88.6358	89.1555
740	Suriname	75.7906	77.5544	78.2429	78.9304	79.5625	80.1754	80.7982	81.4012	81.9876	82.6136	83.2193	83.8429	84.4121	84.9705	85.5222	86.092
858	Uruguay	81.1968	82.5036	83.1036	83.719	84.3163	84.8879	85.4707	86.0524	86.6123	87.1763	87.7406	88.3296	88.8801	89.4242	89.9914	90.5529
862	Venezuela (Bolivarian Republic of)	76.4259	77.2563	78.0292	78.754	79.4445	80.1177	80.7655	81.4001	82.0195	82.626	83.2363	83.8464	84.4416	85.0197	85.5722	86.112
905	Northern America	81.4027	82.7803	83.3852	83.9666	84.5327	85.1188	85.6937	86.2815	86.8668	87.4396	87.9951	88.5489	89.1075	89.6724	90.2378	90.7719
60	Bermuda	86.482	87.0671	87.7362	88.3985	88.928	89.4929	89.9395	90.6201	91.2618	91.7249	92.3699	92.9657	93.6403	94.163	94.8088	95.3633
124	Canada	84.6114	85.4098	86.0064	86.5808	87.1571	87.7078	88.2633	88.8413	89.4152	89.9703	90.5216	91.0665	91.6152	92.1595	92.7197	93.2707
304	Greenland	72.8122	73.8297	74.9132	76.0161	76.7607	76.9412	77.3042	78.2294	78.9301	79.5176	80.0703	80.6618	81.2908	81.7292	82.4768	83.163
666	Saint Pierre and Miquelon	84.4362	84.5917	85.5088	86.0923	86.5631	86.9431	87.9619	88.251	89.6977	89.576	90.5971	92.4437	92.4195	91.8876	92.7589	93.8739
840	United States of America	81.0397	82.4737	83.0759	83.6553	84.2172	84.804	85.378	85.9651	86.5504	87.1238	87.6775	88.2303	88.7876	89.3532	89.9198	90.4535
909	Oceania	81.3227	82.0917	82.5588	82.9808	83.3861	83.7816	84.1921	84.6167	85.0632	85.523	85.9715	86.4289	86.8862	87.3761	87.9039	88.4241
927	Australia/New Zealand	85.2947	86.0049	86.5805	87.1341	87.6888	88.2393	88.7976	89.347	89.9139	90.4808	91.0266	91.5881	92.1292	92.6776	93.2538	93.8118
36	Australia	85.6045	86.3374	86.913	87.4656	88.0199	88.5679	89.1239	89.6666	90.2297	90.7877	91.3257	91.8873	92.4266	92.9684	93.5421	94.0973
554	New Zealand	83.7253	84.3398	84.8973	85.4472	85.9901	86.5231	87.0664	87.5982	88.1387	88.7062	89.2706	89.8199	90.3482	90.8916	91.4529	91.9885
928	Melanesia	69.2835	70.409	71.0867	71.7199	72.3084	72.8772	73.4384	74.0013	74.5526	75.1092	75.6621	76.1942	76.7246	77.2646	77.8048	78.3319
242	Fiji	68.9101	70.1953	70.9944	71.7748	72.5233	73.2451	73.9461	74.6076	75.2399	75.8944	76.5287	77.1297	77.7632	78.3619	78.9558	79.5257
540	New Caledonia	80.7977	82.0246	82.6165	83.2196	83.7576	84.3334	84.8814	85.5228	86.0776	86.6083	87.1287	87.7469	88.3651	88.9176	89.4824	89.9925
598	Papua New Guinea	68.6678	69.753	70.3765	70.978	71.5479	72.112	72.6692	73.2279	73.7719	74.3214	74.864	75.3848	75.9006	76.4319	76.9651	77.4857
90	Solomon Islands	71.6492	72.8529	73.6901	74.4901	75.2243	75.9314	76.6142	77.2824	77.9305	78.5581	79.1858	79.7978	80.4051	80.9983	81.5621	82.1287
548	Vanuatu	73.719	74.9196	75.6885	76.5114	77.2925	78.0093	78.7325	79.4435	80.099	80.7206	81.3484	81.9422	82.544	83.1276	83.7457	84.352
954	Micronesia	74.0126	75.2785	76.0256	76.6775	77.2409	77.7687	78.2094	78.6385	79.0602	79.5768	80.0643	80.6099	81.168	81.7286	82.3098	82.8222
316	Guam	81.2066	82.2156	82.7966	83.514	84.4286	85.0777	85.5467	86.0689	86.6543	87.2674	87.9117	88.5334	89.1404	89.704	90.2035	90.7552
296	Kiribati	67.6605	68.8525	69.5334	70.2787	71.0487	71.5852	72.2806	72.8893	73.6009	74.2203	74.8182	75.4045	75.9452	76.5292	77.0277	77.6124
584	Marshall Islands	69.1738	71.1425	71.3167	73.6361	75.5839	75.3614	75.6883	76.2001	76.6588	77.4311	78.5865	79.2599	78.5612	79.1847	79.5193	80.0769
583	Micronesia (Fed. States of)	70.4429	71.4636	72.7145	73.3139	74.006	74.6578	75.3604	76.0454	76.6336	77.2155	77.953	78.5674	79.1987	79.815	80.3872	80.8806
520	Nauru	68.2731	65.2041	66.7417	70.6182	72.6856	71.7821	69.8996	71.0463	72.8251	74.2661	73.8648	74.2423	74.5073	75.3485	75.7319	76.1658
580	Northern Mariana Islands	81.2931	82.2225	82.9375	83.6886	84.3104	84.7486	85.4304	86.1297	86.1789	86.3497	87.4568	88.3274	88.9232	89.5851	90.1364	90.3976
585	Palau	74.4108	75.465	75.6186	75.9652	76.4365	77.4742	79.0895	78.5121	79.1211	80.1671	80.8146	81.4635	81.9939	82.7087	83.0809	83.5678
957	Polynesia	79.1506	80.5613	81.4521	82.2139	82.9293	83.564	84.1745	84.6814	85.157	85.6074	86.0519	86.4467	86.7911	87.1295	87.3617	87.5667
16	American Samoa	76.8375	77.0541	77.655	79.3177	79.9403	79.9908	79.8658	80.304	81.6605	83.0979	83.6338	84.1682	84.9656	85.3528	85.2287	86.0334
184	Cook Islands	80.3831	82.2472	82.7974	83.9427	84.3501	84.9824	85.7981	86.6048	87.3553	88.4619	89.316	89.2296	88.8984	90.0033	90.2628	91.3375
258	French Polynesia	85.7873	87.4517	88.0376	88.5534	89.027	89.5769	90.1461	90.6463	91.1304	91.7158	92.2323	92.7272	93.2532	93.7468	94.2133	94.7317
570	Niue	85.0437	87.753	82.9288	82.7889	85.1704	96.1114	84.234	86.7352	89.2681	85.9446	90.4682	85.9492	89.7522	84.1446	86.6158	88.5303
882	Samoa	73.5054	74.3594	75.0638	75.8135	76.5469	77.0746	77.6509	78.3013	79.057	79.7279	80.3917	81.0204	81.6327	82.231	82.7966	83.3609
772	Tokelau	97.5595	97.6917	100.9802	100.9831	85.5222	87.2426	89.9327	91.8649	85.9212	88.4963	88.2374	88.8171	90.1525	91.0222	91.6697	91.6816
776	Tonga	76.2375	76.8989	77.5694	78.1872	78.9032	79.9326	80.6305	81.3028	81.7978	82.3924	82.9712	83.6226	84.1824	84.8052	85.413	85.9344
798	Tuvalu	73.7135	76.2907	77.8557	77.9101	78.6557	79.4906	78.4995	79.6933	80.8691	81.2933	79.2914	80.9487	82.3727	82.9809	83.0662	83.0985
876	Wallis and Futuna Islands	81.0018	81.8961	81.9619	82.5468	83.7191	84.7254	86.3695	86.9299	87.9207	87.7041	87.5017	88.6363	89.1738	89.7702	90.7436	91.9492
