country_code	country	2020-2025	2025-2030	2030-2035	2035-2040	2040-2045	2045-2050	2050-2055	2055-2060	2060-2065	2065-2070	2070-2075	2075-2080	2080-2085	2085-2090	2090-2095	2095-2100
900	World	75.1777	76.1731	76.7182	77.2327	77.7623	78.2138	78.614	79.0425	79.4628	79.809	80.2012	80.583	80.9101	81.2624	81.6001	81.9872
1834	Sub-Saharan Africa	63.3944	64.486	65.2045	65.922	66.6868	67.4069	68.0602	68.7492	69.4769	70.152	70.7366	71.3566	71.8975	72.5564	73.1304	73.6471
1833	Northern Africa and Western Asia	75.6086	76.6637	77.2109	77.7707	78.3044	78.8527	79.3207	79.8304	80.2852	80.7716	81.266	81.6367	82.0611	82.4944	82.9274	83.3291
1831	Central and Southern Asia	72.4164	73.4939	74.0765	74.7621	75.4418	76.0822	76.8792	77.5167	78.095	78.622	79.1542	79.6237	80.1507	80.764	81.2771	81.7469
1832	Eastern and South-Eastern Asia	79.648	79.9091	80.2641	80.6453	81.1107	81.5162	81.9674	82.4324	82.8128	83.227	83.6401	84.0643	84.4684	84.8796	85.374	85.8208
1830	Latin America and the Caribbean	77.5637	78.7639	79.2541	79.8011	80.3241	80.8302	81.3517	81.8587	82.3847	82.8864	83.4238	83.9293	84.3916	84.8629	85.3604	85.8151
1835	Oceania (excluding Australia and New Zealand)	69.8128	69.7195	69.725	69.8184	69.9143	69.9873	70.0036	70.1119	70.4552	70.7268	70.8886	71.1445	71.3726	71.7668	72.1389	72.6686
1836	Australia/New Zealand	85.0843	84.9398	85.0474	85.2804	85.5689	85.8628	86.2352	86.6347	87.0389	87.3777	87.6863	88.0734	88.3889	88.7533	89.2166	89.5325
1829	Europe and Northern America	81.5406	82.4798	82.9	83.3637	83.8485	84.3705	84.8386	85.3022	85.747	86.2434	86.7246	87.2465	87.7186	88.2113	88.6695	89.1242
5502	Europe, Northern America, Australia, and New Zealand	81.6203	82.5497	82.9602	83.4203	83.8919	84.4294	84.9074	85.3738	85.8477	86.3724	86.8825	87.3734	87.8432	88.3514	88.8225	89.2848
901	More developed regions	82.2702	83.1728	83.6026	84.0567	84.5185	85.016	85.5029	85.9871	86.4678	86.9525	87.4169	87.9091	88.388	88.8969	89.3908	89.8339
902	Less developed regions	73.581	74.6132	75.2263	75.814	76.4103	76.919	77.4064	77.8561	78.307	78.6854	79.0676	79.4399	79.7897	80.1263	80.4604	80.8303
941	Least developed countries	67.8912	69.1365	69.9183	70.6512	71.3476	72.0397	72.6898	73.3082	73.8849	74.4631	75.0145	75.5119	75.9581	76.3416	76.7778	77.1893
934	Less developed regions, excluding least developed countries	74.7699	75.6617	76.2188	76.7555	77.2852	77.7872	78.2405	78.6759	79.1011	79.4865	79.9008	80.2661	80.6093	80.9883	81.3769	81.7682
948	Less developed regions, excluding China	71.6146	72.8784	73.539	74.1981	74.845	75.4326	76.0409	76.5132	77.018	77.4662	77.9378	78.3892	78.7963	79.1495	79.5718	80.0179
1636	Land-locked Developing Countries (LLDC)	68.3664	69.6588	70.3744	71.0927	71.7847	72.4219	73.0126	73.541	74.1124	74.6914	75.2438	75.7312	76.2323	76.7573	77.2384	77.6907
2087	LLDC: Africa	66.101	67.3467	68.0652	68.751	69.4361	70.12	70.8073	71.3927	72.0079	72.702	73.3316	73.8881	74.4623	75.0352	75.5154	76.0197
2088	LLDC: Asia	72.4284	73.3078	73.8579	74.459	75.0251	75.5764	75.9963	76.4385	76.9447	77.3634	77.8329	78.2534	78.6784	79.1168	79.6418	80.1165
2089	LLDC: Europe	76.119	76.3584	76.5187	76.7987	77.1339	77.6124	77.9286	78.3749	78.7286	79.1521	79.6085	80.0345	80.4541	80.9818	81.4292	81.7357
2090	LLDC: Latin America	71.3478	72.5358	72.7308	73.0199	73.4234	73.9499	74.3864	74.8476	75.3897	75.7189	76.1543	76.6721	77.1421	77.6647	78.074	78.4933
1637	Small Island Developing States (SIDS)	75.0799	75.8356	76.1924	76.5431	76.8345	77.1021	77.3262	77.5516	77.8449	78.1188	78.36	78.6167	78.8306	79.0132	79.249	79.5493
2091	SIDS Caribbean	75.5394	76.1778	76.4456	76.7703	77.0235	77.2702	77.4946	77.6012	77.8604	78.1408	78.4527	78.7258	78.9782	79.2918	79.5847	79.9544
2092	SIDS Pacific	69.6961	69.6935	69.8089	69.9924	70.1993	70.3766	70.5422	70.7809	71.1224	71.4357	71.675	71.9379	72.1631	72.613	73.0898	73.5924
2093	SIDS Atlantic, Indian Ocean and South China Sea (AIS)	78.3034	78.7851	79.0761	79.2707	79.4352	79.5256	79.8431	80.2029	80.4477	80.5625	80.6493	80.5129	80.5667	80.5587	80.7154	80.8327
5503	High-and-upper-middle-income countries	80.2635	81.042	81.471	81.9083	82.3867	82.8613	83.3228	83.8073	84.305	84.7862	85.2754	85.7637	86.2827	86.8114	87.3157	87.8426
5504	Low-and-Lower-middle-income countries	69.8734	71.052	71.6687	72.3615	73.021	73.6159	74.2272	74.7531	75.3045	75.8017	76.3002	76.7746	77.2208	77.6777	78.1281	78.5834
1503	High-income countries	83.5154	84.1987	84.6041	85.043	85.4909	85.9896	86.466	86.9469	87.4375	87.9078	88.3446	88.7702	89.2431	89.7733	90.303	90.7266
1859	Low-and-middle-income countries	73.4002	74.4562	75.0455	75.6192	76.1905	76.6874	77.1408	77.5623	78.0175	78.4016	78.8015	79.1792	79.5303	79.8845	80.2382	80.6324
1517	Middle-income countries	74.2897	75.2868	75.878	76.4425	77.0087	77.5112	77.9881	78.4468	78.877	79.2975	79.7322	80.0985	80.5032	80.8723	81.2377	81.6286
1502	Upper-middle-income countries	78.4754	79.2244	79.6837	80.1658	80.6904	81.191	81.684	82.199	82.6741	83.1714	83.6182	84.0345	84.5047	84.9934	85.4088	85.8604
1501	Lower-middle-income countries	70.6692	71.725	72.2894	72.9539	73.5882	74.1799	74.766	75.2917	75.8726	76.3312	76.8894	77.3503	77.8119	78.2709	78.7419	79.1438
1500	Low-income countries	66.5388	67.7103	68.4037	69.0896	69.7183	70.3447	70.9301	71.4864	72.0242	72.6015	73.116	73.6365	74.1736	74.6385	75.1292	75.5589
1518	No income group available	76.108	75.5924	75.7035	75.9962	76.2424	76.7142	77.1575	77.5685	77.9753	78.4891	79.1154	79.6031	79.9931	80.3783	80.9614	81.4515
903	Africa	65.1636	66.2898	67.0032	67.7042	68.4429	69.1333	69.7693	70.3691	70.9986	71.6145	72.1772	72.7292	73.2416	73.7992	74.3848	74.8781
910	Eastern Africa	67.6489	68.6752	69.4116	70.1578	70.8663	71.5721	72.1791	72.7796	73.4024	74.0664	74.7205	75.3441	75.9353	76.4806	77.0196	77.5182
108	Burundi	64.8787	64.5226	64.4442	64.5254	64.7629	65.0071	65.2453	65.6172	65.9041	66.2109	66.5677	66.9357	67.303	67.6594	68.0147	68.3898
174	Comoros	68.2595	68.1747	68.5055	68.9652	69.5105	70.0787	70.7167	71.2169	71.8364	72.3926	72.8731	73.4544	74.0064	74.5612	75.0784	75.5514
262	Djibouti	67.6286	67.5968	67.6864	68.0522	68.4517	68.8394	69.2457	69.6859	70.1249	70.6093	71.0642	71.5002	71.97	72.4759	72.9495	73.4567
232	Eritrea	69.8331	69.9983	70.3273	70.7903	71.3304	71.9575	72.4668	72.9904	73.5105	74.0417	74.5733	75.0809	75.5669	76.1114	76.6685	77.1836
231	Ethiopia	69.9292	70.0878	70.4317	70.9661	71.4932	72.0225	72.5899	73.1086	73.6362	74.1838	74.798	75.3169	75.859	76.4074	76.9398	77.3505
404	Kenya	65.06	64.8882	64.9667	65.2575	65.5617	65.9276	66.3429	66.7391	67.1047	67.5318	68.0042	68.4781	68.8286	69.3605	69.7804	70.1435
450	Madagascar	64.7292	64.4041	64.5498	64.9384	65.3573	65.7792	66.2114	66.6275	67.1029	67.4916	67.8689	68.2621	68.6305	69.0757	69.5318	69.9548
454	Malawi	69.4835	69.554	69.5249	69.7139	70.0117	70.3232	70.6076	70.9347	71.3266	71.6874	72.0565	72.4709	72.7819	73.1767	73.7039	74.1181
480	Mauritius	77.4717	77.4298	77.5144	77.8341	78.1931	78.6281	79.0738	79.5733	80.0286	80.5357	81.0368	81.5539	82.0134	82.499	83.0137	83.5083
175	Mayotte	77.2262	77.6644	77.881	78.2337	78.6549	79.0822	79.5653	80.0127	80.4692	80.9541	81.4249	81.9068	82.3619	82.7296	83.2084	83.6644
508	Mozambique	65.2866	65.4594	65.4114	65.635	65.9201	66.1858	66.5122	66.8572	67.2032	67.5333	67.8281	68.1806	68.5073	68.7627	69.1198	69.5138
638	Réunion	85.3285	85.7153	85.7405	85.8934	86.1547	86.4288	86.7351	87.0282	87.3208	87.6349	87.9787	88.3261	88.6574	89.0082	89.3672	89.7281
646	Rwanda	69.3575	69.0677	69.282	69.6861	70.0672	70.4986	70.9909	71.5191	71.9922	72.5046	73.021	73.5056	73.9572	74.4773	74.9603	75.4642
690	Seychelles	75.4725	75.6473	75.7429	75.9622	76.2936	76.6912	77.0107	77.4133	77.8025	78.1976	78.6172	79.0559	79.487	79.9557	80.4343	80.8963
706	Somalia	59.1571	60.0226	59.8043	59.7901	59.8773	60.052	60.3097	60.5982	60.8763	61.07	61.3867	61.7561	62.0679	62.3464	62.7447	63.0807
728	South Sudan	60.0275	59.0227	58.6199	58.4406	58.4713	58.5095	58.6273	58.6999	58.8049	58.9512	59.2019	59.4004	59.6666	59.8633	60.0174	60.133
800	Uganda	70.2702	70.3245	70.5635	70.9064	71.33	71.831	72.3527	72.8507	73.3363	73.8545	74.3431	74.7846	75.2801	75.7652	76.2255	76.7173
834	United Republic of Tanzania	69.4065	68.8563	69.0109	69.3672	69.6486	70.0517	70.4518	70.9008	71.3482	71.811	72.2412	72.7131	73.2178	73.6779	74.105	74.6363
894	Zambia	67.2718	67.6438	67.6275	67.8192	68.115	68.5081	68.8484	69.1777	69.4919	69.8358	70.2833	70.7078	71.2145	71.7371	72.1186	72.467
716	Zimbabwe	64.0566	64.3417	64.7974	65.4135	66.0807	66.7754	67.4145	68.0639	68.6583	69.3044	69.9663	70.5511	71.106	71.6423	72.1733	72.771
911	Middle Africa	62.9774	63.8645	64.2108	64.6688	65.2241	65.6214	66.0422	66.4069	66.8914	67.472	67.917	68.3613	68.9074	69.3996	69.8359	70.3903
24	Angola	66.3711	66.0931	66.1181	66.2665	66.4631	66.7543	67.0298	67.3745	67.6994	67.9992	68.3357	68.658	69.0045	69.4743	69.7752	70.1396
120	Cameroon	64.7679	65.1712	65.4695	65.8899	66.3555	66.8449	67.3065	67.8141	68.2554	68.7676	69.3032	69.7859	70.2232	70.8032	71.305	71.7312
140	Central African Republic	49.2835	58.2231	58.3573	58.6719	59.0798	59.5379	60.031	60.5231	60.9748	61.5349	62.0208	62.4607	62.9783	63.6012	64.0541	64.6039
148	Chad	56.0109	55.5253	55.2625	55.3105	55.489	55.6707	55.9975	56.3153	56.6241	56.9405	57.2688	57.6348	57.8975	58.165	58.4869	58.9482
178	Congo	66.618	66.5452	66.7789	67.073	67.401	67.8154	68.2512	68.6452	69.111	69.5814	70.0557	70.4891	70.9332	71.3194	71.7655	72.2999
180	Democratic Republic of the Congo	63.0857	62.7878	62.7107	62.8591	63.0398	63.2286	63.551	63.8528	64.1903	64.5478	64.8963	65.3132	65.6713	66.0432	66.3298	66.6741
226	Equatorial Guinea	64.9544	64.639	64.7063	64.9345	65.2223	65.6416	66.0302	66.383	66.8071	67.2213	67.744	68.195	68.6497	69.0928	69.5024	69.9744
266	Gabon	70.2748	70.0685	70.1454	70.3985	70.7595	71.0897	71.4699	71.9217	72.2902	72.6714	73.0623	73.5422	74.018	74.4647	74.9358	75.4173
678	Sao Tome and Principe	72.9281	72.8085	72.8485	73.0463	73.3549	73.6797	74.049	74.4003	74.747	75.1473	75.5467	75.9604	76.4159	76.8709	77.3394	77.76
912	Northern Africa	73.525	74.4081	74.9245	75.5504	76.1059	76.6716	77.1922	77.6997	78.0698	78.5412	78.9621	79.324	79.8222	80.2695	80.6881	81.0694
12	Algeria	77.0409	77.1848	77.5298	78.0087	78.552	79.1238	79.658	80.1714	80.6678	81.19	81.7236	82.2254	82.7054	83.1881	83.6492	84.0983
818	Egypt	72.7262	73.0551	73.2736	73.6585	74.0882	74.5539	75.0008	75.4592	75.8934	76.4105	76.8995	77.3889	77.883	78.2725	78.7468	79.2255
434	Libya	73.8358	76.2274	76.7031	77.0902	77.5108	77.9714	78.4288	78.9146	79.4415	79.9211	80.3645	80.8459	81.3133	81.7529	82.2332	82.6862
504	Morocco	76.8148	76.8849	77.0289	77.2723	77.6371	78.0147	78.4204	78.8372	79.2087	79.6088	80.067	80.494	80.9098	81.3193	81.7205	82.143
729	Sudan	68.5973	68.5973	68.636	68.8657	69.315	69.7167	70.1198	70.5437	70.8915	71.34	71.8151	72.2553	72.7233	73.1893	73.5741	74.0524
788	Tunisia	78.1061	78.5729	78.8005	79.1525	79.5992	80.0413	80.5547	81.0034	81.4497	81.8889	82.3974	82.8943	83.3841	83.7744	84.1311	84.5867
732	Western Sahara	73.0726	72.8245	73.0738	73.4596	73.8636	74.3125	74.7494	75.1915	75.6278	76.0837	76.544	76.9228	77.355	77.7806	78.2133	78.6398
913	Southern Africa	67.8949	68.575	68.7232	69.0201	69.4305	69.8243	70.2904	70.7009	71.1265	71.5213	72.0805	72.5737	73.003	73.2401	73.7128	74.0871
72	Botswana	70.0312	70.5909	70.4989	70.6068	70.7629	71.0482	71.3915	71.7147	72.0284	72.4119	72.7584	73.0617	73.4571	73.8542	74.2158	74.5937
748	Eswatini	64.9715	65.7086	65.4684	65.4503	65.6222	65.8046	66.0472	66.3198	66.5202	66.8295	67.1054	67.3709	67.7285	68.0477	68.3858	68.7536
426	Lesotho	58.844	59.7065	60.5448	61.4006	62.194	62.9944	63.711	64.4092	65.0845	65.7283	66.3195	66.9467	67.5606	68.1936	68.7349	69.2413
516	Namibia	68.8237	70.1774	70.0672	70.1143	70.1836	70.3941	70.5511	70.8032	71.1653	71.4377	71.7553	72.0336	72.4261	72.7978	73.1495	73.5107
710	South Africa	68.143	68.5734	68.575	68.8075	69.1217	69.4689	69.7759	70.2118	70.672	71.0545	71.4906	71.9362	72.3334	72.748	73.1699	73.6762
914	Western Africa	58.572	58.8199	59.1266	59.5861	60.2174	60.8163	61.4498	62.1748	62.7837	63.3893	63.8344	64.5851	65.1264	65.6988	66.3319	66.8408
204	Benin	61.5245	61.0372	60.9523	61.1046	61.394	61.5915	61.9372	62.244	62.5573	62.9262	63.248	63.57	63.9274	64.307	64.7188	65.1088
854	Burkina Faso	62.4738	62.0582	62.0518	62.2323	62.4613	62.8177	63.1493	63.4138	63.8249	64.1878	64.6203	64.9976	65.3431	65.7176	66.0829	66.491
132	Cabo Verde	78.6222	78.494	78.6102	78.9072	79.2514	79.6138	80.063	80.4869	80.8787	81.3191	81.7819	82.2123	82.6899	83.1211	83.5182	83.9543
384	Côte d'Ivoire	63.2649	62.8926	62.8263	62.9551	63.162	63.4322	63.6596	64.0515	64.3377	64.6104	64.8806	65.3124	65.7016	65.9508	66.2761	66.6334
270	Gambia	66.5533	66.5257	66.5863	66.8111	67.1102	67.4221	67.7294	68.1009	68.4586	68.8412	69.2551	69.5859	70.0208	70.442	70.8023	71.1227
288	Ghana	67.2445	66.9559	67.0291	67.2654	67.6143	67.9141	68.2928	68.7294	69.1594	69.5842	70.016	70.4674	70.8651	71.2458	71.712	72.1157
324	Guinea	61.1788	60.6254	60.5411	60.7372	60.9902	61.2944	61.6202	61.8522	62.2041	62.5541	62.9615	63.3561	63.692	64.0088	64.3414	64.7637
624	Guinea-Bissau	65.2692	65.2074	65.1656	65.2701	65.5261	65.7824	66.0369	66.2948	66.6103	66.9381	67.3029	67.6956	68.0302	68.3283	68.7123	69.0163
430	Liberia	62.8566	62.1757	62.0385	62.1277	62.3639	62.6031	62.9054	63.0895	63.4534	63.7666	64.1313	64.5045	64.7876	65.0387	65.4021	65.7892
466	Mali	61.1365	60.824	60.9064	61.2877	61.702	62.0936	62.4737	62.8784	63.2642	63.6254	64.0522	64.4482	64.777	65.1182	65.4446	65.7713
478	Mauritania	69.7299	69.7001	69.9597	70.4048	70.873	71.3835	71.9779	72.4969	73.0354	73.6339	74.212	74.7494	75.2257	75.7002	76.2909	76.8181
562	Niger	61.3183	61.2192	61.5278	62.0284	62.6179	63.1408	63.6703	64.2308	64.76	65.2886	65.7743	66.1261	66.618	67.0935	67.5231	67.9121
566	Nigeria	54.0351	53.2477	53.0126	53.1034	53.2661	53.5001	53.7775	54.1521	54.5314	54.8275	55.2023	55.584	56.0065	56.4834	56.8648	57.1884
654	Saint Helena	80.4647	79.8012	79.8016	79.9139	80.1544	80.4427	80.7783	81.102	81.4458	81.7829	82.1505	82.5193	82.9269	83.346	83.7355	84.0645
686	Senegal	69.9266	70.018	70.3873	70.8774	71.3692	71.8331	72.2848	72.7588	73.1778	73.6277	74.1048	74.5768	75.0621	75.4946	75.9115	76.4239
694	Sierra Leone	62.5782	62.3505	62.3392	62.5315	62.7569	63.0591	63.3711	63.7534	64.1244	64.5047	64.8636	65.1551	65.5762	66.0531	66.3881	66.8156
768	Togo	62.1753	61.8009	61.8758	62.1251	62.4446	62.8581	63.2608	63.7398	64.1715	64.6201	65.1136	65.6318	65.9976	66.4059	66.8804	67.3964
935	Asia	76.5631	77.4231	78.0601	78.6127	79.1942	79.6908	80.2548	80.6903	81.1408	81.5768	82.0342	82.4676	82.9435	83.4135	83.8832	84.2792
5500	Central Asia	75.1692	75.6943	75.9919	76.3853	76.7434	77.127	77.5306	78.0546	78.4322	78.9221	79.3553	79.8173	80.3226	80.8156	81.3638	81.7954
398	Kazakhstan	76.9451	77.5044	77.4877	77.6299	77.8728	78.1598	78.4932	78.8197	79.2123	79.5665	79.9308	80.3477	80.7578	81.1811	81.6426	82.0447
417	Kyrgyzstan	74.3737	74.3023	74.3387	74.5509	74.8639	75.1962	75.5258	75.9507	76.4213	76.8844	77.3526	77.7845	78.228	78.6577	79.1436	79.6114
762	Tajikistan	73.0303	72.9803	73.0087	73.2082	73.4791	73.8256	74.1735	74.5601	74.9408	75.3132	75.7373	76.1664	76.6043	76.9696	77.3514	77.7556
795	Turkmenistan	72.3674	71.845	71.7938	71.9602	72.2052	72.4809	72.8553	73.2403	73.6069	74.0407	74.4331	74.85	75.2898	75.7252	76.0991	76.5186
860	Uzbekistan	74.9078	74.4188	74.4135	74.5941	74.8178	75.1068	75.4035	75.7565	76.1229	76.521	76.9901	77.3824	77.819	78.3187	78.7785	79.1852
906	Eastern Asia	81.7541	81.627	81.8041	82.1388	82.5666	82.9833	83.4115	83.9189	84.3882	84.8695	85.3219	85.7764	86.2541	86.8079	87.2322	87.7241
156	China	80.7316	80.5646	80.8524	81.2448	81.6707	82.1288	82.5939	83.1122	83.5818	84.0331	84.4757	84.9044	85.359	85.8048	86.2303	86.6395
344	China, Hong Kong SAR	87.1837	87.5616	87.6579	87.8671	88.1515	88.4577	88.789	89.1154	89.4883	89.8558	90.2308	90.6134	90.9555	91.3465	91.7725	92.097
446	China, Macao SAR	85.0366	84.732	84.8568	85.1011	85.4233	85.7738	86.1048	86.459	86.853	87.2328	87.6109	88.0066	88.3827	88.758	89.1506	89.5401
158	China, Taiwan Province of China	83.6044	83.0786	83.2301	83.4879	83.818	84.1464	84.5212	84.9118	85.3019	85.67	86.036	86.3898	86.7689	87.1639	87.558	87.9916
408	Dem. People's Republic of Korea	75.4756	74.7853	74.7658	74.9438	75.196	75.4681	75.7787	76.1264	76.5223	76.8764	77.2608	77.6508	78.1182	78.547	78.966	79.3722
392	Japan	87.4503	87.2648	87.4835	87.8014	88.1668	88.5496	88.9159	89.3541	89.7642	90.182	90.6445	91.0026	91.4569	91.9089	92.3219	92.7037
496	Mongolia	75.4484	75.8835	76.2835	76.7829	77.3253	77.873	78.4164	78.9138	79.4579	80.0344	80.5509	81.1169	81.6739	82.1902	82.6731	83.1372
410	Republic of Korea	86.6572	86.5554	86.6146	86.7723	87.0209	87.3114	87.6123	87.9518	88.2803	88.6243	88.992	89.3683	89.7171	90.1241	90.6146	91.0226
5501	Southern Asia	72.2862	73.3567	73.9349	74.6147	75.3061	75.9419	76.7184	77.3788	77.9644	78.4984	79.0244	79.5022	79.9944	80.5948	81.0992	81.5869
4	Afghanistan	66.3109	66.817	67.1218	67.5814	68.0445	68.5207	68.9019	69.3263	69.7848	70.2408	70.6405	71.0442	71.5056	71.9083	72.2981	72.7347
50	Bangladesh	75.1865	76.0893	76.6629	77.3264	78.0443	78.7358	79.3719	80.0313	80.657	81.2513	81.8605	82.4389	82.9484	83.4638	83.9634	84.4415
64	Bhutan	74.571	74.6296	75.2295	75.8996	76.5745	77.2355	77.919	78.5399	79.14	79.6948	80.3026	80.8336	81.3765	81.8666	82.4086	82.8571
356	India	72.248	73.0972	73.6085	74.2062	74.8598	75.4711	76.0896	76.689	77.3031	77.8944	78.4749	78.9687	79.52	80.0402	80.5779	81.091
364	Iran (Islamic Republic of)	78.2047	79.079	79.413	79.8235	80.257	80.7455	81.2147	81.7227	82.2232	82.6878	83.1997	83.6528	84.0744	84.5061	84.9144	85.3643
462	Maldives	81.7838	82.4206	82.7386	83.1701	83.6259	84.026	84.4438	84.8969	85.3019	85.6603	86.0572	86.437	86.7969	87.1864	87.5636	87.9279
524	Nepal	71.1112	71.3219	71.8242	72.4519	73.0932	73.6997	74.3112	74.946	75.5211	76.1383	76.6135	77.1632	77.7063	78.2055	78.7739	79.264
586	Pakistan	69.3414	68.9944	68.8984	69.0743	69.3286	69.6323	69.8841	70.222	70.5694	70.9646	71.3545	71.8062	72.2806	72.7776	73.2675	73.7006
144	Sri Lanka	80.1418	79.9624	80.0706	80.3429	80.7192	81.1205	81.5063	81.9804	82.441	82.8756	83.3396	83.7806	84.1981	84.6273	85.0205	85.4759
920	South-Eastern Asia	74.387	75.0524	75.4796	76.003	76.5196	76.9812	77.385	77.9044	78.3828	78.8051	79.1945	79.6156	80.2072	80.7595	81.2438	81.701
96	Brunei Darussalam	76.709	76.8054	76.9613	77.281	77.6605	78.0581	78.5085	78.9222	79.3885	79.8441	80.2898	80.6689	81.2055	81.6974	82.1998	82.6074
116	Cambodia	72.628	72.2163	72.2339	72.3795	72.6005	72.9194	73.1612	73.485	73.8199	74.1346	74.5713	74.9545	75.3433	75.7057	76.1302	76.5777
360	Indonesia	72.0203	72.3252	72.4064	72.6687	73.0189	73.4119	73.8276	74.2162	74.6051	75.0166	75.4624	75.8806	76.31	76.7846	77.2411	77.7239
418	Lao People's Democratic Republic	70.7537	70.6282	71.0133	71.5178	72.0729	72.5661	73.0539	73.5175	73.9669	74.4325	74.9321	75.4068	75.8492	76.2752	76.8041	77.2442
458	Malaysia	78.3833	78.6648	78.7797	79.0771	79.4464	79.7976	80.1903	80.6841	81.124	81.5664	81.9829	82.3961	82.8024	83.2443	83.687	84.1
104	Myanmar	69.5893	69.2619	69.4176	69.7117	70.1056	70.4669	70.9214	71.2914	71.6519	72.0585	72.5425	72.9892	73.4643	73.9329	74.3669	74.8287
608	Philippines	71.8876	71.7248	71.7021	71.8093	72.0467	72.3692	72.7728	73.1014	73.5483	73.9097	74.3569	74.7691	75.2399	75.727	76.2702	76.7564
702	Singapore	85.8788	85.6451	85.7182	85.9408	86.1702	86.4585	86.7954	87.165	87.4912	87.855	88.2132	88.5666	88.8812	89.2111	89.5937	90.0589
764	Thailand	80.8481	80.2824	80.449	80.7617	81.1723	81.5976	82.0511	82.4843	82.9183	83.354	83.7655	84.1967	84.5779	85.0288	85.4194	85.8158
626	Timor-Leste	68.8149	68.6076	68.8033	69.1686	69.5775	70.0065	70.4536	70.8661	71.2856	71.6986	72.123	72.5206	72.9558	73.4333	73.8804	74.2937
704	Viet Nam	79.0762	78.4121	78.4106	78.5432	78.7884	79.0496	79.4118	79.7388	80.1126	80.4724	80.8986	81.3702	81.8286	82.3146	82.7988	83.267
922	Western Asia	77.4682	78.2786	78.7029	79.1264	79.5685	79.9961	80.3533	80.8082	81.2114	81.6561	82.1051	82.5205	82.8877	83.2996	83.7419	84.0933
51	Armenia	78.1385	78.6624	78.693	78.8991	79.1826	79.5467	79.8863	80.2962	80.6643	81.0421	81.4835	81.8893	82.2845	82.7105	83.1716	83.5959
31	Azerbaijan	75.845	76.3036	76.3942	76.6491	76.954	77.3103	77.672	78.0851	78.4995	78.9995	79.4253	79.8709	80.3214	80.7706	81.1804	81.6247
48	Bahrain	81.0886	81.3572	81.476	81.7351	82.0568	82.4418	82.7981	83.1693	83.5325	83.9733	84.3389	84.7356	85.1323	85.5228	85.9268	86.2776
196	Cyprus	83.182	83.0982	83.2216	83.435	83.7321	84.0458	84.4048	84.7331	85.1081	85.4712	85.8378	86.2102	86.6282	86.9947	87.3506	87.7274
268	Georgia	78.1622	78.242	78.258	78.4281	78.6768	78.9903	79.3141	79.6664	80.0487	80.4452	80.8198	81.1909	81.5873	81.9782	82.4247	82.8181
368	Iraq	73.2857	72.9548	72.8549	72.9535	73.1755	73.4009	73.7635	74.1101	74.4887	74.8339	75.1716	75.4911	75.8606	76.3087	76.6652	77.062
376	Israel	84.4816	83.9776	84.039	84.1995	84.4741	84.7603	85.076	85.4095	85.7485	86.0882	86.4291	86.7575	87.1071	87.4886	87.8804	88.2724
400	Jordan	78.9875	79.4657	79.5341	79.7452	80.0594	80.4412	80.8372	81.235	81.6702	82.0192	82.4321	82.8462	83.2216	83.6402	84.0819	84.5417
414	Kuwait	80.8737	81.2739	81.4541	81.807	82.1599	82.5834	83.0009	83.4073	83.8308	84.2254	84.6118	85.0553	85.4543	85.8253	86.2452	86.6375
422	Lebanon	78.8034	78.9504	78.9583	79.1617	79.3936	79.6891	79.9778	80.3281	80.6881	81.0593	81.4535	81.8781	82.285	82.7094	83.0625	83.4688
512	Oman	80.2298	81.3758	81.5935	81.9265	82.3269	82.7454	83.1436	83.5441	83.9527	84.3197	84.6998	85.1284	85.4416	85.8255	86.241	86.6152
634	Qatar	82.7654	82.7327	82.7755	82.9391	83.1814	83.5067	83.7977	84.1312	84.4576	84.7849	85.1674	85.4727	85.8238	86.2166	86.5539	86.9172
682	Saudi Arabia	80.4647	80.6519	80.9092	81.3238	81.7505	82.1776	82.6772	83.1631	83.6245	84.0673	84.5065	84.9202	85.3949	85.8145	86.2353	86.672
275	State of Palestine	75.3729	78.1615	78.6085	78.8872	79.2292	79.5761	80.0107	80.3769	80.8108	81.2399	81.6961	82.0801	82.4847	82.8948	83.2947	83.6762
760	Syrian Arab Republic	74.475	74.3585	74.6134	74.956	75.3657	75.7171	76.162	76.574	76.9665	77.4016	77.8222	78.3405	78.7888	79.23	79.7114	80.1076
792	Türkiye	79.7652	80.0816	80.3259	80.6353	81.0056	81.3878	81.7582	82.1104	82.5392	82.9037	83.311	83.7372	84.1014	84.4812	84.8726	85.2693
784	United Arab Emirates	82.9931	83.5922	83.6591	83.8575	84.1266	84.4583	84.797	85.1149	85.4029	85.7517	86.086	86.4105	86.7892	87.164	87.4886	87.8451
887	Yemen	70.3622	70.3152	70.2829	70.4572	70.7141	71.0565	71.4325	71.7679	72.0775	72.3889	72.7857	73.1504	73.4906	73.8892	74.319	74.6402
908	Europe	81.7425	82.7052	83.1697	83.663	84.2158	84.761	85.2549	85.7425	86.2044	86.7194	87.2952	87.8263	88.3432	88.8212	89.2903	89.8207
923	Eastern Europe	78.452	79.493	79.8077	80.1905	80.5987	81.0425	81.5636	82.0607	82.4948	82.9394	83.3515	83.8434	84.2988	84.7946	85.2505	85.6358
112	Belarus	78.3329	78.3303	78.4074	78.7059	79.0231	79.4268	79.8335	80.2603	80.6576	81.0919	81.5	81.9298	82.3961	82.8308	83.2576	83.6676
100	Bulgaria	77.7419	78.4653	78.5779	78.8233	79.1581	79.4709	79.8445	80.2781	80.6823	81.0854	81.4972	81.9447	82.3713	82.7596	83.1445	83.5157
203	Czechia	81.8207	81.9051	81.9152	82.0269	82.2472	82.5214	82.8211	83.1648	83.5313	83.8651	84.2047	84.5518	84.914	85.2858	85.676	86.0673
348	Hungary	79.2535	79.4626	79.5887	79.8412	80.1544	80.5401	80.9671	81.372	81.819	82.3123	82.7484	83.2264	83.6337	84.128	84.5793	84.9816
616	Poland	81.4246	81.7262	81.8006	82.0112	82.3404	82.6927	83.0832	83.4299	83.8202	84.152	84.5249	84.9099	85.2825	85.6556	86.0396	86.4187
498	Republic of Moldova	74.8462	74.5221	74.4541	74.5828	74.8147	75.0609	75.3658	75.6795	76.0087	76.3851	76.7525	77.1185	77.5438	77.9987	78.437	78.7922
642	Romania	78.5006	78.7511	78.7852	78.9715	79.271	79.6104	79.9514	80.3183	80.7235	81.1665	81.5695	82.0621	82.4667	82.9097	83.4189	83.8265
643	Russian Federation	77.3581	78.2444	78.3002	78.5509	78.8326	79.1784	79.5494	79.9109	80.31	80.7277	81.1128	81.5115	81.9133	82.3399	82.8137	83.2384
703	Slovakia	80.3772	80.9344	81.082	81.3212	81.6116	81.981	82.3521	82.7542	83.143	83.5425	83.8943	84.2835	84.6569	85.0378	85.4416	85.868
804	Ukraine	78.2307	77.897	78.0615	78.2865	78.6131	78.977	79.3289	79.7317	80.087	80.4948	80.9948	81.397	81.7866	82.2645	82.6613	83.0351
924	Northern Europe	83.1477	83.2494	83.5059	83.8202	84.1785	84.55	84.9692	85.3751	85.8035	86.1983	86.6651	87.0992	87.5714	87.9383	88.3812	88.7933
208	Denmark	83.4359	83.2382	83.2744	83.4668	83.6892	83.9501	84.2683	84.6027	84.9357	85.2553	85.5786	85.9133	86.2796	86.6865	87.0642	87.4142
233	Estonia	82.4875	82.4038	82.4812	82.6792	82.9905	83.3062	83.6448	83.9687	84.33	84.6967	85.0466	85.4263	85.877	86.2659	86.6187	87.0255
234	Faroe Islands	82.1045	82.0705	82.374	82.7725	83.1951	83.6345	84.076	84.5334	85.0178	85.4764	85.9531	86.3935	86.8653	87.3349	87.7459	88.1266
246	Finland	84.3914	84.092	84.1734	84.4022	84.6616	84.9449	85.2704	85.5797	85.9323	86.2355	86.5919	86.9643	87.3366	87.735	88.104	88.5315
831	Guernsey	85.1005	84.9419	84.9775	85.1558	85.3745	85.63	85.9505	86.2287	86.4809	86.8051	87.1201	87.4408	87.7933	88.0964	88.4068	88.7536
352	Iceland	84.1467	83.618	83.63	83.8193	84.1129	84.3958	84.6988	85.008	85.408	85.8453	86.1844	86.5868	86.9661	87.3012	87.7082	88.0867
372	Ireland	84.1036	83.9095	84.0098	84.241	84.4838	84.7474	85.0863	85.4538	85.7671	86.1127	86.4135	86.8031	87.2031	87.5968	87.9074	88.2836
833	Isle of Man	82.8322	82.457	82.4693	82.6798	82.9203	83.2238	83.5124	83.8548	84.2028	84.5476	84.9279	85.2921	85.6329	85.975	86.3557	86.7588
832	Jersey	81.5769	81.0963	81.1966	81.4446	81.7528	82.1314	82.5011	82.9296	83.3259	83.7442	84.1238	84.5094	84.9076	85.3186	85.7705	86.2272
428	Latvia	79.5516	79.7	79.7012	79.8931	80.112	80.4235	80.7437	81.0773	81.4565	81.8524	82.2375	82.6415	82.9887	83.3138	83.7195	84.1365
440	Lithuania	79.8636	79.9116	79.9565	80.1336	80.3685	80.6584	80.9798	81.4166	81.782	82.1658	82.5229	82.9278	83.3411	83.7244	84.1046	84.5082
578	Norway	84.5861	84.2355	84.2893	84.4369	84.6613	84.9453	85.2013	85.5261	85.8492	86.1773	86.5434	86.8597	87.2313	87.5985	88.0088	88.423
752	Sweden	84.7523	84.49	84.536	84.7245	84.9771	85.2394	85.5409	85.865	86.161	86.5045	86.9012	87.2804	87.6173	88.016	88.3795	88.7903
826	United Kingdom	82.8401	82.5772	82.6239	82.7937	83.0684	83.4056	83.7376	84.0355	84.3659	84.7087	85.0388	85.4231	85.8145	86.1698	86.5468	86.8934
925	Southern Europe	84.3578	84.987	85.3932	85.8423	86.3384	86.8058	87.2596	87.7182	88.2219	88.7267	89.1278	89.6115	90.0522	90.5123	91.0418	91.6079
8	Albania	80.5587	80.8604	81.0239	81.3378	81.7124	82.1038	82.5317	82.9736	83.3865	83.7828	84.1391	84.5385	84.9532	85.3166	85.7093	86.0853
20	Andorra	85.4623	85.5405	85.6127	85.8308	86.0941	86.4127	86.7706	87.097	87.4302	87.7836	88.1251	88.4766	88.8145	89.2175	89.569	89.8846
70	Bosnia and Herzegovina	79.9036	80.3144	80.4699	80.7721	81.1102	81.5066	81.9309	82.3781	82.7989	83.23	83.6372	84.0379	84.4728	84.9005	85.2569	85.657
191	Croatia	81.0985	81.032	81.1441	81.3703	81.6944	82.0553	82.4183	82.8104	83.2073	83.5765	83.9305	84.2985	84.7325	85.1285	85.5136	85.9401
292	Gibraltar	85.2987	85.5438	85.6172	85.8079	86.0888	86.3512	86.6214	86.9566	87.2957	87.6723	88.0321	88.3571	88.7104	89.0507	89.4257	89.8031
300	Greece	83.6857	83.8145	83.9833	84.239	84.5304	84.8292	85.1326	85.5056	85.9003	86.2866	86.6707	87.03	87.4053	87.7561	88.1365	88.5069
380	Italy	85.0879	85.195	85.272	85.5019	85.7915	86.1135	86.4346	86.7547	87.0802	87.4865	87.9057	88.3104	88.6415	88.9887	89.3602	89.7372
412	Kosovo (under UNSC res. 1244)	78.9104	79.5251	79.6953	80.0201	80.3959	80.8407	81.2301	81.6572	82.0488	82.4967	82.9516	83.3454	83.718	84.0518	84.4482	84.8088
470	Malta	84.6497	84.6883	84.7616	84.9484	85.1818	85.4873	85.8056	86.1374	86.4523	86.8233	87.1874	87.5773	87.9486	88.3027	88.6973	89.0875
499	Montenegro	79.2201	79.6297	79.7362	80.0115	80.3267	80.668	81.0808	81.5459	81.9571	82.3673	82.8385	83.2624	83.6894	84.068	84.4552	84.8431
807	North Macedonia	78.2916	78.7712	78.7589	78.9056	79.1741	79.4713	79.7755	80.102	80.456	80.8601	81.2995	81.7239	82.1593	82.6347	83.0173	83.4014
620	Portugal	84.5332	84.5593	84.6422	84.8607	85.1581	85.4833	85.8016	86.1249	86.4884	86.8444	87.2043	87.5764	87.9302	88.3383	88.6987	89.1068
674	San Marino	86.3683	86.4521	86.5096	86.6751	86.8991	87.1462	87.4478	87.7456	88.0717	88.3934	88.7265	89.0866	89.3854	89.7363	90.1222	90.4942
688	Serbia	78.7403	79.3786	79.5143	79.8222	80.1828	80.6385	81.0841	81.5704	82.0371	82.549	83.0316	83.4989	83.9542	84.3996	84.8453	85.3021
705	Slovenia	83.7368	83.7413	83.8111	84.0283	84.3098	84.5823	84.9242	85.2563	85.5924	85.9381	86.2989	86.6995	87.0888	87.4806	87.8773	88.2462
724	Spain	85.7304	85.7783	85.8991	86.1241	86.4014	86.7201	87.0538	87.442	87.8219	88.2116	88.563	88.9345	89.3746	89.7574	90.1191	90.5191
926	Western Europe	84.3023	84.527	84.8169	85.2024	85.5973	86.0234	86.4339	86.8507	87.3129	87.7494	88.2128	88.6371	89.0304	89.5338	89.9413	90.4064
40	Austria	84.1011	83.7658	83.8598	84.1007	84.368	84.6803	85.0068	85.3581	85.7024	86.0485	86.4247	86.8411	87.2145	87.635	88.0294	88.3849
56	Belgium	83.8634	83.7422	83.8148	84.0095	84.2673	84.5218	84.84	85.1242	85.4546	85.8076	86.1839	86.5853	86.9925	87.3486	87.6864	88.0401
250	France	85.5909	85.4604	85.4918	85.6648	85.8911	86.1821	86.4835	86.81	87.1229	87.4863	87.8024	88.1472	88.498	88.8415	89.2159	89.6108
276	Germany	83.4512	83.1515	83.2269	83.3955	83.6397	83.9209	84.2775	84.5637	84.8495	85.2033	85.5841	85.9922	86.3525	86.7064	87.0487	87.38
438	Liechtenstein	84.9248	84.7701	84.8886	85.1001	85.3782	85.6991	86.0633	86.436	86.7924	87.2106	87.6194	88.0346	88.4354	88.7921	89.1842	89.6165
442	Luxembourg	83.5155	83.1941	83.2073	83.3719	83.6206	83.882	84.1183	84.4174	84.7882	85.0874	85.4226	85.7646	86.1726	86.5306	86.8623	87.1973
492	Monaco	87.9785	87.862	87.8712	88.019	88.2225	88.4792	88.747	89.004	89.3111	89.6996	90.0574	90.4012	90.7069	91.0568	91.445	91.7837
528	Netherlands	83.3429	83.121	83.1838	83.3839	83.647	83.9233	84.278	84.5797	84.9697	85.3517	85.6911	86.0409	86.4593	86.8901	87.3131	87.7292
756	Switzerland	85.4827	85.2406	85.2927	85.4844	85.7438	86.0247	86.3485	86.6856	87.0437	87.3728	87.7371	88.0481	88.4419	88.8502	89.2524	89.6353
5505	Americas	79.0994	80.1554	80.5593	81.0096	81.4483	81.939	82.4383	82.8851	83.3977	83.9156	84.3921	84.8542	85.3452	85.8459	86.3608	86.796
904	Latin America and the Caribbean	77.5637	78.7639	79.2541	79.8011	80.3241	80.8302	81.3517	81.8587	82.3847	82.8864	83.4238	83.9293	84.3916	84.8629	85.3604	85.8151
915	Caribbean	75.5524	76.152	76.3703	76.6813	76.9426	77.1481	77.3758	77.4546	77.6896	77.954	78.2661	78.5213	78.7089	79.0119	79.2281	79.5439
660	Anguilla	82.3136	82.0401	82.119	82.3528	82.6479	82.983	83.3414	83.6814	84.07	84.4425	84.8131	85.2069	85.5937	85.9601	86.3478	86.7277
28	Antigua and Barbuda	79.9524	79.6394	79.791	80.1054	80.4481	80.8388	81.2864	81.7345	82.1393	82.5637	83.0118	83.416	83.8	84.2301	84.6306	85.0246
533	Aruba	78.0696	77.9971	78.0548	78.2597	78.5371	78.9079	79.3209	79.7076	80.1082	80.5179	80.9388	81.3095	81.7302	82.1525	82.5629	82.981
44	Bahamas	77.0375	77.3367	77.343	77.528	77.8044	78.1032	78.4026	78.8025	79.1955	79.5801	79.9467	80.3368	80.7077	81.1411	81.5617	81.9617
52	Barbados	78.3962	77.857	77.9297	78.1816	78.5139	78.8338	79.2504	79.6904	80.0909	80.5144	80.9095	81.358	81.8103	82.2115	82.6292	83.0359
535	Bonaire, Sint Eustatius and Saba	80.204	79.4613	79.5274	79.7882	80.1398	80.511	80.8638	81.1899	81.5939	82.0394	82.4208	82.8158	83.2578	83.624	84.0285	84.3857
92	British Virgin Islands	79.4746	79.3164	79.4146	79.6294	79.9146	80.2458	80.6082	81.0128	81.3853	81.8071	82.1921	82.6052	83.0363	83.3923	83.759	84.198
136	Cayman Islands	82.3613	82.2926	82.4291	82.6744	82.9903	83.3358	83.7047	84.0859	84.4561	84.8293	85.2048	85.6161	86.0152	86.3891	86.8049	87.2041
192	Cuba	79.3088	79.9109	80.0867	80.3951	80.7491	81.1774	81.5831	82.0044	82.4391	82.8919	83.3009	83.6803	84.1215	84.5333	84.9468	85.3636
531	Curaçao	80.4051	80.1005	80.1215	80.349	80.6046	80.9205	81.2427	81.5808	81.9742	82.4137	82.8282	83.2346	83.6229	84.0439	84.4327	84.7773
212	Dominica	74.0523	73.6837	73.8261	74.1616	74.5566	74.9234	75.3882	75.7768	76.1605	76.6737	77.0432	77.4549	77.9194	78.3298	78.7667	79.209
214	Dominican Republic	76.629	75.981	75.857	75.9145	76.0861	76.2981	76.5549	76.782	77.0395	77.4	77.6693	78.0104	78.34	78.6943	79.026	79.3974
308	Grenada	77.9763	77.5334	77.5381	77.7512	78.0525	78.364	78.6953	79.0664	79.4508	79.8225	80.196	80.613	81.058	81.5162	81.9455	82.3942
312	Guadeloupe	84.528	84.8982	84.9099	85.0963	85.3212	85.5876	85.8706	86.1688	86.4941	86.8313	87.1742	87.511	87.8217	88.163	88.4965	88.8573
332	Haiti	67.2134	67.1575	67.1028	67.1933	67.3738	67.6211	67.967	68.2516	68.5263	68.757	69.0913	69.4137	69.779	70.1567	70.5454	70.9336
388	Jamaica	73.2718	73.0025	72.9937	73.2096	73.4781	73.8214	74.1436	74.5014	74.9093	75.2901	75.653	76.1256	76.5169	76.9652	77.3787	77.8151
474	Martinique	83.9223	84.9871	85.0044	85.1793	85.3999	85.6624	85.9392	86.2372	86.5233	86.85	87.1879	87.5561	87.9224	88.2307	88.5829	88.9642
500	Montserrat	78.49	78.0297	78.0903	78.2753	78.5766	78.9246	79.2988	79.6648	80.0621	80.475	80.9032	81.2884	81.7264	82.1533	82.5818	82.9937
630	Puerto Rico	84.3593	84.6765	84.7824	84.9976	85.2454	85.5651	85.8848	86.2495	86.5921	86.9719	87.3524	87.7324	88.087	88.4735	88.8007	89.1786
652	Saint Barthélemy	86.7997	86.1711	86.1877	86.3047	86.4872	86.7532	87.0075	87.273	87.5448	87.8788	88.211	88.5433	88.839	89.1928	89.5525	89.8762
659	Saint Kitts and Nevis	74.8164	75.0491	75.0011	75.1654	75.3997	75.6762	76.0257	76.3514	76.7064	77.1434	77.5042	77.8441	78.2215	78.6599	79.0773	79.4615
662	Saint Lucia	75.4202	75.4119	75.4183	75.6267	75.8924	76.219	76.6112	77.0581	77.4497	77.7847	78.211	78.6108	79.0345	79.4174	79.9029	80.3327
663	Saint Martin (French part)	83.7232	83.2684	83.3101	83.4846	83.7611	84.0149	84.3522	84.6681	85.0468	85.4073	85.7383	86.1198	86.4668	86.8123	87.1863	87.5786
670	Saint Vincent and the Grenadines	73.8142	73.3423	73.3744	73.5409	73.8577	74.1995	74.5454	74.9533	75.3839	75.8017	76.1934	76.5829	76.976	77.4313	77.8265	78.2624
534	Sint Maarten (Dutch part)	78.8315	78.7368	78.7234	78.8549	79.1429	79.4307	79.7925	80.0864	80.4691	80.9072	81.3612	81.7291	82.1373	82.5916	83.0479	83.48
780	Trinidad and Tobago	75.9479	75.7614	75.7265	75.898	76.1133	76.4156	76.7754	77.1645	77.5159	77.8932	78.2906	78.7311	79.1746	79.5581	79.9508	80.3166
796	Turks and Caicos Islands	79.9599	79.6026	79.7088	79.9981	80.2915	80.6765	81.0642	81.4961	81.8719	82.3147	82.7232	83.139	83.5528	83.9207	84.3579	84.7379
850	United States Virgin Islands	80.9189	80.6562	80.6975	80.8777	81.2189	81.5897	81.9527	82.3854	82.7932	83.2281	83.6384	84.0757	84.5105	84.9267	85.3204	85.7492
916	Central America	76.2598	77.3416	77.675	78.1435	78.6157	79.1544	79.7021	80.2362	80.689	81.1748	81.6142	82.1231	82.6221	83.0657	83.5673	84.1111
84	Belize	75.3012	75.7082	75.7837	76.0908	76.5111	76.9228	77.3403	77.8026	78.336	78.8088	79.2956	79.7261	80.2369	80.7454	81.2313	81.7271
188	Costa Rica	82.5437	82.9367	83.1262	83.4444	83.8131	84.2035	84.6089	85.024	85.413	85.8053	86.1985	86.6405	87.0471	87.4023	87.8068	88.1932
222	El Salvador	75.5364	75.6818	75.9878	76.4668	76.969	77.4687	78.0087	78.551	79.0845	79.6361	80.1494	80.6397	81.1717	81.6784	82.1219	82.646
320	Guatemala	73.5082	73.9877	74.0634	74.344	74.6367	74.9106	75.2255	75.6272	75.98	76.3739	76.7341	77.1288	77.4858	77.9073	78.307	78.7427
340	Honduras	74.4585	74.6875	74.8128	75.1278	75.5248	75.9484	76.3829	76.8762	77.3331	77.8055	78.2361	78.7533	79.2514	79.6976	80.1982	80.6597
484	Mexico	76.2273	77.1616	77.3741	77.7486	78.216	78.6362	79.1256	79.5915	80.0467	80.5017	80.9179	81.394	81.8236	82.2923	82.7419	83.1516
558	Nicaragua	76.024	76.6209	76.7438	77.0111	77.325	77.7272	78.1198	78.5216	78.9575	79.3629	79.7616	80.1671	80.5882	81.041	81.4428	81.8429
591	Panama	81.6473	81.9929	82.1289	82.3902	82.7217	83.0683	83.4417	83.821	84.1852	84.5568	84.9902	85.3293	85.7238	86.122	86.5117	86.9173
931	South America	78.1581	79.0948	79.4825	79.9959	80.3997	80.8622	81.318	81.88	82.3516	82.8826	83.3992	83.8919	84.3483	84.8373	85.3646	85.8869
32	Argentina	78.6858	79.1213	79.1853	79.3832	79.6722	80.0786	80.4455	80.8113	81.2398	81.5946	82.0303	82.463	82.8686	83.2789	83.6861	84.0866
68	Bolivia (Plurinational State of)	69.1922	70.145	70.232	70.4413	70.7446	71.1498	71.564	71.999	72.4536	72.848	73.2248	73.7457	74.2271	74.6701	75.0727	75.5332
76	Brazil	77.9877	78.2808	78.4186	78.7156	79.0074	79.3347	79.7485	80.1426	80.5493	80.9381	81.33	81.7879	82.1854	82.5777	83.0174	83.4666
152	Chile	82.2238	82.5649	82.7187	83.0333	83.3981	83.7756	84.1534	84.5562	84.9237	85.3019	85.6773	86.072	86.467	86.8619	87.2419	87.6158
170	Colombia	79.0717	79.8085	80.0003	80.3449	80.7584	81.1734	81.5737	81.9975	82.4708	82.8998	83.3621	83.7781	84.176	84.5901	84.9875	85.3572
218	Ecuador	78.6119	79.5236	79.6804	79.9977	80.331	80.6924	81.1093	81.512	81.9366	82.325	82.7114	83.0733	83.4532	83.7952	84.1986	84.5506
238	Falkland Islands (Malvinas)	80.9964	80.7298	80.9909	81.3627	81.7489	82.1745	82.6599	83.0799	83.4794	83.8472	84.1999	84.5701	84.9482	85.331	85.7083	86.0965
254	French Guiana	79.4082	79.3132	79.4197	79.6784	80.0295	80.4157	80.7922	81.1932	81.6066	82.1131	82.5215	82.9472	83.3959	83.8199	84.2502	84.6726
328	Guyana	72.2804	72.8668	72.77	72.8718	73.089	73.3608	73.6476	73.8854	74.2372	74.5735	74.9421	75.2814	75.6586	76.0155	76.408	76.8405
600	Paraguay	75.2528	76.0085	75.9615	76.1375	76.4017	76.6865	77.0085	77.3663	77.7834	78.1862	78.5363	78.8837	79.2865	79.6717	80.0496	80.484
604	Peru	78.4122	79.5003	79.6798	80.0084	80.3364	80.7303	81.1505	81.5544	81.9687	82.3619	82.7831	83.1514	83.5217	83.878	84.2839	84.6336
740	Suriname	75.5839	75.9302	75.9049	76.1306	76.4092	76.7115	77.0355	77.3963	77.7576	78.1326	78.5232	78.9569	79.383	79.7692	80.2356	80.677
858	Uruguay	80.9935	81.2281	81.2544	81.4521	81.7378	82.0481	82.3722	82.7711	83.1067	83.5066	83.8762	84.2597	84.6072	84.9359	85.3328	85.7479
862	Venezuela (Bolivarian Republic of)	76.1393	75.6635	75.7835	76.0489	76.3703	76.7925	77.213	77.6506	77.9886	78.4342	78.9111	79.3792	79.8157	80.2252	80.6893	81.1304
905	Northern America	81.172	81.5615	81.6638	81.8445	82.1319	82.578	83.0162	83.4107	83.7523	84.1524	84.4346	84.8374	85.2752	85.6862	86.2096	86.6001
60	Bermuda	85.4495	85.1853	85.2687	85.506	85.7778	86.069	86.3694	86.6775	87.0356	87.4213	87.8022	88.2176	88.5938	89.0065	89.3913	89.7835
124	Canada	84.3569	84.1988	84.2516	84.437	84.7259	84.9846	85.2865	85.6557	86.0128	86.3786	86.7181	87.1149	87.4432	87.7995	88.2167	88.5705
304	Greenland	72.1998	71.3265	71.2681	71.4089	71.6639	72.0302	72.3326	72.6758	73.079	73.5071	73.8713	74.183	74.5004	74.8632	75.2878	75.6739
666	Saint Pierre and Miquelon	81.3228	80.7694	80.763	80.9712	81.2046	81.511	81.8743	82.2136	82.5703	82.9113	83.2882	83.6214	83.9994	84.3557	84.7397	85.1492
840	United States of America	80.797	81.1707	81.2261	81.4311	81.6336	81.9728	82.3293	82.7298	83.1252	83.4407	83.7858	84.1457	84.5311	84.9331	85.3217	85.7313
909	Oceania	81.1042	81.0305	81.0059	81.163	81.3124	81.5308	81.7313	81.9067	82.1473	82.4359	82.7291	83.0221	83.217	83.6226	83.8993	84.2641
927	Australia/New Zealand	85.0843	84.9398	85.0474	85.2804	85.5689	85.8628	86.2352	86.6347	87.0389	87.3777	87.6863	88.0734	88.3889	88.7533	89.2166	89.5325
36	Australia	85.3635	85.1194	85.1657	85.3537	85.5828	85.8228	86.1104	86.4234	86.7581	87.0964	87.4245	87.8028	88.1476	88.4646	88.7973	89.119
554	New Zealand	83.5119	83.1283	83.1508	83.3033	83.5647	83.824	84.1173	84.3927	84.6879	85.002	85.3475	85.6823	86.0473	86.3993	86.7731	87.1186
928	Melanesia	68.9554	68.7766	68.7407	68.8272	68.9462	69.038	69.0952	69.2568	69.6006	69.9233	70.0906	70.3137	70.5606	70.9281	71.3172	71.8338
242	Fiji	68.6151	68.327	68.3477	68.561	68.9127	69.2144	69.6365	69.9773	70.3708	70.8254	71.2252	71.6791	72.1778	72.6375	73.0485	73.4419
540	New Caledonia	80.573	80.5611	80.6174	80.8128	81.0824	81.4121	81.7605	82.0681	82.4079	82.771	83.1679	83.568	83.9343	84.3293	84.694	85.0497
598	Papua New Guinea	68.27	67.7586	67.5376	67.5002	67.5338	67.6287	67.767	67.9538	68.158	68.3702	68.6398	68.8826	69.079	69.3461	69.7	70.0797
90	Solomon Islands	71.3034	71.0225	71.1479	71.3944	71.7484	72.1808	72.6311	73.0552	73.4375	73.82	74.3231	74.7425	75.1812	75.6775	76.1097	76.5357
548	Vanuatu	73.3272	73.155	73.2801	73.6137	74.0434	74.4531	74.8357	75.3014	75.7935	76.2669	76.7174	77.1814	77.6624	78.0489	78.5228	79.0197
954	Micronesia	73.8074	74.2989	74.6224	74.9665	75.3204	75.5495	75.835	76.1549	76.3742	76.5978	76.9393	77.3215	77.6677	78.1562	78.4877	78.8529
316	Guam	80.7659	80.7821	80.883	81.1324	81.452	81.7946	82.1449	82.5564	82.9876	83.3656	83.7414	84.1672	84.5536	84.9804	85.3931	85.7577
296	Kiribati	67.2899	66.9775	66.8962	67.0188	67.2338	67.4605	67.7389	68.1085	68.4273	68.6987	69.0094	69.3207	69.699	70.0385	70.4069	70.7821
584	Marshall Islands	68.6063	68.1421	67.9618	67.9689	68.1018	68.3598	68.6402	68.8873	69.2176	69.4906	69.8584	70.1648	70.5156	70.8694	71.2773	71.6426
583	Micronesia (Fed. States of)	70.3947	69.9889	69.8959	70.0472	70.2976	70.5065	70.8447	71.2147	71.5662	71.9102	72.27	72.6394	73.0321	73.4536	73.8733	74.318
520	Nauru	63.6357	62.846	62.7998	63.0116	63.3819	63.7037	64.1021	64.497	64.9002	65.3513	65.7909	66.2124	66.6113	67.049	67.439	67.8303
580	Northern Mariana Islands	80.3155	79.9952	80.0275	80.202	80.4985	80.8126	81.1667	81.5228	81.9363	82.3606	82.7521	83.1314	83.5368	83.9322	84.3315	84.6242
585	Palau	71.4431	70.6777	70.5621	70.6575	70.8555	71.1118	71.4234	71.7383	72.0785	72.3988	72.7602	73.1078	73.4603	73.8736	74.2378	74.5803
957	Polynesia	79.008	79.6953	80.2151	80.7245	81.1751	81.5813	81.9288	82.2329	82.5151	82.8574	83.1205	83.3261	83.2793	83.4112	83.4774	83.5681
16	American Samoa	75.6005	74.9089	74.8606	75.0672	75.3756	75.7176	76.1061	76.4296	76.8228	77.235	77.6195	78.0809	78.5072	78.894	79.3537	79.8011
184	Cook Islands	78.6186	78.289	78.3383	78.5715	78.8654	79.2002	79.5615	79.9651	80.3858	80.7877	81.2165	81.6569	82.1321	82.5327	82.9364	83.3551
258	French Polynesia	85.3492	85.8979	85.9623	86.1352	86.3192	86.6052	86.9031	87.1574	87.4799	87.7676	88.0908	88.4266	88.7439	89.076	89.471	89.8084
570	Niue	72.3407	71.6627	71.6811	71.8587	72.135	72.4655	72.8364	73.2037	73.5662	73.9714	74.3782	74.7288	75.1945	75.6012	76.002	76.4065
882	Samoa	73.2035	72.6603	72.6841	72.8656	73.1439	73.4801	73.81	74.1782	74.5834	75.0035	75.3964	75.8687	76.2293	76.5959	77.0041	77.4704
772	Tokelau	78.5927	78.0175	77.981	78.1387	78.3539	78.6295	78.9341	79.2591	79.5723	79.9474	80.3143	80.6708	81.0491	81.4404	81.851	82.2518
776	Tonga	75.9843	75.4891	75.4406	75.5752	75.8285	76.1592	76.5171	76.9079	77.2638	77.7229	78.1349	78.5134	78.9571	79.3633	79.7763	80.1865
798	Tuvalu	70.1065	69.6001	69.574	69.7052	69.9286	70.2806	70.6307	70.9616	71.3482	71.6827	72.0338	72.4425	72.8967	73.2532	73.6372	74.087
876	Wallis and Futuna Islands	79.1584	78.842	78.8288	79.0192	79.2556	79.5981	79.8962	80.2537	80.581	80.914	81.275	81.6229	82.0528	82.4923	82.8588	83.2605
