country_code	country	1950-1955	1955-1960	1960-1965	1965-1970	1970-1975	1975-1980	1980-1985	1985-1990	1990-1995	1995-2000	2000-2005	2005-2010	2010-2015	2015-2020	last.observed
900	World	46.6225	48.6227	50.6102	53.2837	55.1434	57.162	59.0116	60.8283	61.885	63.254	64.8662	66.6921	68.4502	69.6292	2023
1834	Sub-Saharan Africa	36.3889	37.8761	39.6539	40.9774	42.7947	44.9052	45.905	46.8385	46.7915	48.3863	50.8706	53.4888	56.1381	58.004	2023
1833	Northern Africa and Western Asia	40.249	43.0885	46.3308	49.2163	51.8606	54.9656	57.743	60.7022	63.1546	65.0752	66.628	68.1069	69.338	70.3293	2023
1831	Central and Southern Asia	42.0378	44.7751	46.7359	48.0892	49.44	52.6981	54.7773	56.9875	58.8256	60.6429	62.6248	64.4692	66.4742	68.2067	2023
1832	Eastern and South-Eastern Asia	44.1602	45.4968	47.9329	53.5646	57.104	59.8999	62.8284	64.8041	66.632	68.2467	69.8719	71.3727	72.6944	73.6638	2023
1830	Latin America and the Caribbean	48.232	51.2134	53.7741	55.7588	57.7392	59.8164	61.6139	63.683	65.2219	67.0115	68.6469	70.0771	71.2319	71.7596	2023
1835	Oceania (excluding Australia and New Zealand)	41.8203	45.7751	48.7824	51.699	54.2035	56.6425	58.3791	59.6674	60.7697	61.5634	62.1033	62.6821	63.4746	64.2507	2023
1836	Australia/New Zealand	66.9538	67.7296	67.9703	67.7817	68.5483	70.0814	71.6241	72.832	74.5702	75.9269	77.6936	79.0575	80.2098	80.9327	2023
1829	Europe and Northern America	62.1306	65.1075	66.459	66.7714	67.214	67.7546	68.5466	69.7439	69.3506	70.2355	71.0087	72.715	74.5327	75.4367	2023
5502	Europe, Northern America, Australia, and New Zealand	62.2024	65.1497	66.4852	66.7905	67.2396	67.7965	68.6014	69.8007	69.4475	70.3431	71.137	72.8431	74.6542	75.5591	2023
901	More developed regions	62.0957	65.0632	66.5178	67.0109	67.6054	68.305	69.1627	70.3811	70.1515	71.0652	71.8953	73.5206	75.2297	76.1429	2023
902	Less developed regions	42.0804	44.1187	46.3881	49.908	52.2642	54.7211	56.9003	58.8877	60.3578	61.8967	63.6488	65.3982	67.1078	68.3318	2023
941	Least developed countries	36.4288	38.4333	40.605	42.2709	41.5074	44.1464	46.2898	47.9667	49.0515	51.8358	54.8907	57.5458	59.963	61.7192	2023
934	Less developed regions, excluding least developed countries	42.9394	44.9612	47.2835	51.0918	54.0364	56.5666	58.8219	60.8765	62.4715	63.883	65.42	66.9947	68.5635	69.7423	2023
948	Less developed regions, excluding China	41.38	44.8022	46.9888	48.5823	50.2521	52.8019	54.9212	56.8228	58.1841	59.7499	61.5718	63.3917	65.2121	66.5512	2023
1636	Land-locked Developing Countries (LLDC)	38.0074	39.4785	41.8522	42.9744	43.9977	45.5246	46.0838	48.1245	48.2385	50.7077	53.6372	56.5177	59.784	61.3189	2023
2087	LLDC: Africa	35.2621	36.1341	38.5702	39.2524	39.9131	41.4274	41.8943	43.3657	42.7665	46.1028	49.7517	53.1878	57.074	58.9809	2023
2088	LLDC: Asia	40.7337	42.8626	45.0972	46.9812	48.7818	50.3713	51.4079	54.7994	56.4572	57.8473	60.0294	62.2172	64.6287	65.7535	2023
2089	LLDC: Europe	51.985	55.8158	58.0283	59.7102	61.1407	62.7569	63.9733	65.4906	64.8265	64.8782	65.9483	66.9453	68.2628	68.4923	2023
2090	LLDC: Latin America	44.2414	45.5181	47.0815	48.8753	50.6911	53.0062	55.2287	57.534	59.9851	62.0567	63.6707	65.1972	66.5231	66.5761	2023
1637	Small Island Developing States (SIDS)	48.628	51.9409	54.3374	56.6366	58.4952	59.2588	60.852	62.2891	63.6139	64.7339	66.4262	67.2059	68.2689	69.0273	2023
2091	SIDS Caribbean	50.7228	53.8127	56.1955	58.5136	60.3194	61.7206	62.9211	63.9769	64.8234	66.0539	67.4568	67.9336	68.775	69.4144	2023
2092	SIDS Pacific	39.7527	43.4254	46.3472	49.2653	51.2256	49.3799	52.6353	55.4006	58.6834	59.5852	61.7168	62.5157	63.4155	64.2666	2023
2093	SIDS Atlantic, Indian Ocean and South China Sea (AIS)	46.6764	50.8722	52.7998	54.2433	56.2349	57.3817	58.8548	60.6899	62.4523	63.6871	66.1219	68.5846	71.0203	72.6501	2023
5503	High-and-upper-middle-income countries	50.5702	51.9524	54.1496	57.8385	60.4101	62.5955	64.4988	66.2431	67.3827	68.9028	70.289	71.9209	73.4513	74.3886	2023
5504	Low-and-Lower-middle-income countries	40.5397	43.6072	45.6143	46.8797	48.1407	50.7613	52.9137	54.8014	56.0081	57.5751	59.5951	61.5371	63.4719	64.9767	2023
1503	High-income countries	61.7722	64.6169	65.9077	66.7587	67.8233	69.1024	70.3226	71.4149	72.392	73.7491	75.1774	76.4849	77.6441	78.1635	2023
1859	Low-and-middle-income countries	42.8559	44.8438	47.0487	50.316	52.4823	54.7446	56.7939	58.8123	59.8916	61.2861	62.9092	64.7773	66.6301	67.9383	2023
1517	Middle-income countries	43.5963	45.4076	47.6375	51.0556	53.3177	55.7041	57.999	60.0479	61.2035	62.5649	64.0585	65.8445	67.6694	68.9986	2023
1502	Upper-middle-income countries	45.1304	46.1491	48.6705	53.7707	57.0852	59.6074	61.8482	63.9799	65.1335	66.6834	67.9904	69.7117	71.3859	72.4947	2023
1501	Lower-middle-income countries	41.8067	44.6692	46.639	47.8788	49.1363	51.9674	54.5511	56.4398	57.7449	59.1517	60.9443	62.7278	64.6114	66.1538	2023
1500	Low-income countries	33.4178	37.2938	39.4648	40.9794	42.4073	43.9712	43.9253	45.9215	46.9269	49.7278	53.0757	55.981	58.3598	59.8978	2023
1518	No income group available	50.9868	54.6221	58.2414	61.6615	63.5284	64.9917	66.2526	67.8176	68.197	69.0315	68.4645	68.8693	68.8483	68.2804	2023
903	Africa	36.729	38.4847	40.5464	42.1017	43.986	46.376	47.9039	49.2823	49.5442	51.1096	53.3569	55.8017	58.2346	59.9607	2023
910	Eastern Africa	37.3032	38.6499	41.439	42.4178	43.2262	44.584	44.4723	45.543	44.7819	48.189	51.8958	55.5856	58.4156	60.5097	2023
108	Burundi	40.02	41.1657	41.861	41.691	35.4335	43.0018	45.4926	43.8109	40.9431	44.0586	48.5133	53.7351	57.2265	59.6765	2023
174	Comoros	35.68	37.9248	39.8957	42.2732	45.3074	48.1556	50.8217	53.4944	55.8428	56.9617	58.5901	60.2194	62.0368	63.4445	2023
262	Djibouti	39.6911	40.9947	42.6655	44.8083	47.3393	49.8771	51.4047	53.6147	52.9908	54.8754	55.9662	57.4166	59.6673	61.4584	2023
232	Eritrea	32.3465	32.0455	36.5198	37.8714	38.3601	40.1526	38.5919	42.8903	50.3646	47.3953	57.4108	60.4453	62.8047	64.5261	2023
231	Ethiopia	33.3027	32.8773	37.417	38.1853	37.5798	37.9605	36.9577	41.7001	46.3637	48.4046	51.6765	55.3466	59.4879	62.1273	2023
404	Kenya	37.9049	44.1479	48.9757	51.7414	53.7244	56.1099	58.2846	58.3076	55.3569	54.8555	56.3089	58.3452	59.926	60.5721	2023
450	Madagascar	39.4398	41.1301	43.2388	45.4374	47.5741	48.6753	48.703	49.7013	51.8537	55.0688	58.223	60.3493	61.5262	61.7871	2023
454	Malawi	31.3326	32.5031	33.7502	34.3691	36.5518	40.5004	42.7989	42.3036	42.0792	43.02	47.4058	53.3468	57.684	60.8691	2023
480	Mauritius	51.1798	54.4465	58.8449	60.3903	61.5886	61.5726	64.6411	65.886	66.8092	67.5643	69.1719	69.8849	71.1456	71.5499	2023
175	Mayotte	44.9779	49.5741	53.8336	59.262	64.0517	67.3321	68.8181	69.6804	72.6627	73.6489	74.4875	75.6888	76.0329	74.4281	2023
508	Mozambique	36.6586	38.5804	40.1014	40.406	41.5097	42.997	38.8528	39.181	44.1472	46.6364	49.5949	52.1029	54.9034	57.7477	2023
638	Réunion	47.6818	52.2969	55.8977	58.3987	60.506	63.8817	67.1213	69.3015	70.9643	72.5595	73.5574	75.4781	78.1105	78.9679	2023
646	Rwanda	43.2328	45.2468	46.1761	47.1755	45.6134	45.4134	48.9974	48.8435	22.3352	42.3655	50.9939	58.0781	62.3492	64.0165	2023
690	Seychelles	57.0639	58.5437	58.6937	60.0155	63.2646	64.8642	65.8225	66.1804	66.3524	67.0291	68.2425	68.9167	69.5356	69.5074	2023
706	Somalia	40.4884	41.5771	42.6258	43.7033	44.0009	45.5233	46.5431	43.9411	35.4908	49.088	49.309	49.3119	45.6527	53.0838	2023
728	South Sudan	29.1321	27.3873	26.811	22.829	30.8473	36.6516	34.4501	21.2495	25.7355	29.7814	50.2609	55.1571	50.7561	41.2894	2023
800	Uganda	39.3742	42.23	45.1877	46.9793	44.5279	42.795	39.7505	43.9992	45.4309	46.4549	50.1519	55.5537	59.5391	62.681	2023
834	United Republic of Tanzania	39.9514	40.7125	42.1008	44.0427	46.0107	48.1997	49.7178	50.2568	49.8436	50.5348	54.1475	57.8463	60.5308	62.6387	2023
894	Zambia	46.6328	48.5348	50.083	51.3861	53.2787	54.4738	52.0218	48.3446	45.5459	44.867	48.319	53.3857	57.2549	59.6507	2023
716	Zimbabwe	48.0826	50.0004	52.1421	54.2039	55.275	52.0223	56.7876	56.8076	52.1621	46.2972	44.9482	48.0482	54.5126	58.46	2023
911	Middle Africa	36.1806	37.8722	38.1994	40.9611	42.9444	43.9513	45.2471	46.101	47.2135	47.6034	50.3039	52.0935	55.5019	57.2929	2023
24	Angola	34.5606	35.5721	34.6211	35.8499	37.8364	38.5401	39.4319	38.5191	39.8762	43.7446	46.8443	52.8342	57.0956	59.9343	2023
120	Cameroon	33.8934	36.1008	37.4539	44.775	47.8585	48.8022	50.4948	52.5191	52.2519	51.6696	52.8859	54.5613	56.6808	58.9321	2023
140	Central African Republic	35.1456	37.337	39.7591	42.6012	45.4163	47.46	48.479	48.4869	47.4256	45.9399	46.3336	31.0477	44.6505	40.3295	2023
148	Chad	34.3826	37.1706	38.2416	38.3898	39.7629	40.4152	41.4534	42.22	44.7884	46.4027	47.4246	48.2939	49.7738	50.8311	2023
178	Congo	40.1415	44.1153	47.8387	50.6791	52.7932	54.2327	55.2884	56.1021	55.3697	51.2161	56.3273	59.5061	61.4631	62.4844	2023
180	Democratic Republic of the Congo	37.7967	39.0559	38.7791	41.185	42.7619	43.8606	45.2253	46.6401	48.0559	47.6109	51.0056	53.5794	55.9179	57.8364	2023
226	Equatorial Guinea	37.8951	39.2529	40.5911	36.4283	36.401	35.9619	47.2075	48.7881	49.8934	51.2434	53.5846	55.9174	58.23	60.1515	2023
266	Gabon	38.3851	42.023	45.4015	48.6121	51.5303	54.1304	56.369	58.371	59.5974	60.129	60.9227	62.2164	63.6422	64.7798	2023
678	Sao Tome and Principe	38.2361	39.7313	46.3478	52.8296	55.3808	56.9835	57.5735	58.0494	58.6778	58.5087	59.9042	61.0301	62.1533	64.27	2023
912	Northern Africa	38.0183	40.6213	43.728	46.2251	48.4366	51.9612	55.7669	59.4416	61.7344	63.6396	64.8965	66.4517	67.8354	68.9634	2023
12	Algeria	40.9178	38.1375	40.1889	42.4829	44.3651	49.3348	58.7041	65.5437	66.5305	67.8483	70.6826	72.3867	73.6096	73.943	2023
818	Egypt	34.9538	39.8107	43.3692	45.3871	47.3524	51.465	55.6933	59.2871	62.129	64.3659	65.6097	66.3369	67.256	68.4962	2023
434	Libya	31.5607	35.4951	43.5295	51.9905	57.5511	61.3903	63.7921	66.4758	68.2728	69.0552	69.1431	69.9879	68.7803	69.713	2023
504	Morocco	38.6773	40.8078	43.4535	46.4226	49.0217	52.2481	56.0306	59.4968	62.1599	64.3055	66.2624	68.2474	70.269	71.7703	2023
729	Sudan	46.018	47.8173	49.4703	50.2758	51.4275	51.9588	49.6846	51.538	53.6596	55.5999	55.3159	58.5342	60.9261	62.585	2023
788	Tunisia	38.2117	41.0927	44.6425	49.7525	55.281	60.2587	63.8511	66.4459	67.9382	69.8219	71.0172	71.8568	72.3273	72.7465	2023
732	Western Sahara	35.5687	36.4934	38.5137	40.8993	40.6733	33.0557	39.5268	45.3749	59.4518	60.3116	62.6682	65.0141	67.0678	68.5562	2023
913	Southern Africa	44.2168	48.5269	51.281	52.5985	54.1262	56.2065	58.2701	59.2726	58.6608	56.0933	52.2936	52.8546	58.1122	61.4915	2023
72	Botswana	45.1829	47.6752	50.3343	52.4428	55.5333	58.7725	60.62	58.9205	54.6443	51.3701	51.1488	55.085	58.87	63.4718	2023
748	Eswatini	42.6917	44.0824	45.7094	48.0251	50.8491	54.5592	57.4227	59.5192	56.2346	49.472	43.7623	44.3099	49.4236	55.3156	2023
426	Lesotho	42.806	45.6868	46.6953	47.1192	48.9034	51.0823	54.1989	55.3185	54.2936	49.6638	43.3158	42.0733	46.4257	51.5365	2023
516	Namibia	41.189	44.5217	48.2001	51.0083	53.7174	55.1804	51.9044	55.0005	56.7012	53.2807	50.3967	51.9362	55.1426	58.7883	2023
710	South Africa	44.4198	48.9542	51.7758	53.0268	54.4449	56.4862	58.6234	59.592	59.0976	56.862	53.0991	53.5316	58.9252	62.0763	2023
914	Western Africa	34.1501	35.2419	36.4534	37.4945	40.1457	43.4349	45.2939	46.0803	46.5843	47.6918	50.1743	52.5173	54.2007	55.5814	2023
204	Benin	34.2915	35.8625	37.7502	39.8665	42.0195	44.1966	45.9728	48.6306	51.6666	54.0243	55.5593	57.0209	57.7804	58.5079	2023
854	Burkina Faso	32.7127	34.041	35.6138	37.1959	39.3201	43.1107	46.4299	48.0031	48.212	48.5976	50.3619	53.2302	56.0215	57.9807	2023
132	Cabo Verde	44.4984	46.3087	49.5593	54.0564	56.2931	57.7263	58.7229	59.5732	60.0657	61.8215	65.6232	67.9385	69.6767	71.2334	2023
384	Côte d'Ivoire	29.8995	33.3738	36.9296	40.3954	44.2296	47.997	49.9883	50.7733	50.5112	50.1626	50.6213	52.6611	55.3239	57.8142	2023
270	Gambia	31.2037	32.5866	34.9774	37.4773	39.9562	42.6647	45.2372	48.6907	51.4617	53.6387	56.2056	58.8065	60.8368	62.4137	2023
288	Ghana	42.3555	44.2639	45.6537	45.9278	46.5028	48.5424	49.9321	52.3937	54.8103	56.2551	57.6432	59.1228	60.5318	61.9939	2023
324	Guinea	34.422	35.0449	35.8097	36.9888	38.3642	40.199	42.716	45.305	47.7324	50.5566	52.8243	54.3673	55.8604	57.594	2023
624	Guinea-Bissau	34.3222	35.1577	33.8841	32.6326	35.7204	41.6032	42.4695	44.0433	45.5547	45.8477	49.6639	53.026	56.4728	59.0252	2023
430	Liberia	37.0097	36.9536	37.1383	38.3419	40.35	42.3868	43.5716	41.1947	39.388	46.7967	52.3884	57.0165	58.3656	59.5558	2023
466	Mali	27.9738	28.8419	29.6665	31.0956	33.5411	37.5127	41.3499	44.6583	47.0732	48.7644	51.6753	54.0532	55.8501	57.5122	2023
478	Mauritania	38.5142	41.0845	44.3432	47.633	49.4462	50.4015	52.6916	55.4609	57.1089	58.0586	60.5188	62.943	64.0297	65.2903	2023
562	Niger	35.2996	35.4745	35.7082	35.4998	35.0364	37.0575	39.3354	40.3429	42.8177	46.7633	50.6588	54.7932	57.4033	58.6705	2023
566	Nigeria	34.0182	34.6613	35.6222	36.3383	39.7179	43.3462	44.6413	44.4568	44.2265	45.0749	47.8051	50.0024	51.3541	52.3149	2023
654	Saint Helena	74.9352	73.9417	71.368	72.6389	72.2405	72.2241	72.9105	74.8191	75.0501	74.5813	75.4827	77.0416	77.2174	77.971	2023
686	Senegal	36.896	38.5665	39.1171	39.5535	41.4958	45.1768	49.1065	53.3827	55.5621	55.7105	57.5541	61.0483	63.4879	65.4997	2023
694	Sierra Leone	28.4467	30.3521	32.8211	35.9971	38.0565	40.0462	41.4544	42.0989	41.2002	40.871	45.6857	49.3258	52.6498	57.079	2023
768	Togo	40.5298	41.3201	42.4619	44.286	46.1301	48.8793	52.0785	53.1421	52.8186	53.2881	54.5437	56.1266	57.8971	60.13	2023
935	Asia	43.222	45.0978	47.3568	51.3854	53.9469	56.5689	59.0177	61.1899	63.0486	64.7224	66.5018	68.2124	69.8836	71.1913	2023
5500	Central Asia	50.5199	51.8137	53.185	54.5241	55.8	57.0822	59.1363	61.3706	59.837	59.7213	61.4665	63.62	66.3482	68.0393	2023
398	Kazakhstan	51.7831	52.7864	53.7498	54.6235	55.4901	56.5223	58.872	61.4469	59.7187	57.8147	58.9225	60.8984	65.1863	68.2945	2023
417	Kyrgyzstan	48.6597	50.208	51.8505	53.415	54.8291	56.4487	58.2583	60.9226	59.3559	59.8536	61.1468	62.2919	64.8293	66.696	2023
762	Tajikistan	47.804	49.4507	51.3838	53.4875	55.0582	56.0205	57.7604	59.5388	54.6473	59.5146	62.9613	64.9616	66.7209	67.9906	2023
795	Turkmenistan	44.9016	46.9255	48.7976	50.8983	52.7691	54.4963	58.3327	60.3759	60.3786	60.5079	62.1079	63.6355	65.4786	65.8188	2023
860	Uzbekistan	51.8698	53.3885	55.0025	56.6623	58.1197	59.4289	60.7047	62.7246	62.1639	62.0782	63.6365	65.8724	67.755	68.7974	2023
906	Eastern Asia	44.5639	45.2798	47.7597	54.5108	58.6027	61.918	64.4213	66.1604	67.9582	69.6913	71.5488	73.1753	74.574	75.6763	2023
156	China	43.8979	43.1798	45.5379	52.8824	57.1201	60.5666	63.2541	65.0865	67.018	68.9975	70.818	72.4182	73.8113	74.8946	2023
344	China, Hong Kong SAR	56.2407	60.3863	63.9001	66.6332	68.5791	70.4602	72.4604	74.2138	75.5604	77.1627	78.3663	79.4463	80.7497	81.9492	2023
446	China, Macao SAR	57.4049	59.8206	64.508	66.6093	69.3235	70.6261	71.6493	73.1299	74.8413	75.7916	77.6859	78.6596	79.8815	80.7591	2023
158	China, Taiwan Province of China	56.0169	58.9628	62.143	64.7057	67.6648	69.3317	70.37	71.3364	72.0029	72.7403	74.1072	75.2014	76.2237	77.0668	2023
408	Dem. People's Republic of Korea	22.3319	51.8952	55.0458	58.0987	61.0769	63.4052	65.466	66.9371	66.0806	57.6043	61.3698	65.7289	68.8773	70.32	2023
392	Japan	61.0735	64.2576	66.7283	68.8518	70.693	72.829	74.2897	75.6455	76.3287	77.2128	78.3377	79.2082	80.0591	81.1965	2023
496	Mongolia	36.4932	40.0102	44.9735	48.918	51.9063	53.1511	53.7879	55.2131	57.789	59.2748	60.6679	62.4973	63.784	65.8419	2023
410	Republic of Korea	30.0506	49.3428	52.4482	56.0039	59.727	60.8261	62.6673	65.5217	68.224	70.9171	73.7561	76.2075	78.1795	79.9733	2023
5501	Southern Asia	41.7727	44.5291	46.4912	47.8524	49.2119	52.5414	54.6171	56.8198	58.7917	60.6905	62.6838	64.5072	66.4733	68.1993	2023
4	Afghanistan	28.622	30.9112	33.308	35.5664	37.9319	38.533	32.1914	37.1701	46.9318	51.6862	55.3638	57.7391	60.1597	59.6578	2023
50	Bangladesh	39.4762	43.2087	46.3492	48.3231	40.9965	52.317	53.8373	55.2904	56.652	59.7091	63.0188	65.5606	67.5751	69.9411	2023
64	Bhutan	34.5944	35.0376	36.4436	38.8525	42.0468	45.5384	49.2763	53.0563	55.9574	59.748	63.5159	65.9768	68.6077	70.1334	2023
356	India	42.8727	45.253	46.7249	47.5692	50.0155	52.4438	54.8572	56.9971	58.9467	60.8526	62.7341	64.6586	66.8272	68.7172	2023
364	Iran (Islamic Republic of)	39.7709	42.3847	45.2088	48.3516	52.2257	55.7424	55.4604	60.52	64.4837	66.7719	68.9986	71.5518	73.4016	74.361	2023
462	Maldives	35.9042	36.5106	38.5538	42.3972	46.9787	51.4439	56.407	60.7513	64.1923	68.1584	71.7923	74.6603	76.6211	78.1167	2023
524	Nepal	37.1539	37.7319	39.4505	42.0124	44.2597	46.8012	49.4464	52.4383	56.0818	59.6355	62.0971	64.4243	65.9823	67.377	2023
586	Pakistan	38.3847	43.6659	48.07	52.189	53.1647	55.6005	57.4636	58.4807	59.341	60.2573	61.5296	62.0155	62.8723	63.9577	2023
144	Sri Lanka	53.8864	57.3991	60.1629	61.8463	62.7613	64.5077	65.8439	64.8612	65.6195	65.8275	67.596	68.2665	71.8908	73.1058	2023
920	South-Eastern Asia	43.222	47.1336	49.1059	50.4636	52.2063	54.1461	58.572	60.8353	62.7196	64.1053	65.2149	66.4783	67.6499	68.4698	2023
96	Brunei Darussalam	52.0679	56.4826	59.6349	62.9033	65.2978	67.4231	68.7974	69.655	70.5127	71.5566	72.5309	72.8663	72.9194	73.0593	2023
116	Cambodia	38.665	40.1652	42.1181	42.1016	27.3819	12.8759	44.8172	50.3449	53.8037	55.8693	59.5985	63.6834	66.1597	67.3427	2023
360	Indonesia	40.3325	43.5279	45.6093	47.9929	52.3791	55.1507	58.1163	60.4551	62.7435	64.1884	65.0058	66.2492	67.1284	67.8781	2023
418	Lao People's Democratic Republic	38.6237	39.7251	40.201	41.1528	43.322	45.8689	49.5032	51.9633	54.0705	55.9446	57.5634	59.79	63.2662	65.3618	2023
458	Malaysia	49.9261	54.255	58.263	61.0667	63.1012	65.067	66.9432	68.3088	69.2981	69.8525	71.2459	72.7511	73.1434	73.3726	2023
104	Myanmar	36.4003	40.6701	43.9605	47.2924	49.629	51.3906	53.0065	54.2161	55.3802	56.8032	58.1196	58.7404	61.5868	63.1791	2023
608	Philippines	53.9112	56.5883	57.8712	58.4681	58.1891	58.4318	58.9134	60.0978	61.9679	63.6826	64.5148	65.1117	66.0703	66.759	2023
702	Singapore	54.0554	60.7643	63.1693	64.6984	66.3876	68.238	69.5505	71.5404	72.8079	74.1163	76.2081	78.5139	80.1213	81.08	2023
764	Thailand	45.6224	47.987	49.9113	52.4541	55.5317	58.0081	61.003	64.8953	65.9893	66.7604	68.2926	70.6382	71.9605	72.8501	2023
626	Timor-Leste	28.7558	30.1569	32.1028	34.6179	34.0029	21.124	27.0661	33.1024	45.2333	45.9523	58.5615	61.2705	63.0717	64.6986	2023
704	Viet Nam	46.261	53.6947	54.1303	50.5126	49.7756	59.8715	62.1756	64.2131	66.0277	67.8943	68.3081	68.6621	69.0264	69.4282	2023
922	Western Asia	42.7259	45.7719	49.0905	52.3543	55.4427	58.1	59.7905	61.9609	64.5466	66.4506	68.2805	69.6729	70.7395	71.6202	2023
51	Armenia	52.7048	55.0014	57.225	59.0359	60.1172	61.099	62.7174	61.2414	63.9696	66.119	68.0493	68.5182	69.4457	69.7053	2023
31	Azerbaijan	42.9636	45.1885	48.0341	50.942	53.4186	56.2569	58.9016	59.505	57.2233	60.0773	63.7748	66.0078	68.205	69.4357	2023
48	Bahrain	38.7821	45.0539	53.206	60.0767	65.4675	68.6922	70.5817	71.7115	72.2723	73.0801	74.4931	76.4374	79.0325	79.3145	2023
196	Cyprus	54.5432	57.928	59.7093	63.7741	59.8152	68.9439	71.1327	72.8067	73.8318	74.8197	76.3121	77.4199	78.8631	79.3295	2023
268	Georgia	54.0417	55.8404	57.7287	59.5665	61.1873	62.9603	64.3901	64.558	63.3086	65.5104	66.6481	66.2512	68.028	68.7078	2023
368	Iraq	37.964	44.9862	50.4825	55.3987	58.3953	60.1774	52.5226	52.0373	59.7437	61.7884	61.8547	62.1222	66.8936	67.6895	2023
376	Israel	65.8348	66.5376	68.6193	69.4196	69.887	71.0204	72.9093	74.9212	75.945	76.6453	77.6765	79.2882	80.3348	80.8205	2023
400	Jordan	44.1435	50.0069	54.7226	58.6478	61.5375	64.2885	66.6927	68.3468	69.147	69.7305	70.6856	71.721	72.5097	74.1687	2023
414	Kuwait	49.9917	55.1936	60.3303	64.9216	67.336	68.2904	70.1	72.0634	72.7768	74.0892	74.5967	75.4391	77.647	78.8865	2023
422	Lebanon	58.8189	60.2424	62.8864	64.005	62.7147	48.3334	52.262	58.6473	69.1106	71.4397	73.1258	74.5604	76.2003	75.8928	2023
512	Oman	28.1309	30.9736	35.6491	41.3373	46.6545	53.9564	60.3603	65.4149	68.6345	70.779	72.4251	74.1206	77.1687	77.9278	2023
634	Qatar	50.7104	54.1837	58.7048	62.2998	65.4728	67.9647	70.1836	72.1331	73.5362	74.4363	75.4998	77.8404	80.3961	81.4109	2023
682	Saudi Arabia	39.0739	41.7401	44.6934	48.6042	53.654	58.6211	62.8438	66.0826	68.592	70.4773	72.3334	73.8602	75.2309	77.033	2023
275	State of Palestine	43.9377	45.6984	48.2224	50.1714	55.0069	58.4377	62.0119	64.7967	67.1857	68.8788	68.6155	70.2842	71.6096	73.1416	2023
760	Syrian Arab Republic	43.7467	49.1575	54.2992	58.1012	60.6926	63.4277	63.0014	67.1981	68.0581	68.4786	70.1817	71.4507	62.9458	62.8163	2023
792	Türkiye	45.4089	46.9645	49.9451	52.6802	55.3058	58.174	60.8615	63.3465	65.4395	67.4156	69.6579	71.2031	72.7816	74.088	2023
784	United Arab Emirates	41.3913	45.8932	50.7287	56.1824	62.3921	65.7999	67.8882	69.3983	69.9348	73.0102	78.7852	80.6229	81.3039	81.1999	2023
887	Yemen	27.5807	29.625	31.4071	35.0807	40.8115	45.8333	51.087	54.4854	57.4784	60.0364	62.4284	64.5282	65.5504	63.5786	2023
908	Europe	60.8496	64.5194	66.2261	66.6712	66.9698	67.1271	67.729	69.0908	68.2299	68.9215	69.5675	71.4527	73.6072	75.0005	2023
923	Eastern Europe	56.7827	62.7458	65.2439	65.1877	64.857	64.0045	63.9614	65.4644	62.8656	62.5851	62.3343	64.3361	67.1536	69.2252	2023
112	Belarus	57.2538	62.6017	66.9412	67.8967	67.2889	66.1456	65.7408	66.7792	64.361	62.8243	62.7677	64.169	66.5863	68.8623	2023
100	Bulgaria	60.7923	65.1485	68.5946	68.9054	68.8292	68.6368	68.4727	68.2939	67.6691	67.5209	68.7893	69.6801	70.9548	71.2651	2023
203	Czechia	64.3706	66.8959	67.3158	66.6012	66.507	67.1101	67.2213	67.8135	68.8159	70.7597	72.2391	73.8312	75.1349	75.9614	2023
348	Hungary	61.8763	64.728	66.5119	66.8249	66.3892	66.3505	65.2848	65.39	64.938	66.4986	68.2972	69.5688	71.7285	72.6507	2023
616	Poland	57.7624	61.9862	65.2692	66.5277	66.6989	66.3649	66.6065	66.5115	66.816	68.4811	70.3653	71.3302	72.919	73.6884	2023
498	Republic of Moldova	51.8304	54.7406	57.066	58.5948	59.6858	61.0414	62.3216	64.1474	62.9759	62.7317	63.7284	64.4617	65.6505	65.5562	2023
642	Romania	60.0308	62.3524	65.3044	65.7624	66.8729	67.1795	66.9035	66.3562	66.0681	66.0023	67.425	69.1012	70.9632	71.3721	2023
643	Russian Federation	53.6201	61.8253	63.9842	63.6338	63.0727	61.8138	61.8963	64.4111	60.2774	59.689	58.6073	61.3076	64.4756	67.1676	2023
703	Slovakia	62.4429	66.55	68.3111	67.5195	66.7785	66.893	66.7835	66.9578	67.456	68.6862	69.822	70.8566	72.6968	73.8111	2023
804	Ukraine	59.6836	64.1574	66.8947	66.806	66.1756	64.9318	64.713	66.1766	63.418	62.1638	61.9827	62.7037	66.1706	68.6	2023
924	Northern Europe	66.8313	67.9061	68.3027	68.779	69.1591	69.7855	70.8222	71.8102	72.5563	73.8211	75.2851	76.6995	78.2958	78.9502	2023
208	Denmark	69.7672	70.4488	70.384	70.6328	70.935	71.3459	71.4804	71.8738	72.5722	73.6894	75.0511	76.419	78.1695	79.1895	2023
233	Estonia	63.0478	64.4349	65.5938	65.9528	65.6711	64.458	64.43	65.8752	62.8577	64.3859	66.0971	68.6071	71.9175	73.8111	2023
234	Faroe Islands	61.3925	69.0872	72.3446	73.4649	74.0677	74.7569	74.6389	74.561	76.6073	81.2328	77.1099	77.1021	77.8601	78.6165	2023
246	Finland	63.0712	64.809	65.4721	65.8318	66.6702	68.2961	70.0883	70.697	71.9964	73.4816	74.9956	76.1802	77.7241	78.8564	2023
831	Guernsey	69.7429	71.9519	71.2965	70.921	70.4353	71.9932	73.2798	74.5763	75.361	77.4257	78.245	80.0646	81.3171	81.2847	2023
352	Iceland	70.178	71.2513	71.1121	71.0229	71.354	73.52	73.9556	75.1194	76.1956	76.8974	78.6917	79.5335	80.5966	80.9624	2023
372	Ireland	65.4377	67.4765	68.2603	68.6623	68.8414	69.451	70.4768	71.4833	72.63	73.3543	75.3227	77.3873	78.9684	80.2387	2023
833	Isle of Man	61.3055	59.9587	59.2425	60.6441	61.3996	62.7722	64.4958	66.9406	69.3974	71.4004	74.0704	77.3917	79.2371	79.8105	2023
832	Jersey	66.9794	67.5153	67.4835	67.9514	68.2785	68.9686	70.6681	72.5892	74.2395	75.9587	77.2337	78.3764	79.0701	78.5448	2023
428	Latvia	61.937	64.6454	66.4955	66.223	65.3	63.9849	63.988	65.7418	61.4222	63.1444	64.8267	66.0384	68.8823	70.1271	2023
440	Lithuania	62.8551	64.8579	67.1699	67.7159	67.1089	66.0257	65.6716	67.2169	64.0268	65.4254	66.1468	65.7289	68.4467	70.434	2023
578	Norway	71.0469	71.4404	71.0915	71.1728	71.4032	72.1927	72.7164	73.0139	74.2898	75.4858	76.8135	78.3513	79.5972	80.9852	2023
752	Sweden	70.4934	71.2457	71.5558	71.8576	72.1315	72.4324	73.4732	74.2778	75.4919	76.8101	77.9117	79.04	80.0501	80.8338	2023
826	United Kingdom	66.799	67.7345	67.994	68.5581	69.0733	69.9115	71.1817	72.2279	73.4903	74.6275	76.1014	77.5681	78.9789	79.2378	2023
925	Southern Europe	61.1495	63.7144	65.5028	66.9874	68.2539	69.5493	70.7013	71.8802	72.1705	74.0318	75.6436	77.1547	78.4732	79.1857	2023
8	Albania	44.8291	51.2516	56.9226	61.2477	64.1287	66.4034	67.6358	68.8349	69.9131	70.6659	72.7243	75.0592	75.8216	76.9876	2023
20	Andorra	71.7292	71.1355	71.4619	72.8822	74.0506	75.0746	76.1173	75.7229	77.9304	79.2874	81.0588	82.2698	82.4932	82.0718	2023
70	Bosnia and Herzegovina	48.1216	53.8243	58.3394	61.26	63.3329	65.9421	66.7916	67.4349	53.2375	70.1302	72.3415	72.4	73.3161	73.7865	2023
191	Croatia	58.4573	62.3233	64.7504	65.9442	66.3745	67.0397	66.7019	68.1846	67.645	69.8248	71.1305	72.3788	73.8904	74.4871	2023
292	Gibraltar	61.9466	66.0715	69.9761	69.7234	70.2725	72.0248	73.8687	75.3764	76.5858	143.617	80.6437	87.6231	81.5567	82.1785	2023
300	Greece	65.197	66.8786	68.4143	69.4793	70.5695	71.5335	72.8543	74.1516	74.9008	75.4996	76.2663	77.1035	77.8712	78.5583	2023
380	Italy	64.6492	66.0991	66.9878	68.0987	69.2055	70.2927	71.5905	73.1286	74.1905	75.6332	77.3657	78.9081	80.067	80.6933	2023
412	Kosovo (under UNSC res. 1244)	43.7911	46.6932	48.9095	51.7146	53.8677	56.6359	58.9552	62.0949	65.5888	63.5964	70.4223	71.9629	73.5758	74.4192	2023
470	Malta	62.8526	65.5245	66.9771	67.8257	68.6336	70.0914	70.8775	73.187	74.4491	74.9278	76.4147	77.5856	79.2667	80.5498	2023
499	Montenegro	58.2255	61.9331	65.0853	67.6714	69.0569	69.4811	69.4731	70.2386	70.5541	70.267	70.9622	71.966	73.398	73.4709	2023
807	North Macedonia	52.6814	58.3516	60.6527	63.0655	64.8772	66.9237	67.852	68.5651	69.1732	69.5726	70.5016	71.7826	73.0238	73.697	2023
620	Portugal	57.5827	59.4758	61.4086	63.024	65.0571	66.9221	69.0157	70.55	71.2832	72.3987	74.1886	76.0821	77.6241	78.5743	2023
674	San Marino	71.5328	72.8196	73.3095	73.5975	73.8272	74.8982	75.918	76.8085	77.3228	78.5643	79.9884	81.8785	82.9871	83.8307	2023
688	Serbia	57.0153	62.1299	65.4361	67.7247	67.8196	68.7395	68.0589	68.829	68.8331	69.1134	69.4946	70.6052	71.9635	72.5753	2023
705	Slovenia	61.4518	64.5993	65.1482	64.9622	66.3112	67.1523	67.2878	68.5599	69.6136	71.1738	72.6066	74.9758	76.8927	77.8648	2023
724	Spain	62.2564	65.2988	67.3081	68.6399	69.8333	71.4184	72.9806	73.506	74.0533	75.2875	76.5964	78.1164	79.5965	80.2759	2023
926	Western Europe	65.2693	66.6499	67.5344	67.9363	68.5264	69.5603	70.7308	72.0456	73.0428	74.4215	75.8827	77.362	78.483	79.1535	2023
40	Austria	63.7975	64.8586	66.3663	66.6808	67.1766	68.4527	69.5425	71.4658	72.7039	74.2572	75.9586	77.3486	78.4261	79.2905	2023
56	Belgium	65.3748	66.8068	67.3898	67.6828	68.339	69.4086	70.5855	71.9375	73.065	74.166	75.3762	76.8386	78.0146	79.057	2023
250	France	64.4037	66.2024	67.2825	67.7723	68.6404	69.6586	70.7285	72.0663	73.2539	74.5788	75.953	77.4803	78.7021	79.4434	2023
276	Germany	65.0229	66.2905	67.2272	67.6364	68.0102	69.0458	70.3507	71.6931	72.5761	74.0613	75.6452	77.0315	78.0488	78.5724	2023
438	Liechtenstein	66.4375	69.5596	71.0812	70.952	72.2345	74.2811	73.8449	75.2346	76.499	75.3334	78.0106	80.0891	81.2009	81.9103	2023
442	Luxembourg	63.9302	65.3876	65.9882	66.6365	66.8942	68.1255	69.4134	70.9427	72.3646	73.7843	75.2636	77.4757	78.9612	79.8064	2023
492	Monaco	68.0721	70.1722	70.9943	71.0001	71.5513	72.59	73.7279	76.641	77.2414	78.4306	80.5295	82.1246	83.6784	84.6891	2023
528	Netherlands	70.684	71.2912	71.2227	71.0397	71.2476	72.021	72.8468	73.4991	74.258	75.1184	76.3047	78.1569	79.4457	80.1153	2023
756	Switzerland	67.1593	68.262	68.7973	69.7379	70.7721	71.9427	72.8562	73.8636	74.6733	76.3002	77.8819	79.4188	80.5614	81.496	2023
5505	Americas	55.2501	57.2772	58.7975	59.715	61.1715	63.1531	64.9055	66.5198	67.9178	69.5315	70.9936	72.3406	73.3516	73.6201	2023
904	Latin America and the Caribbean	48.232	51.2134	53.7741	55.7588	57.7392	59.8164	61.6139	63.683	65.2219	67.0115	68.6469	70.0771	71.2319	71.7596	2023
915	Caribbean	50.7744	53.8044	56.1793	58.5416	60.4079	61.8452	63.0628	64.1246	64.9523	66.2033	67.6148	68.0347	68.8659	69.4757	2023
660	Anguilla	77.4577	68.7476	66.9331	67.8386	68.6254	71.173	74.073	76.875	75.7892	75.8609	76.6965	74.4417	75.8589	77.1092	2023
28	Antigua and Barbuda	57.5409	58.7882	61.4456	64.565	67.5677	69.7135	70.5815	70.7615	70.9686	71.1258	71.9722	72.9405	73.7987	74.2444	2023
533	Aruba	57.5016	60.5028	61.5651	63.0417	64.8174	66.6831	68.7913	69.4913	69.6307	70.1349	70.444	71.0919	71.935	72.8612	2023
44	Bahamas	56.4645	58.6033	60.6995	62.6043	64.3515	65.8657	66.6886	67.2223	68.0216	68.4397	69.8837	70.1707	70.2932	69.973	2023
52	Barbados	54.0744	59.8173	63.828	66.0899	67.057	68.8903	71.0742	71.2361	70.9348	71.4012	72.5908	72.9664	73.5483	74.1151	2023
535	Bonaire, Sint Eustatius and Saba	68.4611	70.2784	71.3841	72.7409	75.7503	75.9447	75.098	74.9794	73.9061	74.7485	75.0334	74.8087	75.6576	76.3079	2023
92	British Virgin Islands	63.0597	66.2604	68.412	68.7947	68.5421	71.7833	73.082	74.5296	75.3805	73.6892	74.8876	75.902	75.3424	75.7284	2023
136	Cayman Islands	61.1391	63.5999	64.5953	66.418	68.2625	69.5668	70.8247	70.5482	71.3991	71.7689	73.2286	72.9698	75.2757	77.0222	2023
192	Cuba	58.1571	60.2222	62.5	65.0978	67.6985	70.2263	71.5416	71.8244	72.0225	73.2103	74.9318	75.5973	75.9648	75.1201	2023
531	Curaçao	59.7735	62.205	64.0463	65.3156	66.6007	67.9354	69.0083	69.6248	69.897	70.1296	70.303	70.858	72.2359	72.3643	2023
212	Dominica	47.4494	55.5268	59.998	62.7424	64.9913	67.2126	69.3001	68.6588	69.4557	68.9897	69.5344	69.541	68.8247	68.3073	2023
214	Dominican Republic	44.5894	48.3222	51.5002	54.848	58.1692	60.4156	62.4074	64.2338	65.755	66.7772	67.6269	68.3985	69.3171	69.8155	2023
308	Grenada	53.4555	58.762	61.3414	63.642	64.8914	65.5426	64.3171	66.6842	68.3111	69.7112	70.5754	71.9621	72.606	72.3101	2023
312	Guadeloupe	52.5447	56.601	60.0856	60.6801	62.75	65.2298	67.5396	69.4126	70.9815	72.4795	73.9344	75.0374	76.7292	77.2264	2023
332	Haiti	36.6177	40.023	41.9216	44.3314	46.2476	47.8087	49.5138	51.1333	52.9286	55.35	57.2779	57.3785	58.2929	61.1282	2023
388	Jamaica	56.8736	60.2929	62.9555	64.1967	65.3866	66.7576	67.9244	69.8465	70.4532	69.6106	69.4195	69.0857	70.1733	69.4848	2023
474	Martinique	54.2102	57.8664	60.1283	62.1433	64.5833	67.546	70.3765	72.1945	73.5548	74.6673	76.1936	77.7706	79.1633	78.689	2023
500	Montserrat	49.98	58.3868	64.0168	67.7131	71.107	71.252	72.8631	74.4224	74.5534	74.9117	79.0709	75.5244	75.7541	76.8696	2023
630	Puerto Rico	61.438	65.4044	66.1647	67.7016	67.9948	68.9941	69.6737	69.4216	69.2697	70.5085	72.8971	74.3491	76.0646	76.8408	2023
652	Saint Barthélemy	83.9475	85.4825	85.7027	86.4595	88.371	87.751	89.2791	90.2384	86.9436	81.7097	82.1715	80.5048	80.7166	82.2223	2023
659	Saint Kitts and Nevis	52.7342	54.1193	55.2009	56.9713	58.8093	59.3586	61.5348	63.6224	64.984	65.8197	67.5501	68.2492	68.2653	67.9042	2023
662	Saint Lucia	51.6495	54.4367	57.9995	61.3687	62.5997	64.5343	67.3422	67.3881	68.245	69.1265	69.1081	69.9986	70.2237	69.2178	2023
663	Saint Martin (French part)	86.3198	87.8235	88.2333	87.919	88.7574	88.8719	88.7751	77.3008	73.861	73.6826	75.932	75.7917	76.7113	79.8447	2023
670	Saint Vincent and the Grenadines	48.2426	54.8809	58.9881	61.2081	63.2528	65.9375	67.5306	68.7778	68.5347	67.9721	68.3048	68.3659	67.6535	68.2615	2023
534	Sint Maarten (Dutch part)	86.4114	87.5723	88.9942	89.5138	92.8787	81.1423	77.6353	75.5825	70.8658	72.1503	74.1439	74.1492	74.2324	74.7213	2023
780	Trinidad and Tobago	57.1641	59.7926	61.7929	62.4018	62.898	63.6518	63.8308	64.6855	65.354	65.7503	66.5271	67.8832	69.6141	69.8269	2023
796	Turks and Caicos Islands	61.1947	68.6113	80.3502	83.5841	80.619	75.0724	72.3865	73.4037	72.2795	71.8654	73.6649	76.1463	76.2376	76.4181	2023
850	United States Virgin Islands	57.3366	58.8482	60.7311	62.0061	63.5737	64.43	65.7314	66.4762	67.2583	67.6455	68.7013	68.8486	69.4997	69.778	2023
916	Central America	44.3545	48.921	52.4126	54.5483	56.7802	58.6711	60.4081	63.7514	65.7815	67.8976	69.8685	70.5418	71.1172	70.864	2023
84	Belize	49.1271	53.1049	56.8216	60.4773	62.2387	64.0189	65.6888	67.1242	67.529	67.0457	67.4381	68.5598	68.7612	69.4957	2023
188	Costa Rica	58.0327	60.8192	62.8801	64.2923	66.7445	69.6038	71.9676	73.253	74.0357	74.3454	75.6203	76.5501	77.3846	77.3695	2023
222	El Salvador	42.8694	45.2839	47.24	48.8662	49.3471	48.8208	47.5828	55.176	58.472	61.5277	63.9433	65.2092	66.4994	66.1578	2023
320	Guatemala	39.0293	42.5907	46.1262	46.5608	50.1011	51.796	51.8209	58.5868	59.6403	62.4906	64.7856	66.2306	67.9798	68.7608	2023
340	Honduras	40.6516	43.7673	47.4298	50.9345	53.1948	57.2653	59.9447	62.2618	64.0335	64.7705	66.7311	67.4561	68.362	69.3092	2023
484	Mexico	44.8707	49.9852	53.6095	55.9118	58.184	60.3491	62.4772	65.1785	67.0157	69.1439	70.9702	71.3446	71.625	71.0463	2023
558	Nicaragua	40.6534	43.7306	46.8896	49.8276	50.6345	49.7399	52.1955	53.9889	60.6022	62.3643	65.385	68.2336	69.4954	70.3244	2023
591	Panama	55.3432	57.6182	60.3573	61.8654	63.9595	66.3126	67.6759	67.9936	68.7079	69.6269	71.3622	72.6481	73.8525	74.9255	2023
931	South America	49.2571	51.6201	53.8756	55.753	57.6627	59.9091	61.8078	63.5547	65.0044	66.7646	68.3116	70.1097	71.5005	72.3043	2023
32	Argentina	59.7713	60.9401	61.5977	61.9396	62.6196	64.2721	65.8256	67.4728	68.9771	70.0049	70.9902	72.1096	73.0015	73.6685	2023
68	Bolivia (Plurinational State of)	39.0137	40.3709	41.9577	43.9398	46.1564	48.8928	51.2319	53.716	56.673	59.1529	61.1226	62.9683	64.5175	64.5233	2023
76	Brazil	47.4857	49.8362	52.0262	54.0007	56.1553	58.4571	60.6214	62.5196	63.8207	65.5679	67.4253	69.5912	71.1595	72.143	2023
152	Chile	52.1875	53.7849	55.6033	58.5884	61.1664	64.8412	67.3896	69.5601	71.4223	73.1161	74.9962	76.1997	77.2164	78.0688	2023
170	Colombia	47.8085	52.1776	56.2117	58.6225	60.6743	62.8929	64.5322	64.4568	64.8867	66.6327	68.1295	70.7075	72.6467	73.4116	2023
218	Ecuador	47.5895	49.9797	52.8842	55.3662	57.6154	59.77	62.085	64.371	66.8591	68.7462	70.2356	71.4286	73.0641	73.5072	2023
238	Falkland Islands (Malvinas)	78.3463	77.6766	80.2754	81.4159	74.5582	69.3232	66.8201	66.958	76.8586	84.877	89.2535	94.557	89.743	87.7737	2023
254	French Guiana	45.4415	49.921	55.1123	58.7665	61.0624	62.17	64.4423	66.7754	68.2177	69.328	70.5063	72.0018	73.6436	74.3108	2023
328	Guyana	49.6596	53.8999	56.084	57.3599	57.8967	58.2323	58.4507	58.953	59.9071	60.1451	61.1641	62.484	63.413	64.8868	2023
600	Paraguay	55.8793	57.0074	58.6364	60.1267	61.3411	62.5062	63.7175	65.021	66.2008	67.3735	68.4999	69.5741	70.4544	70.5491	2023
604	Peru	45.3781	47.5936	50.6683	52.5831	54.7833	57.5636	58.6703	60.5884	63.4976	67.0662	69.286	70.609	72.2049	73.4827	2023
740	Suriname	50.2691	53.3976	56.3412	57.1765	57.2882	57.5653	58.1936	58.5593	59.3678	60.8488	62.9589	65.5397	66.9428	68.2435	2023
858	Uruguay	63.3576	64.3413	65.011	65.417	66.0549	66.7274	67.7712	68.7253	69.3622	70	71.1809	72.2758	72.9313	73.695	2023
862	Venezuela (Bolivarian Republic of)	51.0537	54.7145	58.371	61.8333	63.7572	65.3725	66.645	68.1092	68.3151	69.1281	68.5248	68.9059	68.8549	68.2464	2023
905	Northern America	65.9303	66.6777	67.0177	67.0161	67.9261	69.6521	70.9561	71.6094	72.5122	73.8094	74.839	75.9335	76.7625	76.5134	2023
60	Bermuda	57.8286	61.9913	64.4606	65.0156	66.704	68.4748	69.4141	69.8444	71.2539	73.6421	83.1348	75.784	76.7516	78.0113	2023
124	Canada	66.7918	67.7336	68.5941	69.134	69.7264	70.8687	72.5167	73.6366	74.7091	75.8397	77.2492	78.4606	79.6319	79.9385	2023
304	Greenland	42.607	53.9029	56.8209	59.1344	61.558	59.3389	59.9153	60.3332	61.4944	62.249	64.5702	65.929	67.4374	68.3345	2023
666	Saint Pierre and Miquelon	87.688	73.6205	67.7637	67.3694	70.3211	72.7972	72.7207	71.5421	71.4931	72.043	73.7498	75.2079	75.5694	75.9746	2023
840	United States of America	65.876	66.5965	66.8813	66.8221	67.7529	69.5297	70.7974	71.3989	72.2771	73.5909	74.581	75.6604	76.45	76.1418	2023
909	Oceania	59.6441	61.5	62.5902	63.2249	64.6264	66.3006	67.9169	69.192	70.7729	71.8269	73.1123	74.2432	75.2803	76.0266	2023
927	Australia/New Zealand	66.9538	67.7296	67.9703	67.7817	68.5483	70.0814	71.6241	72.832	74.5702	75.9269	77.6936	79.0575	80.2098	80.9327	2023
36	Australia	66.7976	67.6174	67.8636	67.6778	68.4975	70.2226	71.8114	73.1168	74.7721	76.1149	77.8639	79.2103	80.3484	81.0736	2023
554	New Zealand	67.6572	68.2678	68.4914	68.2729	68.7721	69.468	70.7525	71.4696	73.5773	74.9953	76.8351	78.2859	79.4963	80.2152	2023
928	Melanesia	40.3075	44.4298	47.5511	50.5929	53.1913	55.7558	57.4822	58.7251	59.8444	60.6477	61.1515	61.7937	62.676	63.5377	2023
242	Fiji	52.8301	56.1924	58.2059	59.4704	58.8725	59.7936	60.4006	62.3547	63.2933	64.2082	63.8174	64.3075	64.3874	64.8989	2023
540	New Caledonia	43.133	46.9074	50.6634	54.7371	58.7914	61.3626	63.4828	65.5696	67.197	69.3438	71.604	72.5908	73.9594	74.6797	2023
598	Papua New Guinea	38.2209	42.3965	45.4901	48.6658	51.6333	54.318	56.1462	57.2164	58.4393	59.3628	60.0455	60.7542	61.7416	62.6338	2023
90	Solomon Islands	41.3249	44.0268	47.9823	52.4559	57.042	60.5973	63.014	63.8931	64.5937	64.7533	65.4073	66.3302	67.5392	68.4641	2023
548	Vanuatu	44.3859	47.5832	50.3084	52.7021	55.6881	59.2721	61.341	63.4362	65.6165	66.6422	67.5328	67.5601	68.0161	68.6968	2023
954	Micronesia	51.5743	53.2448	55.1687	56.9672	58.6384	60.1583	61.8126	63.1674	64.2737	65.2378	75.9621	90.1722	67.5423	67.6536	2023
316	Guam	59.5243	60.6985	62.3556	63.1158	64.0709	66.3956	69.5116	70.8242	71.2186	71.7247	72.993	73.3386	72.6227	72.4993	2023
296	Kiribati	45.2655	45.9553	48.062	51.5081	53.7178	54.5591	56.2894	58.256	60.5488	62.0674	63.452	63.9263	64.1933	63.9702	2023
584	Marshall Islands	47.8057	48.4996	50.3345	53.1296	55.5484	56.9343	58.0953	59.3727	58.8802	60.6489	61.5142	62.123	63.0693	63.9596	2023
583	Micronesia (Fed. States of)	47.3428	50.383	52.8627	55.3239	57.176	58.5668	59.6272	59.9571	61.0419	61.1337	61.495	61.7347	62.2776	62.6111	2023
520	Nauru	70.5595	76.5009	87.0103	72.4941	68.5906	61.7316	59.2506	56.9689	58.7221	58.2122	56.8008	55.8907	58.5597	59.9911	2023
580	Northern Mariana Islands	61.5049	63.1793	64.9676	67.0569	66.8494	67.0095	67.6254	70.1127	69.2367	70.5623	74.6376	77.6638	77.0714	76.9729	2023
585	Palau	53.9966	50.4052	53.4499	54.6332	54.9532	55.7939	56.3628	58.4888	60.7105	60.7704	62.0154	65.2915	68.0242	68.7079	2023
957	Polynesia	49.8004	53.6602	56.3976	58.8203	60.9749	62.8938	64.9092	66.7897	68.2612	69.8791	71.3435	72.1519	73.0521	73.6592	2023
16	American Samoa	59.6503	62.236	63.1683	62.3835	64.7657	65.9144	67.5551	68.8802	68.5538	68.5936	69.4829	70.2994	70.6065	70.5677	2023
184	Cook Islands	43.7839	50.2973	55.3794	63.4135	68.4335	66.4069	65.8498	66.9411	66.6414	68.9867	69.5061	71.055	72.8912	73.7984	2023
258	French Polynesia	53.213	57.1501	59.3383	60.5907	62.2336	64.5909	68.1813	71.2681	73.222	75.5605	77.3072	78.097	79.4203	80.3978	2023
570	Niue	84.0844	76.3649	83.3484	79.8185	86.8203	88.6673	84.8172	87.4576	88.8742	92.9956	91.9461	87.4012	86.9717	86.2433	2023
882	Samoa	48.5903	51.5438	53.9397	56.7587	59.3308	61.3291	62.9829	64.3912	65.8451	67.3355	69.7766	68.9525	69.0242	68.9482	2023
772	Tokelau	85.2542	86.8792	82.8531	84.6953	88.5718	87.7701	88.3651	88.7159	90.6115	92.2657	92.2393	92.2148	92.4866	97.4902	2023
776	Tonga	48.5018	54.2951	57.3766	60.0106	61.9109	62.875	63.3617	63.878	64.5203	65.6444	66.649	67.3102	67.8741	68.5076	2023
798	Tuvalu	54.2201	59.0533	58.3278	68.32	70.15	64.2729	64.2826	66.1614	66.7954	66.7897	63.6099	64.5443	66.4249	67.7699	2023
876	Wallis and Futuna Islands	40.1079	42.9811	48.3757	52.3467	58.3206	62.4313	65.467	71.0852	74.6405	74.7363	75.1553	76.5408	78.8508	79.27	2023
