country_code	country	2020-2025	2025-2030	2030-2035	2035-2040	2040-2045	2045-2050	2050-2055	2055-2060	2060-2065	2065-2070	2070-2075	2075-2080	2080-2085	2085-2090	2090-2095	2095-2100
900	World	69.8462	70.8703	71.4466	72.031	72.601	73.1575	73.6444	74.1388	74.649	75.1222	75.6023	76.0574	76.48	76.8994	77.3472	77.7901
1834	Sub-Saharan Africa	59.3346	60.2585	60.8259	61.4093	62.0264	62.6184	63.1505	63.7586	64.3529	64.935	65.5337	66.1651	66.7588	67.386	67.9333	68.4697
1833	Northern Africa and Western Asia	70.8182	71.7949	72.3358	72.9191	73.5153	74.0961	74.6953	75.2923	75.8589	76.4098	76.9573	77.4835	77.979	78.5192	79.0438	79.5375
1831	Central and Southern Asia	68.8115	69.7111	70.0505	70.5897	71.1123	71.6443	72.3227	72.9515	73.6814	74.2481	74.7678	75.2512	75.8792	76.6427	77.3542	78.047
1832	Eastern and South-Eastern Asia	73.6495	73.964	74.4726	75.0025	75.6475	76.2023	76.8177	77.521	78.0976	78.7276	79.2206	79.7386	80.2002	80.6437	81.0814	81.541
1830	Latin America and the Caribbean	71.3976	72.9322	73.5303	74.2455	74.9802	75.6791	76.4286	77.1859	77.8929	78.609	79.351	80.0484	80.6994	81.3144	81.9351	82.4928
1835	Oceania (excluding Australia and New Zealand)	64.4286	64.2286	64.0114	63.9755	64.0182	63.9949	63.9476	64.1468	64.3935	64.7199	64.9245	65.2097	65.3628	65.6846	66.0558	66.3246
1836	Australia/New Zealand	81.3554	81.5281	81.7229	81.964	82.2614	82.6944	82.9176	83.2747	83.656	83.9199	84.2212	84.4748	84.8523	85.1943	85.527	85.9793
1829	Europe and Northern America	75.2393	76.4436	77.1006	77.8241	78.5143	79.2279	79.93	80.6165	81.2888	81.955	82.5497	83.1473	83.6993	84.1984	84.7529	85.2176
5502	Europe, Northern America, Australia, and New Zealand	75.3846	76.5752	77.2072	77.9341	78.6202	79.3543	80.0695	80.7375	81.4272	82.132	82.738	83.3155	83.8339	84.3645	84.8685	85.3708
901	More developed regions	75.9871	77.1202	77.7689	78.4508	79.1227	79.8097	80.5141	81.1764	81.8288	82.5106	83.0856	83.6439	84.2018	84.7412	85.2444	85.706
902	Less developed regions	68.6354	69.6156	70.1959	70.7825	71.3865	71.9595	72.4846	72.9662	73.5105	73.9913	74.4754	74.9139	75.3543	75.7708	76.1922	76.6441
941	Least developed countries	63.1693	64.3461	64.9643	65.5444	66.0987	66.6754	67.255	67.8231	68.3809	68.9222	69.4437	69.9505	70.4452	70.913	71.4066	71.859
934	Less developed regions, excluding least developed countries	69.8967	70.781	71.3397	71.9239	72.5091	73.0977	73.6099	74.1582	74.6913	75.1877	75.7432	76.2383	76.6506	77.187	77.6278	78.033
948	Less developed regions, excluding China	67.0526	68.2201	68.7407	69.3266	69.9139	70.4877	71.0424	71.5259	72.0671	72.6204	73.172	73.6832	74.1843	74.676	75.1251	75.702
1636	Land-locked Developing Countries (LLDC)	62.7459	64.102	64.7027	65.3281	65.9645	66.5436	67.092	67.6499	68.2179	68.8817	69.4843	70.048	70.6101	71.2165	71.7136	72.2714
2087	LLDC: Africa	60.8217	62.0575	62.653	63.2362	63.7779	64.3471	64.9498	65.4615	66.0212	66.641	67.2658	67.8597	68.496	69.1467	69.665	70.2058
2088	LLDC: Asia	66.7979	67.8267	68.2771	68.8584	69.4094	69.9218	70.3719	70.8948	71.467	71.9662	72.4514	72.9901	73.546	74.1136	74.641	75.1913
2089	LLDC: Europe	68.7391	68.967	69.1402	69.4905	69.9111	70.5043	70.9078	71.4874	71.9369	72.4161	72.984	73.5256	74.0453	74.6747	75.3061	75.823
2090	LLDC: Latin America	65.4374	66.9667	66.9368	67.1329	67.4958	67.877	68.2114	68.6553	68.9489	69.4136	69.8776	70.4188	70.9419	71.4325	71.9275	72.5236
1637	Small Island Developing States (SIDS)	68.9004	69.6695	70.0028	70.3722	70.7088	71.0045	71.3254	71.5712	71.8766	72.1911	72.561	72.6855	72.9382	73.1752	73.4355	73.7699
2091	SIDS Caribbean	68.9972	69.6431	69.8673	70.1674	70.4497	70.762	71.0544	71.3444	71.6342	71.9792	72.3573	72.6968	73.0661	73.4411	73.8561	74.2297
2092	SIDS Pacific	64.5098	64.3712	64.2766	64.2578	64.4212	64.5225	64.5512	64.773	65.0571	65.3932	65.5462	65.8495	66.1054	66.4501	66.9482	67.2533
2093	SIDS Atlantic, Indian Ocean and South China Sea (AIS)	73.0863	73.5198	73.744	73.8679	73.9279	73.9921	74.1446	74.4822	74.6304	74.7197	74.5872	74.5982	74.6145	74.5472	74.7385	74.9585
5503	High-and-upper-middle-income countries	74.3219	75.2637	75.9131	76.5985	77.2922	77.9845	78.6772	79.4252	80.0701	80.7251	81.2997	81.9003	82.4528	82.9643	83.492	84.0766
5504	Low-and-Lower-middle-income countries	65.6899	66.7198	67.1401	67.698	68.2332	68.7515	69.2676	69.7297	70.2814	70.8252	71.4132	71.94	72.4349	72.9721	73.5138	74.038
1503	High-income countries	78.1252	79.1355	79.7297	80.3614	80.9462	81.6116	82.2313	82.8603	83.436	84.0255	84.5597	85.0014	85.5214	86.0701	86.5465	86.9971
1859	Low-and-middle-income countries	68.2254	69.233	69.7944	70.4035	71.0055	71.585	72.0989	72.5654	73.1018	73.5686	74.0612	74.5168	74.9348	75.3677	75.8158	76.2601
1517	Middle-income countries	69.1872	70.1555	70.768	71.4065	72.0373	72.652	73.1943	73.7489	74.2974	74.83	75.3665	75.8521	76.3259	76.8606	77.3362	77.746
1502	Upper-middle-income countries	72.3963	73.2127	73.8798	74.596	75.3113	75.9909	76.7369	77.5917	78.2937	78.9114	79.481	80.0622	80.5748	81.0506	81.5194	82.0047
1501	Lower-middle-income countries	66.702	67.6069	67.9797	68.5141	69.0677	69.5845	70.1187	70.5937	71.1882	71.743	72.4165	72.9752	73.498	74.1029	74.6672	75.1903
1500	Low-income countries	61.6264	62.7959	63.3213	63.8733	64.3978	64.9465	65.4294	65.9053	66.4241	66.9708	67.4897	67.9321	68.4702	68.9493	69.4709	70.0149
1518	No income group available	68.3416	67.7758	67.7433	67.927	68.2336	68.6469	69.2661	69.8467	70.4359	71.0335	71.6706	72.4056	73.038	73.6418	74.4949	75.4725
903	Africa	61.0546	61.9743	62.5336	63.097	63.7339	64.2966	64.811	65.3816	65.9703	66.5318	67.1072	67.6609	68.2021	68.7837	69.2893	69.8182
910	Eastern Africa	62.1609	63.061	63.6814	64.3084	64.8948	65.5514	66.1225	66.6169	67.2138	67.8502	68.487	69.1509	69.78	70.3613	70.9708	71.5871
108	Burundi	60.776	60.1858	59.9017	59.8402	59.8835	59.9963	60.125	60.3107	60.4836	60.6097	60.8051	61.0864	61.2602	61.5384	61.7875	62.0937
174	Comoros	64.0919	63.7434	63.8613	64.1613	64.5171	64.8878	65.3168	65.6628	66.108	66.5557	66.9273	67.3868	67.8506	68.3287	68.7917	69.2369
262	Djibouti	62.5664	62.3756	62.2937	62.4804	62.699	62.9308	63.203	63.549	63.8337	64.1521	64.4859	64.7922	65.2186	65.5615	65.9546	66.3086
232	Eritrea	65.6027	65.5561	65.6968	65.9562	66.3046	66.7793	67.174	67.5218	67.8796	68.3306	68.804	69.2355	69.721	70.298	70.8782	71.5052
231	Ethiopia	63.2754	63.2634	63.4948	63.9486	64.3721	64.8345	65.3148	65.7385	66.1791	66.6915	67.3133	67.7954	68.4096	69.0767	69.7531	70.2871
404	Kenya	60.4522	60.1669	60.0424	60.1752	60.361	60.5737	60.8489	61.124	61.3929	61.6999	62.0355	62.387	62.6697	63.0771	63.3759	63.6678
450	Madagascar	61.2401	60.6997	60.62	60.7999	61.0316	61.222	61.4823	61.7209	61.9933	62.2613	62.5374	62.7882	63.0416	63.3348	63.6929	63.9554
454	Malawi	62.7923	62.9171	62.7905	62.8929	63.1116	63.3569	63.5716	63.8168	64.1408	64.4685	64.8503	65.1869	65.5426	65.8949	66.3638	66.7795
480	Mauritius	70.9085	71.074	71.1651	71.512	71.9704	72.5055	73.1148	73.7427	74.4408	75.2129	76.0003	76.8221	77.5704	78.3764	79.1577	79.8731
175	Mayotte	72.8987	73.2808	73.4518	73.8317	74.2787	74.7972	75.4404	76.0781	76.7484	77.4325	78.1597	78.9526	79.6319	80.2567	80.8899	81.5127
508	Mozambique	59.1187	59.0707	58.9282	59.0823	59.2557	59.4666	59.7156	60.0204	60.2941	60.5461	60.849	61.1092	61.3178	61.6047	61.8791	62.1883
638	Réunion	79.4326	79.8042	79.8301	79.9832	80.2111	80.4723	80.7387	80.9772	81.1738	81.4648	81.7706	82.0845	82.3957	82.669	82.956	83.2708
646	Rwanda	64.9417	64.4133	64.3681	64.5415	64.762	65.039	65.3093	65.6107	65.9934	66.3603	66.7168	67.0653	67.495	67.9112	68.4146	68.8585
690	Seychelles	69.4039	68.8506	68.7984	68.9301	69.2121	69.5649	69.9297	70.3451	70.8219	71.3345	71.8285	72.4506	73.095	73.7645	74.4856	75.1993
706	Somalia	54.5083	54.801	54.4231	54.2951	54.2596	54.3932	54.5285	54.7517	54.9598	55.1244	55.3813	55.6425	55.9149	56.0943	56.4294	56.6709
728	South Sudan	54.2103	52.9578	52.4986	52.2995	52.3048	52.4117	52.4527	52.5586	52.7281	52.7981	52.9884	53.2318	53.4864	53.7133	53.8479	53.9796
800	Uganda	64.4138	64.2675	64.3498	64.5401	64.81	65.1433	65.5426	65.9731	66.4277	66.8068	67.1817	67.628	68.187	68.6808	69.2006	69.7762
834	United Republic of Tanzania	63.6848	63.0497	63.0109	63.2005	63.435	63.7016	63.9787	64.304	64.6539	64.9736	65.3497	65.6516	66.1015	66.4548	66.8218	67.3019
894	Zambia	62.3429	62.6498	62.4231	62.4051	62.514	62.6936	62.882	63.0923	63.3016	63.4693	63.7606	64.075	64.4081	64.7585	65.0256	65.2659
716	Zimbabwe	59.3181	59.2994	59.5772	59.9726	60.434	60.9369	61.4567	61.9135	62.3561	62.8795	63.3297	63.7571	64.1622	64.5751	65.006	65.5009
911	Middle Africa	58.3223	59.371	59.5285	59.8392	60.1793	60.5175	60.8897	61.1722	61.4478	62.0059	62.391	62.8729	63.3258	63.6766	64.1906	64.7192
24	Angola	61.3032	60.8563	60.6845	60.7287	60.86	61.0179	61.2653	61.4594	61.6745	61.9242	62.1882	62.3429	62.5632	62.928	63.2058	63.4327
120	Cameroon	60.3728	60.5284	60.6675	60.9201	61.2605	61.6257	61.9714	62.3016	62.6515	63.0432	63.5151	63.8819	64.22	64.67	65.0693	65.3812
140	Central African Republic	42.3785	53.9958	54.0473	54.2011	54.5447	54.8935	55.306	55.6891	56.0639	56.5224	56.9655	57.3165	57.7146	58.1506	58.5738	58.9969
148	Chad	52.2354	51.5467	51.1969	51.1427	51.2398	51.3306	51.5515	51.7598	52.0126	52.2759	52.5779	52.8434	53.0715	53.271	53.4414	53.8278
178	Congo	63.3051	62.926	62.9045	62.9651	63.0972	63.3067	63.535	63.7648	64.0322	64.3283	64.6479	64.8895	65.1402	65.4091	65.7403	66.0667
180	Democratic Republic of the Congo	58.8445	58.3217	58.0893	58.0933	58.1417	58.268	58.4295	58.6043	58.7876	59.0454	59.2814	59.618	59.8823	60.1004	60.3175	60.5675
226	Equatorial Guinea	61.2997	60.7487	60.5797	60.6255	60.7442	60.9593	61.1383	61.3676	61.6462	61.8699	62.2491	62.5185	62.8187	63.1329	63.384	63.7046
266	Gabon	65.21	64.6675	64.5435	64.5901	64.7731	64.9744	65.1839	65.4498	65.7143	66.0203	66.3696	66.749	67.1443	67.5604	68.012	68.4138
678	Sao Tome and Principe	65.4433	65.162	65.0922	65.211	65.4746	65.7812	66.127	66.461	66.8288	67.1677	67.6434	68.1353	68.6821	69.2763	69.9664	70.613
912	Northern Africa	69.1047	69.6183	69.9473	70.4251	71.0315	71.4384	71.937	72.5183	72.8737	73.3861	73.9773	74.4628	75.0238	75.5034	75.9224	76.3451
12	Algeria	74.1648	74.1614	74.3624	74.7918	75.3052	75.9419	76.5499	77.1872	77.8633	78.5495	79.3049	80.089	80.7949	81.5447	82.1936	82.7318
818	Egypt	68.4954	68.4345	68.4016	68.5924	68.8024	69.1366	69.4307	69.8278	70.2209	70.7275	71.2486	71.7657	72.4111	72.9561	73.6069	74.3019
434	Libya	69.6228	71.0299	71.3376	71.7224	72.1945	72.7013	73.2838	73.9279	74.6598	75.3583	76.0627	76.844	77.6347	78.3735	79.1512	79.9294
504	Morocco	72.3517	72.2984	72.3486	72.5509	72.9257	73.3772	73.8933	74.348	74.8981	75.5249	76.1242	76.7522	77.4451	78.064	78.7379	79.4513
729	Sudan	62.5988	62.0375	61.914	62.0283	62.3122	62.5776	62.8931	63.2383	63.5191	63.8758	64.2363	64.5712	64.9368	65.3106	65.7693	66.2463
788	Tunisia	72.7679	73.3084	73.6169	74.0944	74.6921	75.3646	76.121	76.8601	77.6195	78.3806	79.2101	79.9943	80.716	81.3385	81.8504	82.3732
732	Western Sahara	69.2662	68.6513	68.6396	68.7573	68.9711	69.24	69.5817	69.9487	70.3091	70.7853	71.2924	71.7264	72.2234	72.6656	73.2855	73.884
913	Southern Africa	61.2969	61.5055	61.5781	61.7136	62.066	62.3499	62.7726	63.2864	63.6065	64.1385	64.4899	64.9871	65.3676	65.6181	66.1207	66.4601
72	Botswana	65.0957	65.2836	64.9686	64.8396	64.7999	64.92	65.0341	65.2091	65.4173	65.6525	65.8339	66.052	66.4017	66.7079	66.9982	67.3616
748	Eswatini	59.0835	59.7369	59.3593	59.2139	59.2668	59.3852	59.5227	59.6421	59.8174	60.045	60.2378	60.4099	60.6103	60.9038	61.1925	61.4716
426	Lesotho	53.5034	54.1742	54.8642	55.5656	56.2869	56.9905	57.5834	58.1594	58.7059	59.2571	59.7554	60.3052	60.7795	61.2593	61.7122	62.1691
516	Namibia	61.0164	62.028	61.8043	61.8001	61.8062	61.963	62.1358	62.278	62.5755	62.8381	63.1041	63.3466	63.7579	64.0873	64.4001	64.7955
710	South Africa	61.4791	61.406	61.3001	61.4	61.5966	61.8858	62.1364	62.4544	62.8068	63.1832	63.5102	63.8372	64.2005	64.5813	65.0379	65.4674
914	Western Africa	56.7464	56.7341	56.8518	57.1499	57.5521	57.9152	58.3572	58.8643	59.356	59.7973	60.1261	60.757	61.153	61.5739	62.2382	62.5997
204	Benin	58.7795	57.9105	57.6037	57.5908	57.6525	57.7238	57.9033	58.1346	58.303	58.5055	58.7385	58.9537	59.1561	59.4187	59.6637	59.9379
854	Burkina Faso	58.4188	57.5735	57.4435	57.5177	57.6187	57.83	58.0521	58.2854	58.5948	58.8005	59.0745	59.4059	59.6979	60.0185	60.2603	60.6194
132	Cabo Verde	71.9703	72.1303	72.3356	72.782	73.3016	73.9093	74.5581	75.2232	75.9145	76.6276	77.4307	78.1848	78.9306	79.6052	80.2239	80.8075
384	Côte d'Ivoire	59.1865	58.5699	58.3436	58.3316	58.3963	58.5646	58.673	58.9264	59.131	59.3192	59.4984	59.7989	60.1082	60.2929	60.5491	60.801
270	Gambia	63.2017	62.9109	62.7562	62.7957	62.9468	63.1252	63.294	63.5327	63.7191	63.9489	64.2053	64.4327	64.7347	65.0143	65.295	65.519
288	Ghana	62.5272	61.8845	61.7738	61.8251	61.9985	62.1808	62.4583	62.7069	62.9792	63.2455	63.6074	63.9178	64.1853	64.4097	64.7211	65.0583
324	Guinea	58.7278	57.9932	57.6909	57.7344	57.7735	57.8772	58.0296	58.1345	58.3283	58.5759	58.7953	59.0414	59.2671	59.4363	59.705	59.9019
624	Guinea-Bissau	60.5686	60.3071	60.097	60.0727	60.1744	60.3306	60.5125	60.6358	60.8787	61.0857	61.396	61.636	61.8344	62.1237	62.3279	62.5607
430	Liberia	60.2563	59.3498	58.9796	58.8432	58.8827	58.9926	59.0959	59.1748	59.3179	59.4983	59.7201	59.9132	60.0002	60.1364	60.3571	60.6267
466	Mali	58.2972	57.743	57.6599	57.8161	58.1029	58.4039	58.6526	58.8491	59.1007	59.3531	59.7063	59.962	60.1665	60.3602	60.6417	60.8842
478	Mauritania	65.7449	65.4366	65.449	65.6816	65.9507	66.2366	66.6476	67.032	67.3878	67.8612	68.3273	68.7922	69.2329	69.711	70.3087	70.9003
562	Niger	59.3671	59.0648	59.1146	59.3961	59.7673	60.0871	60.4806	60.8352	61.1406	61.4955	61.7967	62.0549	62.3472	62.6367	62.9526	63.1678
566	Nigeria	53.4159	52.3885	51.9269	51.7716	51.7636	51.7792	51.8693	52.0864	52.2428	52.3737	52.618	52.8448	53.0562	53.355	53.6416	53.9132
654	Saint Helena	73.7181	73.0888	73.1764	73.4399	73.8194	74.2847	74.8476	75.4942	76.0528	76.6762	77.3023	77.9529	78.5727	79.1779	79.7265	80.1655
686	Senegal	65.8797	65.7832	65.8914	66.1891	66.4709	66.7676	67.0643	67.3199	67.6205	68.0153	68.3568	68.7088	69.0799	69.4427	69.943	70.487
694	Sierra Leone	59.2381	58.7129	58.5391	58.58	58.6726	58.8583	59.0367	59.2723	59.5716	59.7906	60.0581	60.3118	60.5871	60.9485	61.2748	61.5355
768	Togo	61.6926	61.0324	60.7771	60.7338	60.7765	60.8767	60.9865	61.1597	61.3232	61.5336	61.7634	61.9633	62.17	62.4531	62.6738	62.9852
935	Asia	71.4815	72.334	72.9477	73.5488	74.2227	74.8545	75.4457	76.0747	76.7015	77.2997	77.8849	78.3402	78.9277	79.574	80.1589	80.6822
5500	Central Asia	68.4926	68.9553	69.1537	69.494	69.8864	70.3305	70.7382	71.3649	71.9664	72.5186	73.0877	73.7365	74.2935	74.9451	75.5086	76.1833
398	Kazakhstan	68.5886	69.1789	69.2339	69.4761	69.8126	70.2268	70.7073	71.2261	71.8407	72.4396	73.0347	73.7334	74.4781	75.1676	75.8943	76.6256
417	Kyrgyzstan	67.1773	66.9838	66.81	66.8958	67.1267	67.4078	67.7349	68.1345	68.6191	69.1769	69.7546	70.3052	70.8669	71.5301	72.2383	72.8901
762	Tajikistan	68.5083	68.2354	67.9842	67.9256	67.9593	68.0805	68.2719	68.4897	68.761	69.1026	69.4715	69.8983	70.3824	70.7057	71.1745	71.7052
795	Turkmenistan	66.277	65.609	65.3316	65.278	65.3755	65.4732	65.6611	65.9282	66.1219	66.4535	66.8246	67.2648	67.6287	68.0632	68.5401	69.0058
860	Uzbekistan	68.9318	68.1865	67.9482	67.9418	68.0745	68.2748	68.4538	68.8166	69.1395	69.5706	70.0479	70.4551	70.9783	71.6747	72.3401	72.9612
906	Eastern Asia	75.8638	75.9032	76.3314	76.9371	77.579	78.2271	78.98	79.833	80.6004	81.1973	81.7501	82.2967	82.942	83.3539	83.8856	84.3471
156	China	75.0687	75.0627	75.5977	76.235	76.9629	77.7066	78.4936	79.3531	80.1253	80.7735	81.351	81.8624	82.3301	82.7367	83.1201	83.5529
344	China, Hong Kong SAR	82.3005	81.915	81.838	81.9277	82.1008	82.3185	82.5237	82.7864	83.0362	83.3706	83.6658	83.9999	84.32	84.659	84.989	85.2453
446	China, Macao SAR	81.0334	80.5464	80.8588	81.1743	81.5095	81.8301	82.1205	82.407	82.7366	83.0493	83.3488	83.7061	83.9732	84.2924	84.6444	85.0093
158	China, Taiwan Province of China	77.4386	77.326	77.8348	78.4422	79.0822	79.656	80.1931	80.6824	81.0701	81.4545	81.8054	82.1223	82.4774	82.8523	83.1693	83.5058
408	Dem. People's Republic of Korea	71.0179	70.1779	69.9285	69.9348	69.9999	70.1935	70.4339	70.7211	71.0653	71.4297	71.8625	72.3179	72.8885	73.4763	74.0335	74.6481
392	Japan	81.326	80.8428	80.8712	81.0597	81.2976	81.5983	81.9051	82.2457	82.5592	82.9268	83.3189	83.6718	84.0529	84.3987	84.7705	85.1486
496	Mongolia	66.2478	66.6466	67.1098	67.7187	68.4187	69.2216	70.0127	70.8158	71.6766	72.5721	73.4277	74.3804	75.3967	76.3261	77.2124	78.0594
410	Republic of Korea	80.445	80.2343	80.187	80.3115	80.5024	80.7529	80.9729	81.2428	81.5221	81.7957	82.031	82.3711	82.7065	83.0162	83.3353	83.7415
5501	Southern Asia	68.7977	69.6781	70.0033	70.5431	71.0445	71.5756	72.2538	72.8698	73.5898	74.1259	74.6499	75.1239	75.7536	76.4896	77.221	77.8972
4	Afghanistan	62.0971	63.4867	63.5826	63.8773	64.1332	64.4291	64.6484	64.9374	65.2502	65.5088	65.7752	66.0902	66.3553	66.6383	66.8894	67.1889
50	Bangladesh	71.726	72.4847	72.8882	73.5147	74.2112	74.9774	75.7005	76.5426	77.3816	78.2133	79.1105	79.9928	80.7774	81.4919	82.1791	82.7741
64	Bhutan	70.9161	70.6592	71.0375	71.5643	72.1969	72.8315	73.5359	74.2784	75.0026	75.7549	76.5692	77.3602	78.1908	78.973	79.8022	80.5213
356	India	69.1307	69.6688	69.8749	70.2052	70.6001	71.125	71.5941	72.1144	72.7248	73.3706	74.0654	74.7314	75.4068	76.1915	76.9663	77.7552
364	Iran (Islamic Republic of)	74.3369	75.1777	75.5763	76.1224	76.7428	77.47	78.2007	78.9442	79.716	80.4862	81.2757	81.9304	82.5577	83.0368	83.4497	83.8678
462	Maldives	78.7391	79.4236	80.0285	80.7657	81.5655	82.2358	82.8075	83.3286	83.7687	84.1477	84.4635	84.7332	85.0036	85.2849	85.5648	85.7897
524	Nepal	68.0417	68.0105	68.2242	68.5845	68.9767	69.3396	69.7447	70.2341	70.7604	71.2957	71.7747	72.3346	72.9744	73.5603	74.2568	74.991
586	Pakistan	64.4503	63.923	63.6698	63.6897	63.7951	63.9633	64.1092	64.3493	64.6308	64.9061	65.2067	65.5232	65.9137	66.3175	66.7458	67.1304
144	Sri Lanka	73.7321	73.6667	73.9267	74.396	75.01	75.6535	76.3464	77.1012	77.9057	78.6514	79.3605	80.072	80.5979	81.1602	81.6254	82.0639
920	South-Eastern Asia	68.441	68.9902	69.3922	69.8499	70.3217	70.7997	71.2028	71.8252	72.3761	72.883	73.2669	73.8158	74.4283	75.0862	75.7855	76.3908
96	Brunei Darussalam	72.6062	72.3711	72.3735	72.5806	72.9459	73.3382	73.8054	74.3092	74.8602	75.4509	76.1017	76.6957	77.4029	78.1219	78.8656	79.5333
116	Cambodia	67.3889	66.7779	66.5841	66.5867	66.6293	66.8253	66.9448	67.1392	67.3758	67.6599	67.9804	68.359	68.7492	69.1433	69.5988	70.099
360	Indonesia	67.824	67.7854	67.6056	67.6612	67.773	67.9988	68.2357	68.4846	68.8181	69.0954	69.4179	69.8787	70.3614	70.9028	71.4243	71.9735
418	Lao People's Democratic Republic	66.1944	65.8786	66.045	66.3509	66.6699	67.0057	67.2999	67.6237	68.0025	68.379	68.8335	69.2192	69.6529	70.0712	70.6746	71.1827
458	Malaysia	73.2449	73.5109	73.6543	74.0144	74.5061	75.0357	75.5916	76.24	76.9588	77.635	78.2985	79.0436	79.7719	80.3989	81.0133	81.5757
104	Myanmar	63.1758	62.7052	62.7361	62.9298	63.1819	63.4583	63.8235	64.0862	64.4174	64.8311	65.18	65.552	65.9528	66.3582	66.8258	67.2564
608	Philippines	66.0016	65.5164	65.2576	65.1766	65.2329	65.3584	65.5743	65.7845	66.0143	66.3359	66.6397	66.9901	67.4539	67.9673	68.5617	69.1073
702	Singapore	80.8622	80.5666	80.633	80.8362	81.0472	81.3111	81.5624	81.827	82.1022	82.4227	82.6861	83.0919	83.4402	83.7431	84.1026	84.4329
764	Thailand	72.1033	71.8003	72.2866	72.9648	73.7711	74.6116	75.4494	76.3349	77.1613	77.9257	78.6024	79.1726	79.7312	80.1541	80.6842	81.1398
626	Timor-Leste	65.3717	64.9867	64.9614	65.1051	65.3744	65.6284	65.9278	66.1618	66.3876	66.7007	66.9879	67.2575	67.5534	67.946	68.2426	68.5965
704	Viet Nam	69.6412	69.1203	69.3101	69.6762	70.1163	70.665	71.3021	71.9017	72.5735	73.2771	74.0057	74.777	75.5872	76.455	77.2862	78.0714
922	Western Asia	72.3159	73.3224	73.8111	74.3571	74.9267	75.4579	75.9418	76.5489	77.1341	77.6334	78.1253	78.599	79.034	79.4853	80.0052	80.4853
51	Armenia	69.4979	70.6279	70.8012	71.1424	71.6545	72.2202	72.8429	73.4895	74.1612	74.8254	75.6029	76.3457	77.0851	77.7757	78.4658	79.073
31	Azerbaijan	70.185	70.5229	70.4989	70.6677	70.9506	71.3102	71.719	72.2162	72.77	73.3911	73.9783	74.6405	75.3996	76.0251	76.7793	77.432
48	Bahrain	79.4733	80.0327	80.2384	80.6038	81.0948	81.6247	82.1853	82.7495	83.2576	83.6888	84.068	84.4268	84.7207	84.9577	85.2153	85.4143
196	Cyprus	78.8956	79.2078	79.57	80.0578	80.6571	81.1409	81.6115	82.0423	82.4348	82.7919	83.2131	83.5349	83.8988	84.2293	84.5414	84.8111
268	Georgia	68.7296	68.7662	68.9148	69.2354	69.698	70.2329	70.8296	71.4598	72.1563	72.8778	73.5772	74.2762	74.9834	75.7035	76.4006	77.0384
368	Iraq	69.456	68.9912	68.5935	68.3957	68.4153	68.4288	68.5674	68.7106	68.9837	69.1789	69.4774	69.7178	70.0567	70.4755	70.8707	71.2952
376	Israel	80.2565	79.7498	80.1026	80.5264	80.9332	81.2921	81.6145	81.9437	82.3107	82.6252	82.9383	83.2649	83.5645	83.8828	84.1654	84.4709
400	Jordan	74.4759	74.986	75.1626	75.5276	75.9748	76.5211	77.1316	77.7475	78.4122	79.0479	79.6909	80.4191	81.0448	81.6293	82.2057	82.7317
414	Kuwait	77.9741	78.6574	78.9647	79.4331	79.9859	80.6004	81.2999	81.8915	82.4512	82.9521	83.3959	83.8134	84.1942	84.5279	84.8172	85.0953
422	Lebanon	74.4657	74.8306	74.8025	74.9633	75.2599	75.5876	75.9899	76.4294	76.9407	77.4844	78.0534	78.61	79.2416	79.9066	80.4819	80.9873
512	Oman	77.1316	78.084	78.5397	79.1557	79.8406	80.5634	81.2733	81.9561	82.5691	83.0888	83.5529	83.9176	84.266	84.5937	84.8329	85.0737
634	Qatar	80.9183	81.0286	81.2392	81.6125	81.9984	82.4456	82.8901	83.2781	83.6388	83.9609	84.2681	84.5353	84.8077	85.0471	85.2711	85.4695
682	Saudi Arabia	76.1863	76.6517	77.0635	77.7087	78.3902	79.0913	79.8646	80.6541	81.3777	82.0061	82.5513	83.0464	83.4901	83.9108	84.3107	84.6756
275	State of Palestine	67.8634	72.9868	73.6767	74.054	74.5091	74.9895	75.5379	76.137	76.8309	77.465	78.1102	78.7614	79.4678	80.1391	80.7754	81.2971
760	Syrian Arab Republic	69.7215	69.235	69.2288	69.4063	69.7271	70.0047	70.3584	70.7533	71.1515	71.6445	72.1497	72.792	73.4326	74.0575	74.7228	75.3661
792	Türkiye	73.8344	74.1455	74.5701	75.1027	75.7414	76.3846	77.1082	77.7914	78.4952	79.1654	79.7945	80.3719	80.9222	81.3985	81.8182	82.2346
784	United Arab Emirates	80.4179	81.5019	81.8234	82.256	82.6779	83.0989	83.5365	83.8687	84.1548	84.4652	84.7591	85.015	85.2442	85.465	85.6825	85.9553
887	Yemen	65.4939	65.9117	65.673	65.6626	65.7437	65.9124	66.1265	66.2955	66.5271	66.7644	67.0206	67.2813	67.5437	67.903	68.2806	68.5415
908	Europe	74.925	76.0594	76.7704	77.5466	78.3194	79.071	79.7546	80.4595	81.1385	81.836	82.542	83.11	83.6643	84.2128	84.7268	85.2265
923	Eastern Europe	68.8161	69.782	70.3646	71.111	71.8199	72.6224	73.3475	74.0769	74.7233	75.5093	76.2497	76.9378	77.6233	78.3691	78.9583	79.6314
112	Belarus	68.6197	68.8489	69.0815	69.5801	70.1305	70.7601	71.4515	72.1886	72.8915	73.6809	74.422	75.1924	75.9625	76.7116	77.3927	77.9841
100	Bulgaria	70.5962	71.3662	71.5431	71.8936	72.3674	72.8561	73.4043	74.014	74.6588	75.3529	75.973	76.7003	77.4377	78.1031	78.715	79.2804
203	Czechia	75.9375	76.352	76.5707	76.9355	77.4415	77.9536	78.502	79.0873	79.6698	80.159	80.6091	81.0039	81.4114	81.8201	82.2265	82.5948
348	Hungary	72.62	72.9919	73.1887	73.5791	74.058	74.6377	75.3366	75.9537	76.627	77.395	78.1867	78.8827	79.5363	80.1628	80.7289	81.1653
616	Poland	73.7086	74.4468	74.8356	75.394	76.0337	76.7248	77.4571	78.0996	78.6555	79.1873	79.6335	80.1075	80.552	80.9443	81.2906	81.6446
498	Republic of Moldova	65.8755	65.3657	65.1955	65.2679	65.4636	65.7134	66.0504	66.4199	66.8069	67.3036	67.7815	68.3253	68.9146	69.5622	70.176	70.8152
642	Romania	71.1999	71.5889	71.6979	71.9986	72.4119	72.93	73.4818	74.088	74.7469	75.4556	76.1575	76.9573	77.6815	78.332	79.0062	79.6041
643	Russian Federation	66.5448	66.6138	66.9399	67.4649	68.0284	68.6789	69.4085	70.117	70.922	71.7741	72.519	73.3419	74.1429	74.8999	75.7085	76.4112
703	Slovakia	73.663	74.4535	74.7979	75.2613	75.8134	76.4836	77.1531	77.8649	78.5199	79.1563	79.6551	80.165	80.6415	81.0652	81.4795	81.8374
804	Ukraine	67.3348	68.2962	68.5889	68.9763	69.4911	70.0849	70.7122	71.3374	71.9892	72.6932	73.4867	74.2496	75.0101	75.8008	76.5452	77.1683
924	Northern Europe	78.9289	79.2243	79.7041	80.2048	80.7986	81.3997	81.9399	82.4476	83.016	83.3958	83.8077	84.2572	84.7105	85.0576	85.558	85.8286
208	Denmark	79.6275	79.5075	79.7609	80.1799	80.6107	81.0335	81.4451	81.8439	82.2146	82.5598	82.9415	83.2681	83.5347	83.8215	84.1387	84.4316
233	Estonia	74.0808	74.4886	74.9186	75.5203	76.1866	76.844	77.4667	77.9967	78.5369	79.0296	79.433	79.8055	80.2214	80.6454	81.0011	81.35
234	Faroe Islands	77.7548	77.8033	78.314	78.9502	79.6395	80.3364	80.9599	81.5253	82.0249	82.5174	82.899	83.2719	83.6554	84.008	84.3315	84.7185
246	Finland	78.8715	78.8319	79.2333	79.6717	80.0669	80.4295	80.7453	81.0598	81.376	81.664	81.9597	82.2771	82.6181	82.9643	83.3007	83.5897
831	Guernsey	80.6428	80.5431	80.676	80.8933	81.1276	81.3442	81.6065	81.8825	82.1617	82.4078	82.6347	82.9344	83.2425	83.4229	83.6909	83.9758
352	Iceland	80.7571	80.7659	80.8323	80.9754	81.2532	81.525	81.9253	82.3912	82.8697	83.4728	83.9501	84.4863	84.8703	85.2881	85.6695	86.11
372	Ireland	80.1148	79.9634	80.3365	80.7821	81.1946	81.5372	81.9085	82.2485	82.5461	82.8246	83.1883	83.5503	83.8886	84.2006	84.4903	84.7695
833	Isle of Man	78.6031	78.3311	78.5411	78.9425	79.4142	79.9773	80.4917	81.0236	81.4351	81.8762	82.1972	82.5482	82.9259	83.2627	83.5924	83.9081
832	Jersey	77.402	77.0217	77.188	77.5531	78.0146	78.5518	79.1628	79.7497	80.3343	80.8634	81.435	81.9109	82.3148	82.8069	83.2235	83.6043
428	Latvia	70.3673	70.8747	71.0942	71.5184	72.0186	72.5731	73.146	73.7785	74.4086	75.1529	75.825	76.5775	77.2244	77.8534	78.4378	78.9908
440	Lithuania	70.3414	70.5743	70.8388	71.2818	71.8144	72.4362	73.0785	73.8334	74.5493	75.2745	75.9604	76.6473	77.2722	77.8772	78.4752	78.933
578	Norway	81.3883	81.2572	81.5081	81.841	82.1274	82.4121	82.713	83.0361	83.3563	83.6239	83.9235	84.1715	84.4733	84.748	85.0486	85.3667
752	Sweden	81.1675	80.9937	81.2222	81.4834	81.7807	82.0498	82.3543	82.6805	82.948	83.2572	83.6058	83.9107	84.1813	84.5023	84.8307	85.1214
826	United Kingdom	78.9357	78.7929	79.0098	79.3573	79.8592	80.364	80.8611	81.3122	81.7287	82.0684	82.4473	82.8071	83.1549	83.4867	83.7867	84.1047
925	Southern Europe	79.217	80.1972	80.703	81.2207	81.7606	82.201	82.6743	83.1312	83.6644	84.1525	84.6444	85.0871	85.5427	86.0405	86.445	86.862
8	Albania	76.5396	77.1711	77.4512	77.9349	78.5212	79.1643	79.8685	80.5512	81.2087	81.7733	82.3123	82.8272	83.2445	83.6201	84.041	84.3167
20	Andorra	80.9671	81.459	81.527	81.7392	81.9569	82.2501	82.5278	82.7974	83.09	83.3992	83.671	83.9461	84.3031	84.5947	84.8894	85.1783
70	Bosnia and Herzegovina	73.1234	73.9403	74.3263	74.8396	75.4732	76.1444	76.8703	77.6404	78.4164	79.0952	79.7409	80.3381	80.9035	81.3729	81.7733	82.1769
191	Croatia	74.7776	74.8461	75.1502	75.6263	76.236	76.8598	77.5419	78.2267	78.8747	79.4524	79.9829	80.4591	80.9375	81.3771	81.7645	82.1129
292	Gibraltar	80.104	80.2656	80.3349	80.5143	80.7108	80.9521	81.1883	81.4381	81.7488	82.0281	82.3385	82.6709	82.9733	83.2184	83.5566	83.8963
300	Greece	78.3436	78.974	79.442	79.9618	80.4157	80.8426	81.2098	81.531	81.9104	82.2056	82.4751	82.8368	83.2029	83.464	83.7596	84.0846
380	Italy	80.6718	81.0915	81.2324	81.4665	81.6985	81.9781	82.2579	82.5648	82.815	83.1467	83.5248	83.8467	84.1458	84.4532	84.7822	85.0765
412	Kosovo (under UNSC res. 1244)	74.5569	75.2127	75.487	75.9427	76.5298	77.1475	77.8276	78.5161	79.1697	79.8457	80.5526	81.1841	81.7489	82.2378	82.7437	83.1326
470	Malta	80.6454	80.9042	81.143	81.4503	81.7509	82.0328	82.3108	82.5919	82.8938	83.2674	83.5695	83.7975	84.0849	84.407	84.764	85.0716
499	Montenegro	72.5782	73.0754	73.3312	73.7582	74.307	74.84	75.5298	76.2475	76.9647	77.7262	78.3972	79.1433	79.7398	80.2571	80.7266	81.2072
807	North Macedonia	73.5433	74.2211	74.2343	74.425	74.7557	75.1342	75.6219	76.0865	76.5788	77.1642	77.8318	78.493	79.196	79.8471	80.4785	80.989
620	Portugal	78.7391	79.1621	79.4943	79.86	80.1879	80.5657	80.8138	81.1393	81.4754	81.7952	82.1195	82.4422	82.7884	83.1456	83.4553	83.814
674	San Marino	83.1199	83.2077	83.1342	83.224	83.3445	83.4842	83.6996	83.9879	84.2491	84.4987	84.7824	85.0782	85.3304	85.5909	85.8489	86.1713
688	Serbia	72.039	72.8397	73.0922	73.5508	74.139	74.8186	75.5428	76.2553	76.9887	77.7731	78.5455	79.2664	79.9653	80.557	81.0457	81.515
705	Slovenia	78.2138	78.5382	78.9504	79.4301	79.8866	80.3279	80.7457	81.1193	81.4724	81.7814	82.0819	82.4401	82.7807	83.1359	83.4294	83.7267
724	Spain	80.1791	80.2694	80.38	80.5758	80.8214	81.0884	81.3774	81.6246	81.8826	82.2354	82.5609	82.8991	83.2675	83.5379	83.8329	84.1605
926	Western Europe	79.3121	79.835	80.3235	80.8683	81.4207	81.9699	82.5233	82.9553	83.4058	83.9195	84.3384	84.7599	85.1763	85.607	85.9693	86.3513
40	Austria	79.1572	79.1867	79.5877	80.0748	80.5034	80.9186	81.2941	81.6816	82.0246	82.3741	82.6815	83.0225	83.3453	83.7083	84.0407	84.3494
56	Belgium	79.2372	79.4534	79.789	80.2248	80.6803	81.0582	81.4405	81.7863	82.1225	82.4409	82.78	83.1163	83.456	83.762	84.0738	84.4167
250	France	79.7009	79.7715	79.8352	80.0341	80.273	80.5124	80.7754	81.037	81.3388	81.6746	81.9094	82.2143	82.5364	82.8128	83.1266	83.4181
276	Germany	78.5606	78.5629	78.895	79.3352	79.8265	80.349	80.7994	81.2006	81.5478	81.9039	82.1839	82.5779	82.9274	83.2249	83.5609	83.8558
438	Liechtenstein	81.252	81.4333	81.6752	81.9419	82.2437	82.5488	82.8845	83.2247	83.5018	83.8332	84.2042	84.5107	84.8454	85.1907	85.5236	85.8762
442	Luxembourg	80.2797	80.0098	80.2146	80.5986	81.0283	81.4375	81.8207	82.2193	82.5825	82.9034	83.2053	83.5583	83.9001	84.1741	84.4681	84.7392
492	Monaco	83.838	83.4164	83.2622	83.2971	83.4158	83.5974	83.7716	83.959	84.2489	84.5256	84.7903	85.0613	85.2907	85.5934	85.9063	86.2728
528	Netherlands	80.0898	80.0064	80.2411	80.6322	81.096	81.5653	82.0017	82.4048	82.8281	83.1745	83.5368	83.8869	84.2704	84.5719	84.9168	85.222
756	Switzerland	81.4945	81.4549	81.5577	81.7437	81.9907	82.1927	82.4515	82.6986	83.0103	83.2874	83.6302	83.9012	84.1548	84.5022	84.8652	85.2353
5505	Americas	73.2378	74.6509	75.2079	75.8349	76.478	77.1923	77.9016	78.6064	79.3178	80.0094	80.7021	81.2792	81.8555	82.4466	83.0347	83.5436
904	Latin America and the Caribbean	71.3976	72.9322	73.5303	74.2455	74.9802	75.6791	76.4286	77.1859	77.8929	78.609	79.351	80.0484	80.6994	81.3144	81.9351	82.4928
915	Caribbean	69.0127	69.6091	69.7894	70.0863	70.3276	70.6252	70.9259	71.2078	71.4624	71.7683	72.1639	72.5198	72.8127	73.1316	73.4581	73.8235
660	Anguilla	75.5915	75.5914	75.9668	76.5008	77.131	77.8344	78.4971	79.0278	79.6243	80.1074	80.5668	80.984	81.3705	81.7258	82.0367	82.4193
28	Antigua and Barbuda	74.2718	73.8906	74.122	74.5647	75.0862	75.6822	76.3444	77.1293	77.7943	78.505	79.1744	79.8263	80.3864	80.9811	81.45	81.9123
533	Aruba	72.7548	72.7827	72.7879	72.9226	73.2174	73.6588	74.1388	74.6004	75.1577	75.7486	76.3293	76.9726	77.6148	78.2841	79.0103	79.6131
44	Bahamas	69.8532	69.9673	69.9672	70.1729	70.5089	70.9181	71.2609	71.8336	72.3908	72.994	73.5878	74.2196	74.76	75.4834	76.1735	76.8437
52	Barbados	73.53	72.7171	72.7576	73.006	73.3631	73.7499	74.319	74.8738	75.3918	75.9927	76.5935	77.2279	77.9163	78.591	79.2601	79.9532
535	Bonaire, Sint Eustatius and Saba	75.2364	74.4496	74.5587	74.8468	75.2841	75.7849	76.2887	76.8384	77.4331	78.0608	78.6795	79.2727	79.9029	80.4297	80.9351	81.3849
92	British Virgin Islands	73.8868	73.7764	73.937	74.2506	74.6971	75.1888	75.7995	76.4179	77.028	77.686	78.3728	79.0355	79.6735	80.2317	80.7566	81.2975
136	Cayman Islands	77.4364	77.5509	77.9527	78.4564	79.0738	79.76	80.3593	80.8878	81.3949	81.8501	82.2744	82.6617	82.9858	83.3738	83.749	84.1074
192	Cuba	74.3405	75.0412	75.3046	75.7215	76.2129	76.8011	77.4419	78.1134	78.8324	79.4549	80.0834	80.6656	81.2275	81.7268	82.203	82.6541
531	Curaçao	72.0582	71.8671	72.1042	72.5793	73.1283	73.7312	74.3605	75.0651	75.8123	76.5973	77.2597	77.9083	78.5026	79.0575	79.565	79.9901
212	Dominica	67.7724	67.0712	67.0411	67.1989	67.505	67.7552	68.1149	68.5162	68.9078	69.4585	69.9571	70.5229	71.0594	71.6748	72.2406	72.8526
214	Dominican Republic	69.7291	69.3744	69.1934	69.1721	69.3217	69.5337	69.8413	70.0776	70.3647	70.815	71.1956	71.6756	72.2002	72.7022	73.258	73.7892
308	Grenada	72.0293	71.4267	71.4014	71.5575	71.8661	72.2838	72.7348	73.2267	73.764	74.3004	74.8985	75.489	76.162	76.8893	77.6028	78.3469
312	Guadeloupe	76.6323	77.8071	78.0603	78.3377	78.6356	78.9274	79.2198	79.4366	79.7251	80.0625	80.2979	80.6134	80.9171	81.2514	81.5232	81.8392
332	Haiti	60.7868	60.4346	60.2425	60.2794	60.4068	60.5737	60.8141	60.9949	61.1869	61.4004	61.697	61.9453	62.2433	62.5708	62.8944	63.2069
388	Jamaica	68.2764	67.6277	67.3324	67.2806	67.3444	67.4682	67.6032	67.7559	68.033	68.3844	68.6819	69.0297	69.4721	69.9617	70.4446	71.0132
474	Martinique	77.5793	78.8634	79.0544	79.3364	79.6086	79.8363	80.118	80.3957	80.6731	80.981	81.2597	81.531	81.8217	82.1205	82.406	82.6984
500	Montserrat	73.7679	73.1947	73.1935	73.4137	73.7787	74.2059	74.6863	75.1947	75.7731	76.3766	76.9762	77.6094	78.2992	79.0159	79.6776	80.3034
630	Puerto Rico	76.6884	77.7851	78.1438	78.489	78.8585	79.1937	79.4873	79.8037	80.1058	80.4316	80.7324	81.0373	81.3565	81.6603	81.989	82.3261
652	Saint Barthélemy	81.0342	80.5124	80.4361	80.5354	80.7125	80.9469	81.1558	81.3731	81.6192	81.8695	82.1216	82.4458	82.7432	83.0141	83.308	83.6512
659	Saint Kitts and Nevis	67.3265	67.4004	67.247	67.2797	67.4411	67.7256	68.054	68.3642	68.8196	69.2905	69.7919	70.3012	70.8218	71.4387	72.0452	72.6871
662	Saint Lucia	68.3124	68.1995	68.0681	68.1843	68.4154	68.7603	69.1814	69.7335	70.2134	70.6356	71.2076	71.7518	72.4123	73.0426	73.7007	74.4071
663	Saint Martin (French part)	76.6234	76.4361	76.8361	77.4271	78.0159	78.5342	79.0012	79.4734	79.8983	80.3043	80.6705	81.027	81.355	81.6077	81.8986	82.2609
670	Saint Vincent and the Grenadines	67.6385	67.4012	67.1717	67.1848	67.3154	67.5142	67.7168	68.034	68.4087	68.7809	69.1338	69.5264	70.077	70.552	71.0546	71.594
534	Sint Maarten (Dutch part)	72.973	72.8323	72.8446	73.0257	73.3672	73.8002	74.2848	74.7815	75.3474	75.935	76.5866	77.2825	77.9127	78.5277	79.1682	79.8135
780	Trinidad and Tobago	69.5261	69.2357	69.0235	69.0735	69.2451	69.4833	69.8425	70.3036	70.7233	71.1236	71.6603	72.2266	72.8981	73.4539	73.9893	74.5896
796	Turks and Caicos Islands	75.409	75.0818	75.2359	75.6385	76.0776	76.6258	77.2254	77.9015	78.4678	79.1709	79.8414	80.5459	81.0888	81.5541	82.0772	82.5039
850	United States Virgin Islands	70.0695	70.046	70.4476	71.037	71.7525	72.5322	73.3601	74.1991	74.9963	75.7676	76.4245	77.0677	77.6172	78.1159	78.571	79.0387
916	Central America	70.2438	71.7754	72.1552	72.6601	73.1692	73.8253	74.458	75.153	75.8728	76.5794	77.2755	78.0126	78.7047	79.3974	80.0968	80.7657
84	Belize	69.762	69.904	69.7935	70.0196	70.3509	70.7572	71.2336	71.772	72.3712	72.994	73.6388	74.3019	75.023	75.7847	76.5568	77.3195
188	Costa Rica	76.9195	77.8343	78.3279	78.964	79.6189	80.2243	80.7819	81.2725	81.6675	82.0888	82.4707	82.8193	83.1118	83.4231	83.76	84.1128
222	El Salvador	66.6336	66.8376	67.1929	67.7433	68.3422	69.0144	69.7435	70.5654	71.3452	72.1629	72.9795	73.8915	74.8044	75.6516	76.4644	77.2896
320	Guatemala	68.375	69.1158	68.9762	69.0522	69.1702	69.3747	69.6412	69.9963	70.3125	70.7175	71.1279	71.5981	72.057	72.548	73.0448	73.6631
340	Honduras	69.2165	69.2542	69.1997	69.3821	69.6669	70.0473	70.5262	71.0361	71.5005	72.1093	72.6743	73.3255	74.0128	74.6967	75.4226	76.2229
484	Mexico	70.0741	71.4506	71.6059	72.0022	72.4826	73.0217	73.6178	74.2946	75.0086	75.6808	76.409	77.1863	77.9319	78.6209	79.2948	79.9371
558	Nicaragua	70.6114	71.3425	71.4152	71.6449	71.9736	72.3668	72.7796	73.3208	73.9088	74.4552	75.0886	75.7277	76.4036	77.1239	77.7814	78.4656
591	Panama	75.5682	76.2624	76.6613	77.254	77.9306	78.6026	79.2127	79.8206	80.336	80.8079	81.2531	81.6068	82.0618	82.4614	82.8428	83.1731
931	South America	72.0089	73.2537	73.7794	74.4465	75.0926	75.7994	76.4752	77.1868	77.9048	78.6521	79.4058	80.0522	80.7287	81.4345	82.0522	82.618
32	Argentina	73.3918	73.9722	74.0359	74.3128	74.6958	75.1346	75.6421	76.2617	76.8178	77.4577	78.1107	78.7473	79.3671	80.023	80.5653	81.0975
68	Bolivia (Plurinational State of)	63.4453	64.8687	64.7051	64.7797	64.9198	65.1204	65.3506	65.6661	65.9391	66.2177	66.5402	66.9609	67.353	67.7918	68.2183	68.6086
76	Brazil	71.6663	72.0223	72.2321	72.5958	73.0032	73.5005	74.1076	74.6825	75.3551	76.0421	76.6751	77.3657	78.0399	78.7564	79.4281	80.0769
152	Chile	77.8046	78.8263	79.1975	79.7936	80.4482	81.0909	81.6868	82.1654	82.5858	82.986	83.3784	83.7364	84.0391	84.3635	84.6703	84.9702
170	Colombia	73.0528	74.3486	74.6597	75.1763	75.7931	76.4665	77.1414	77.8604	78.6472	79.3727	80.0946	80.7071	81.2269	81.6895	82.1253	82.5133
218	Ecuador	72.7325	74.0495	74.3229	74.8	75.3587	75.9369	76.5719	77.2137	77.9196	78.6467	79.3024	79.9618	80.5215	81.0659	81.5683	81.9635
238	Falkland Islands (Malvinas)	76.8652	76.6799	77.0461	77.5969	78.2312	78.9264	79.6356	80.3146	80.9356	81.4642	82.0079	82.4683	82.8726	83.2393	83.6144	83.9874
254	French Guiana	73.3498	73.4686	73.6719	74.0778	74.6037	75.2178	75.8844	76.5147	77.2235	78.0119	78.7206	79.3881	80.1044	80.6437	81.1682	81.658
328	Guyana	64.8543	65.2142	64.9342	64.893	65.0225	65.1946	65.3545	65.5656	65.8678	66.1743	66.528	66.905	67.3729	67.7783	68.2536	68.7836
600	Paraguay	69.1348	69.713	69.5323	69.5884	69.7731	70.0437	70.3171	70.671	71.1605	71.6329	72.1469	72.6091	73.1085	73.7207	74.2763	74.9293
604	Peru	73.3676	74.7632	75.0263	75.4906	76.0144	76.6261	77.2256	77.909	78.6145	79.2689	79.9652	80.5644	81.1164	81.6442	82.1876	82.6157
740	Suriname	69.1044	69.361	69.2213	69.3343	69.5621	69.9201	70.2593	70.6925	71.1313	71.5597	72.1194	72.7084	73.2992	73.9	74.6177	75.3164
858	Uruguay	73.1807	73.6408	73.9279	74.3716	74.9995	75.5789	76.2476	77.0117	77.6127	78.2107	78.8028	79.3167	79.7482	80.1824	80.595	80.9224
862	Venezuela (Bolivarian Republic of)	68.285	67.7302	67.7476	68.0052	68.3541	68.8127	69.3514	69.849	70.3702	70.953	71.6509	72.3699	73.0567	73.74	74.4228	75.217
905	Northern America	75.9254	76.6662	76.8875	77.1723	77.5594	78.0956	78.6883	79.3493	80.0302	80.7663	81.2701	81.6739	82.1916	82.8085	83.1993	83.5888
60	Bermuda	78.4382	78.462	78.6474	78.9	79.1526	79.451	79.717	80.021	80.3394	80.6625	80.9919	81.3026	81.6135	81.934	82.2659	82.6097
124	Canada	79.6514	80.0279	80.3352	80.696	81.0451	81.3715	81.7037	82.054	82.3846	82.6932	82.9921	83.3086	83.6232	83.9094	84.2464	84.5633
304	Greenland	67.8555	66.6593	66.3494	66.2764	66.2679	66.4299	66.5556	66.709	66.9676	67.2405	67.5025	67.7277	68.0498	68.3907	68.7857	69.1493
666	Saint Pierre and Miquelon	72.5676	72.1707	72.4154	72.9273	73.4769	74.0959	74.7801	75.4764	76.1124	76.765	77.4226	78.0044	78.5602	78.973	79.4084	79.8683
840	United States of America	75.5037	76.2161	76.3981	76.7338	77.1413	77.6392	78.2155	78.8144	79.4376	80.0312	80.5223	81.0394	81.5038	81.9458	82.3749	82.7424
909	Oceania	76.3333	76.4545	76.503	76.6025	76.7108	76.8966	77.0414	77.1877	77.497	77.7382	77.9226	78.1149	78.3176	78.5221	78.6828	79.0797
927	Australia/New Zealand	81.3554	81.5281	81.7229	81.964	82.2614	82.6944	82.9176	83.2747	83.656	83.9199	84.2212	84.4748	84.8523	85.1943	85.527	85.9793
36	Australia	81.5535	81.5616	81.6542	81.8485	82.0463	82.3414	82.5777	82.804	83.1241	83.4017	83.6732	83.9922	84.2261	84.5096	84.7851	85.1108
554	New Zealand	80.1505	79.8493	80.0574	80.399	80.8651	81.284	81.6938	82.0699	82.454	82.7842	83.1209	83.4285	83.7145	84.0051	84.2833	84.5705
928	Melanesia	63.7004	63.406	63.1407	63.1068	63.1604	63.1554	63.1106	63.3316	63.5854	63.8889	64.1288	64.369	64.5723	64.8142	65.1942	65.4307
242	Fiji	64.5023	63.9962	63.7306	63.6707	63.7847	63.8849	64.0988	64.2807	64.4403	64.6735	64.91	65.1742	65.5142	65.7954	66.0747	66.3121
540	New Caledonia	75.2869	75.6227	75.8306	76.2001	76.7253	77.2494	77.8981	78.5069	79.0891	79.6703	80.2786	80.8727	81.4028	81.9111	82.31	82.6606
598	Papua New Guinea	62.8027	62.1888	61.7827	61.5752	61.4629	61.4587	61.4801	61.5499	61.6665	61.8113	61.9977	62.122	62.2791	62.4847	62.7461	62.9901
90	Solomon Islands	68.4954	67.8946	67.6694	67.6346	67.6961	67.8283	68.0343	68.1943	68.3707	68.5933	69.0005	69.2669	69.6468	70.0825	70.4956	70.9605
548	Vanuatu	68.7597	68.3262	68.1933	68.2973	68.5136	68.8093	69.0641	69.4314	69.8115	70.2744	70.7513	71.2325	71.7965	72.3208	72.975	73.6615
954	Micronesia	68.0793	68.3729	68.6144	68.9073	69.2785	69.5561	69.831	70.1848	70.4274	70.8066	71.0058	71.3072	71.639	72.017	72.293	72.5351
316	Guam	72.7511	72.9494	73.3247	73.8791	74.5362	75.2157	75.9078	76.6017	77.3535	78.0634	78.6244	79.1615	79.6703	80.1509	80.5513	80.9679
296	Kiribati	63.6787	63.0967	62.7406	62.6123	62.595	62.6639	62.7487	62.8903	63.057	63.1875	63.3434	63.4546	63.6754	63.8876	64.1064	64.3463
584	Marshall Islands	64.1415	63.4355	62.9685	62.755	62.6517	62.6737	62.7432	62.7966	62.9125	63.0494	63.1916	63.3391	63.5528	63.8047	64.1067	64.3061
583	Micronesia (Fed. States of)	62.9412	62.1602	61.9588	61.9717	62.1114	62.2604	62.5173	62.7668	63.0535	63.3913	63.7104	63.9403	64.3372	64.6935	65.1061	65.5708
520	Nauru	59.6734	58.7975	58.4874	58.4663	58.6121	58.6775	58.7844	59.0066	59.2528	59.5466	59.7872	60.0543	60.3185	60.5879	60.7526	60.9997
580	Northern Mariana Islands	76.6813	76.2914	76.3473	76.5678	76.9506	77.4064	77.8889	78.3866	79.0135	79.6414	80.2784	80.8073	81.3576	81.8752	82.3561	82.7453
585	Palau	66.5159	65.6966	65.2979	65.1392	65.1175	65.1545	65.2608	65.3166	65.4563	65.6333	65.8255	66.0595	66.3341	66.5646	66.8514	67.1286
957	Polynesia	74.2347	74.856	75.2471	75.641	76.011	76.2918	76.6693	76.8972	77.038	77.2226	77.2988	77.4297	77.447	77.4358	77.5981	77.7607
16	American Samoa	69.8893	68.962	68.6524	68.6732	68.8557	69.059	69.3579	69.6951	70.0818	70.4942	70.945	71.4373	71.9424	72.497	73.0829	73.8243
184	Cook Islands	71.4534	71.1362	71.3317	71.7197	72.196	72.7266	73.3275	74.0058	74.7005	75.4871	76.2394	76.9846	77.7876	78.5555	79.2159	79.9237
258	French Polynesia	80.4662	80.9774	80.9945	81.1403	81.3216	81.5085	81.7685	81.9966	82.2824	82.554	82.841	83.0871	83.3334	83.647	83.9209	84.2236
570	Niue	66.9796	66.0855	65.8442	65.7904	65.8702	65.9534	66.1185	66.3073	66.551	66.8389	67.1107	67.4327	67.8025	68.1638	68.5638	68.9841
882	Samoa	69.3552	68.4988	68.1808	68.0607	68.1343	68.2151	68.3525	68.533	68.7223	69.0118	69.3614	69.728	70.0898	70.5257	70.9767	71.4324
772	Tokelau	74.5983	73.8705	73.7243	73.8138	74.0157	74.2904	74.6697	75.0937	75.4935	76.0039	76.5357	77.0608	77.6172	78.2188	78.7773	79.339
776	Tonga	68.9249	68.2525	68.0929	68.1411	68.3342	68.6467	69.0111	69.4251	69.9114	70.419	70.9827	71.5979	72.1936	72.7789	73.4388	74.0943
798	Tuvalu	63.1244	62.4684	62.3163	62.365	62.5098	62.7823	63.0332	63.305	63.6482	63.8814	64.1671	64.5119	64.904	65.2354	65.6069	66.016
876	Wallis and Futuna Islands	77.1571	76.7373	76.642	76.8176	77.1198	77.4428	77.8076	78.2587	78.6921	79.151	79.6919	80.2323	80.8502	81.4472	81.9307	82.3793
