country_code	country	2020-2025	2025-2030	2030-2035	2035-2040	2040-2045	2045-2050	2050-2055	2055-2060	2060-2065	2065-2070	2070-2075	2075-2080	2080-2085	2085-2090	2090-2095	2095-2100
900	World	69.9876	71.4651	72.2504	73.0064	73.729	74.3891	74.9808	75.5483	76.1131	76.6685	77.2034	77.7079	78.1925	78.6656	79.1378	79.603
1834	Sub-Saharan Africa	59.4677	60.9437	61.7998	62.6096	63.3894	64.1371	64.8641	65.5739	66.2811	66.9796	67.6712	68.347	69.0119	69.6653	70.3341	71.008
1833	Northern Africa and Western Asia	70.98	72.5013	73.3218	74.1207	74.9057	75.6667	76.4073	77.1237	77.8177	78.5011	79.1702	79.8137	80.4443	81.0772	81.7046	82.3091
1831	Central and Southern Asia	68.9785	71.0335	71.9865	72.913	73.8309	74.7305	75.6043	76.4678	77.3098	78.1258	78.9124	79.674	80.4121	81.0975	81.7561	82.3966
1832	Eastern and South-Eastern Asia	73.9305	75.1037	76.0379	76.9156	77.7556	78.5395	79.2389	79.9092	80.5763	81.2232	81.8433	82.4231	82.9761	83.5348	84.072	84.59
1830	Latin America and the Caribbean	71.4866	73.647	74.5642	75.4808	76.3962	77.2948	78.1722	79.025	79.8384	80.6153	81.3522	82.0572	82.7259	83.3632	83.9759	84.5644
1835	Oceania (excluding Australia and New Zealand)	64.7261	65.8273	66.3631	66.863	67.32	67.7661	68.2112	68.682	69.1675	69.6864	70.2362	70.7998	71.3817	72.0016	72.6409	73.2715
1836	Australia/New Zealand	81.5681	82.6245	83.3517	84.0169	84.6429	85.2437	85.8144	86.3802	86.9527	87.5053	88.0167	88.5411	89.0603	89.5592	90.0883	90.6055
1829	Europe and Northern America	75.3502	77.039	77.9728	78.8974	79.7902	80.6333	81.4201	82.1715	82.9085	83.6287	84.3229	84.9787	85.5861	86.1748	86.7466	87.308
5502	Europe, Northern America, Australia, and New Zealand	75.4957	77.1746	78.1083	79.0313	79.9225	80.7646	81.5508	82.3019	83.0385	83.7577	84.4501	85.1052	85.7131	86.302	86.8757	87.439
901	More developed regions	76.0964	77.6769	78.5732	79.457	80.3131	81.127	81.8907	82.6224	83.3392	84.0394	84.7164	85.3598	85.9594	86.543	87.1135	87.673
902	Less developed regions	68.7961	70.3066	71.1257	71.9107	72.6588	73.345	73.9619	74.5505	75.1322	75.701	76.243	76.7468	77.2273	77.695	78.1627	78.6231
941	Least developed countries	63.2546	64.8931	65.7317	66.5139	67.2612	67.982	68.6787	69.3541	70.014	70.6603	71.2964	71.9155	72.5282	73.1309	73.7353	74.3405
934	Less developed regions, excluding least developed countries	70.0883	71.5926	72.4368	73.2508	74.0414	74.7767	75.441	76.0802	76.7172	77.3451	77.9461	78.506	79.0368	79.551	80.0603	80.5558
948	Less developed regions, excluding China	67.1477	68.8365	69.611	70.3637	71.0989	71.8063	72.4884	73.1541	73.8047	74.4352	75.0421	75.6226	76.1846	76.7219	77.2574	77.7907
1636	Land-locked Developing Countries (LLDC)	62.8418	64.7478	65.6333	66.488	67.3081	68.0787	68.8238	69.5606	70.3062	71.0449	71.7729	72.4817	73.189	73.8905	74.5959	75.2935
2087	LLDC: Africa	60.9731	62.8968	63.8608	64.7589	65.6153	66.4278	67.2228	68.0029	68.7977	69.5893	70.369	71.1206	71.859	72.5837	73.3139	74.0355
2088	LLDC: Asia	66.9216	68.7322	69.5898	70.4308	71.2363	71.9959	72.7309	73.4691	74.1941	74.8961	75.59	76.2805	76.9794	77.6703	78.3454	79.0141
2089	LLDC: Europe	68.9215	70.3423	71.1419	71.9654	72.8207	73.7013	74.5682	75.4242	76.2519	77.0671	77.888	78.6843	79.4278	80.1193	80.7681	81.4341
2090	LLDC: Latin America	65.2873	68.4514	69.1229	69.789	70.4759	71.1628	71.8909	72.6385	73.3866	74.1495	74.9026	75.6667	76.4272	77.1939	77.9636	78.709
1637	Small Island Developing States (SIDS)	69.0095	70.4275	71.0804	71.6797	72.2215	72.7424	73.2377	73.7261	74.2026	74.6794	75.1513	75.6009	76.0334	76.4776	76.941	77.4252
2091	SIDS Caribbean	69.1165	70.5985	71.2821	71.9284	72.5351	73.12	73.6709	74.2127	74.7533	75.3253	75.9174	76.5069	77.0881	77.6618	78.2302	78.7917
2092	SIDS Pacific	64.7892	65.8964	66.4633	66.9935	67.4806	67.955	68.426	68.9221	69.43	69.9684	70.5343	71.1062	71.6923	72.3117	72.95	73.5801
2093	SIDS Atlantic, Indian Ocean and South China Sea (AIS)	73.3066	74.6053	75.3569	75.9916	76.5002	77.0222	77.5555	78.0534	78.5035	78.8609	79.1375	79.3656	79.5562	79.7819	80.0727	80.4567
5503	High-and-upper-middle-income countries	74.5119	76.0044	76.9486	77.8392	78.6943	79.5	80.2433	80.9652	81.6694	82.3458	82.9902	83.5945	84.1653	84.7382	85.296	85.8378
5504	Low-and-Lower-middle-income countries	65.7931	67.4757	68.2672	69.0345	69.783	70.5048	71.205	71.8906	72.5607	73.2067	73.8264	74.4202	74.9978	75.5484	76.0978	76.6435
1503	High-income countries	78.2491	79.6784	80.5226	81.325	82.0889	82.8166	83.5082	84.1733	84.8201	85.448	86.0527	86.6323	87.1927	87.7498	88.2928	88.8169
1859	Low-and-middle-income countries	68.3789	69.9213	70.7647	71.5795	72.3573	73.069	73.7052	74.3092	74.9041	75.4846	76.0369	76.5495	77.0365	77.5092	77.981	78.4443
1517	Middle-income countries	69.357	70.9157	71.7922	72.6393	73.4583	74.2172	74.899	75.5495	76.192	76.822	77.4234	77.9831	78.5109	79.0214	79.5242	80.0131
1502	Upper-middle-income countries	72.6439	74.1897	75.2331	76.2174	77.1547	78.0292	78.8168	79.5677	80.296	80.9912	81.64	82.2273	82.7677	83.3097	83.833	84.3313
1501	Lower-middle-income countries	66.8276	68.5248	69.3328	70.1208	70.9012	71.6623	72.402	73.1292	73.8413	74.5303	75.1914	75.8267	76.4406	77.0213	77.593	78.1545
1500	Low-income countries	61.7383	63.4293	64.2409	64.9891	65.7	66.3792	67.0471	67.7032	68.3605	69.0184	69.6816	70.3299	70.9755	71.6092	72.2551	72.9085
1518	No income group available	68.6287	69.5324	70.3773	71.2481	72.1489	73.0663	73.9724	74.8988	75.8219	76.7346	77.6358	78.5125	79.3517	80.1489	80.9003	81.6195
903	Africa	61.1756	62.6043	63.4178	64.2027	64.9614	65.6831	66.382	67.0615	67.7338	68.3947	69.0475	69.6855	70.3181	70.9455	71.5894	72.2352
910	Eastern Africa	62.3096	63.8117	64.7509	65.622	66.4398	67.2256	67.9993	68.7672	69.5489	70.3303	71.1136	71.8874	72.6594	73.4272	74.2043	74.9765
108	Burundi	61.1702	62.2975	62.9763	63.6442	64.2831	64.8643	65.4433	66.0084	66.5462	67.0827	67.6398	68.1968	68.7748	69.3794	69.9732	70.5828
174	Comoros	64.4479	65.756	66.7617	67.6773	68.5189	69.3197	70.1155	70.911	71.7252	72.5357	73.3471	74.1748	75.0015	75.8445	76.6671	77.4694
262	Djibouti	62.9452	64.4447	65.3214	66.1707	66.9495	67.6831	68.4107	69.143	69.8768	70.6345	71.3922	72.1556	72.9291	73.7081	74.5186	75.2955
232	Eritrea	65.9344	67.5982	68.6526	69.651	70.5693	71.4637	72.3522	73.2295	74.0934	74.9722	75.8385	76.6838	77.5386	78.389	79.2079	80.0084
231	Ethiopia	63.6472	65.3236	66.5071	67.5903	68.6111	69.6011	70.5782	71.5441	72.5298	73.5175	74.495	75.4347	76.3538	77.2385	78.1178	78.9542
404	Kenya	60.8228	62.2493	63.0185	63.7265	64.3983	65.0132	65.6019	66.1947	66.7732	67.3729	67.9679	68.5656	69.2023	69.8636	70.5502	71.2442
450	Madagascar	61.6267	62.8121	63.6652	64.4459	65.1529	65.8282	66.4505	67.0563	67.6652	68.2543	68.8556	69.4373	70.041	70.6775	71.3418	72.0053
454	Malawi	63.146	64.9412	65.7773	66.5602	67.3199	68.0439	68.7681	69.502	70.2745	71.0385	71.8001	72.5855	73.3775	74.1731	74.9608	75.7452
480	Mauritius	71.1508	72.769	73.6499	74.5852	75.5175	76.5029	77.5231	78.517	79.4621	80.4033	81.3121	82.1697	82.948	83.7069	84.3899	85.0812
175	Mayotte	73.2226	75.0513	75.9757	76.8598	77.8332	78.7557	79.7218	80.6302	81.501	82.3549	83.1592	83.9206	84.6126	85.2511	85.8621	86.4566
508	Mozambique	59.4245	61.123	61.968	62.7737	63.5067	64.1852	64.8675	65.515	66.162	66.7989	67.4252	68.0589	68.6979	69.3536	70.0333	70.7415
638	Réunion	79.7112	81.239	81.8899	82.4934	83.0994	83.6986	84.2448	84.7954	85.3593	85.9106	86.476	87.0122	87.5693	88.1208	88.6153	89.1318
646	Rwanda	65.3369	66.4682	67.3864	68.2366	69.0593	69.8545	70.6481	71.4416	72.24	73.0292	73.8301	74.6303	75.4403	76.2534	77.0616	77.847
690	Seychelles	69.8909	70.9048	71.6901	72.5123	73.3828	74.2126	74.9761	75.7587	76.4883	77.3016	78.2173	79.1062	79.9959	80.8078	81.8201	82.5222
706	Somalia	54.8194	57.007	57.6945	58.3496	58.966	59.589	60.2084	60.814	61.3988	61.9408	62.5033	63.0503	63.6078	64.1351	64.6823	65.2468
728	South Sudan	54.7087	55.1904	55.7793	56.3792	56.9863	57.5542	58.1004	58.6516	59.2209	59.7646	60.3322	60.853	61.3666	61.8616	62.3358	62.844
800	Uganda	64.7837	66.2857	67.2681	68.1829	69.0801	69.9591	70.8326	71.6926	72.5793	73.4462	74.3175	75.1784	76.0465	76.8706	77.6998	78.5177
834	United Republic of Tanzania	64.057	65.1157	66.0343	66.9085	67.6926	68.4671	69.2367	69.999	70.7755	71.5625	72.3529	73.1729	73.9757	74.7766	75.5891	76.3976
894	Zambia	62.7087	64.7369	65.4679	66.1525	66.805	67.4511	68.0943	68.7469	69.4196	70.0742	70.7686	71.4669	72.1731	72.919	73.6559	74.3866
716	Zimbabwe	59.6387	61.3938	62.5732	63.667	64.6827	65.6214	66.53	67.3754	68.1896	69.0066	69.8036	70.6219	71.4266	72.2404	73.073	73.9366
911	Middle Africa	58.5078	60.633	61.4307	62.1729	62.8758	63.5379	64.1833	64.7972	65.3927	65.9935	66.6043	67.2042	67.8099	68.4075	69.0264	69.6642
24	Angola	61.6721	62.912	63.7198	64.4465	65.118	65.7409	66.3606	66.9709	67.5879	68.2144	68.833	69.4619	70.079	70.7232	71.3747	72.0482
120	Cameroon	60.7409	62.713	63.8507	64.8399	65.7535	66.6284	67.4444	68.2125	68.9746	69.7539	70.543	71.2986	72.0602	72.8332	73.6128	74.3958
140	Central African Republic	34.4352	56.3129	57.6636	58.562	59.5721	60.5229	61.4415	62.2731	63.0673	63.8268	64.5426	65.2318	65.924	66.6601	67.3476	68.0508
148	Chad	52.7255	53.9197	54.6827	55.4234	56.1244	56.8067	57.4791	58.0978	58.7178	59.3036	59.8578	60.4003	60.9404	61.464	61.9951	62.5032
178	Congo	63.695	65.0338	65.9	66.665	67.3863	68.0529	68.708	69.362	70.0271	70.7211	71.4168	72.0684	72.7622	73.4786	74.1869	74.9117
180	Democratic Republic of the Congo	59.1957	60.5058	61.2394	61.9298	62.5978	63.2296	63.8409	64.4124	64.9438	65.4806	66.0411	66.5928	67.1566	67.6929	68.2641	68.869
226	Equatorial Guinea	61.7086	62.9282	63.7684	64.5599	65.3061	66.0116	66.6977	67.3607	68.0013	68.6329	69.3038	69.9843	70.68	71.3774	72.0553	72.7346
266	Gabon	65.5889	66.678	67.3874	68.0765	68.7686	69.4653	70.173	70.9036	71.6463	72.398	73.1533	73.9516	74.7574	75.5718	76.3576	77.1272
678	Sao Tome and Principe	65.7421	66.9943	67.8265	68.6354	69.5072	70.3446	71.1469	71.9559	72.8182	73.6626	74.5506	75.4681	76.3819	77.2678	78.1344	78.9525
912	Northern Africa	69.3046	70.6843	71.4913	72.3198	73.144	73.9399	74.722	75.4909	76.2434	76.9855	77.718	78.4304	79.1418	79.8443	80.5358	81.2018
12	Algeria	74.4979	75.9102	76.8894	77.8623	78.855	79.8388	80.795	81.7073	82.5598	83.3637	84.1098	84.8011	85.4577	86.0995	86.6872	87.2325
818	Egypt	68.8129	70.2965	71.0761	71.8539	72.6399	73.4356	74.2595	75.1045	75.9637	76.8385	77.7139	78.5633	79.4013	80.2012	80.9989	81.7607
434	Libya	70.0065	72.9489	73.9953	74.9324	75.8694	76.8459	77.8091	78.7612	79.6959	80.6076	81.5028	82.358	83.1566	83.9059	84.604	85.2443
504	Morocco	72.6817	74.0425	74.8933	75.7547	76.6352	77.5409	78.4536	79.3355	80.1748	80.9761	81.765	82.4971	83.1931	83.8504	84.4729	85.0526
729	Sudan	62.8852	64.0777	64.8575	65.6256	66.3876	67.1396	67.8858	68.6362	69.379	70.1266	70.9042	71.6862	72.4756	73.2882	74.0902	74.9067
788	Tunisia	72.9976	74.9511	76.0127	77.0661	78.1336	79.1794	80.1873	81.1365	82.0255	82.8579	83.6337	84.3659	85.0681	85.7296	86.3533	86.9308
732	Western Sahara	69.7183	70.6326	71.3847	72.1248	72.9188	73.7184	74.4899	75.2786	76.0858	76.8604	77.6621	78.4491	79.2112	79.9762	80.7528	81.4535
913	Southern Africa	61.5965	63.2795	64.0912	64.8529	65.5898	66.3185	67.0225	67.7308	68.4471	69.1693	69.9149	70.6562	71.4042	72.1779	72.9584	73.7534
72	Botswana	65.3028	67.2637	67.8318	68.3799	68.906	69.475	70.081	70.698	71.3498	72.0304	72.7113	73.4255	74.1486	74.9004	75.6312	76.365
748	Eswatini	59.2856	61.7833	62.4017	62.9939	63.5703	64.1343	64.6785	65.1945	65.7196	66.2448	66.7894	67.3559	67.9311	68.5258	69.1595	69.7811
426	Lesotho	53.8633	56.4523	58.2555	59.8557	61.2519	62.5023	63.6004	64.5822	65.5099	66.3986	67.2516	68.0842	68.9104	69.7223	70.517	71.3093
516	Namibia	61.3702	64.0225	64.6763	65.3143	65.9137	66.5538	67.1976	67.8468	68.5281	69.2384	69.9511	70.6824	71.4308	72.189	72.9199	73.6864
710	South Africa	61.8159	63.4115	64.1872	64.9189	65.6324	66.3425	67.0328	67.7337	68.4445	69.1664	69.9233	70.676	71.4331	72.2154	73.0069	73.8133
914	Western Africa	57.0012	58.1009	58.8696	59.6179	60.3511	61.0515	61.7233	62.3685	62.9985	63.6103	64.2082	64.7971	65.3699	65.9236	66.49	67.0505
204	Benin	59.17	60.1103	60.8343	61.5257	62.1802	62.7621	63.3359	63.8905	64.4343	64.9375	65.4458	65.9568	66.4824	67.0004	67.5026	68.0247
854	Burkina Faso	58.8279	59.7513	60.5855	61.3626	62.0903	62.7797	63.4307	64.0262	64.6347	65.2219	65.8206	66.3875	66.9392	67.487	68.0783	68.6677
132	Cabo Verde	72.3	73.8064	74.8496	75.906	76.9274	77.9627	78.9409	79.923	80.8586	81.6929	82.4847	83.2083	83.9029	84.571	85.2756	85.9632
384	Côte d'Ivoire	59.5827	60.7356	61.4506	62.1219	62.7598	63.381	63.9615	64.539	65.1017	65.6581	66.194	66.7573	67.3118	67.8556	68.3986	68.9587
270	Gambia	63.5768	65.0343	65.8189	66.5404	67.2074	67.8368	68.4422	69.0625	69.6641	70.2614	70.8739	71.4905	72.1127	72.7603	73.4105	74.081
288	Ghana	62.9122	63.9877	64.8108	65.566	66.2712	66.9778	67.6572	68.3491	69.0062	69.6877	70.4011	71.1131	71.8428	72.5658	73.3251	74.0803
324	Guinea	59.0998	60.1892	60.8857	61.5648	62.1978	62.7927	63.3789	63.9094	64.4085	64.9321	65.4388	65.9437	66.4605	66.9764	67.493	68.0274
624	Guinea-Bissau	60.9297	62.3914	63.1153	63.8035	64.4467	65.0693	65.6559	66.2167	66.7845	67.3498	67.9347	68.5456	69.136	69.7592	70.3882	71.0436
430	Liberia	60.6279	61.4984	62.1017	62.7046	63.2647	63.8256	64.384	64.9225	65.4367	65.9339	66.4354	66.9375	67.419	67.9352	68.4263	68.9184
466	Mali	58.6509	59.9368	60.8577	61.751	62.5702	63.3056	63.9633	64.5903	65.1707	65.7573	66.3307	66.8692	67.4127	67.9603	68.4955	69.0324
478	Mauritania	66.0827	67.4188	68.3063	69.1341	69.9236	70.7063	71.4922	72.2881	73.1112	73.9546	74.8051	75.6441	76.5011	77.3451	78.1909	79.0321
562	Niger	59.7191	61.2203	62.2285	63.1435	63.9787	64.7284	65.4463	66.111	66.7142	67.3206	67.8798	68.4467	69.0203	69.5809	70.1538	70.7199
566	Nigeria	53.8296	54.8148	55.4674	56.1131	56.7678	57.3987	58.0126	58.598	59.1792	59.7292	60.2701	60.8063	61.3139	61.79	62.2828	62.7578
654	Saint Helena	77.9837	78.4645	79.4649	80.6585	81.7977	83.0507	83.8538	83.8774	83.9857	85.2642	86.8326	87.7083	139.1785	87.0219	88.2178	89.4943
686	Senegal	66.2871	67.7737	68.728	69.5883	70.3902	71.147	71.8831	72.6341	73.405	74.1829	74.9627	75.7384	76.5213	77.282	78.0465	78.809
694	Sierra Leone	59.6189	60.85	61.6212	62.3689	63.054	63.6973	64.2842	64.8718	65.4619	66.0335	66.605	67.1552	67.6965	68.2358	68.7978	69.3861
768	Togo	62.0966	63.3053	64.0669	64.7919	65.4803	66.1247	66.7178	67.2909	67.8453	68.4029	68.9605	69.5142	70.0486	70.6093	71.1753	71.7721
935	Asia	71.6916	73.2451	74.1787	75.0664	75.9267	76.7358	77.4745	78.1916	78.903	79.6029	80.282	80.9276	81.5507	82.1583	82.7466	83.3112
5500	Central Asia	68.6796	69.9906	70.6691	71.3613	72.0841	72.8284	73.5978	74.3935	75.1914	75.9991	76.8181	77.6242	78.4319	79.2347	79.9988	80.7421
398	Kazakhstan	68.7773	70.91	71.7309	72.59	73.4785	74.3754	75.2895	76.1963	77.0875	77.957	78.7868	79.5968	80.3979	81.1593	81.8875	82.5953
417	Kyrgyzstan	67.4628	68.8364	69.5434	70.2749	71.0485	71.8521	72.6851	73.5286	74.3958	75.2784	76.1821	77.0614	77.9445	78.7797	79.6012	80.3698
762	Tajikistan	68.8431	70.1473	70.7078	71.3065	71.9287	72.5722	73.2548	73.9576	74.6703	75.4156	76.1789	76.939	77.6792	78.4261	79.1463	79.8487
795	Turkmenistan	66.6654	67.565	68.145	68.7449	69.3738	70.0573	70.7623	71.4944	72.2145	72.9822	73.7638	74.5599	75.3524	76.1515	76.9256	77.6945
860	Uzbekistan	69.2754	70.05	70.6801	71.3364	72.0254	72.7362	73.4784	74.2723	75.0764	75.8886	76.7247	77.5351	78.3452	79.1564	79.9196	80.6752
906	Eastern Asia	76.1993	77.4122	78.4977	79.5135	80.4878	81.4081	82.2475	83.0586	83.8302	84.5456	85.2183	85.843	86.4317	87.0348	87.6103	88.1584
156	China	75.4418	76.746	77.9392	79.0596	80.1226	81.1157	82.0074	82.8634	83.6773	84.424	85.1198	85.7579	86.3511	86.9573	87.5331	88.0789
344	China, Hong Kong SAR	82.5442	83.4638	84.0809	84.6804	85.2555	85.8185	86.4089	86.9803	87.5748	88.1623	88.7414	89.2994	89.8299	90.3605	90.9354	91.5029
446	China, Macao SAR	81.3281	81.9134	82.7511	83.501	84.2517	84.9754	85.6195	86.2509	86.8149	87.4058	88.019	88.5528	89.0539	89.5802	90.1387	90.6467
158	China, Taiwan Province of China	77.663	78.7157	79.8022	80.7741	81.6499	82.4284	83.1672	83.8645	84.5249	85.1544	85.7663	86.3476	86.9367	87.4978	88.0757	88.6262
408	Dem. People's Republic of Korea	71.3385	71.9914	72.588	73.2148	73.8784	74.5693	75.2887	76.0382	76.8218	77.5952	78.383	79.1624	79.9278	80.6936	81.4308	82.128
392	Japan	81.5971	82.3742	83.0907	83.767	84.4363	85.0979	85.7378	86.3576	86.9451	87.5338	88.1514	88.7641	89.3499	89.923	90.4995	91.0708
496	Mongolia	66.5739	68.4582	69.6999	70.9195	72.1484	73.3501	74.5455	75.6968	76.8059	77.8486	78.8346	79.7793	80.6935	81.5377	82.3261	83.0626
410	Republic of Korea	80.7367	81.8197	82.4015	82.9871	83.5799	84.1681	84.737	85.3116	85.8639	86.4415	87.0044	87.563	88.1268	88.6959	89.2722	89.8601
5501	Southern Asia	68.9699	71.0569	72.0228	72.9581	73.8818	74.7866	75.6655	76.5332	77.3782	78.1958	78.9826	79.7443	80.4824	81.1671	81.8267	82.4685
4	Afghanistan	62.2542	65.5174	66.4708	67.3244	68.059	68.7282	69.366	70.0137	70.6657	71.2855	71.8969	72.5286	73.1831	73.8245	74.4652	75.1319
50	Bangladesh	71.9939	74.2673	75.4886	76.6724	77.835	78.9906	80.0748	81.1344	82.123	83.0596	83.9184	84.7034	85.4174	86.0812	86.6986	87.2872
64	Bhutan	71.2622	72.5083	73.6969	74.8464	75.962	77.0561	78.106	79.0989	80.1877	81.1736	82.0796	83.0078	83.7818	84.5183	85.1911	85.824
356	India	69.3716	71.5461	72.5575	73.5321	74.4929	75.4351	76.3643	77.3069	78.2507	79.1772	80.0759	80.9477	81.7919	82.5668	83.3071	84.0163
364	Iran (Islamic Republic of)	74.6158	76.8746	77.9575	79.0307	80.0825	81.1342	82.1176	83.0291	83.8432	84.5923	85.2987	85.9622	86.5772	87.1631	87.732	88.2471
462	Maldives	79.0519	80.9907	82.189	83.2251	84.1778	85.1247	85.9327	86.6371	87.2025	87.7197	88.1902	88.6106	89.0425	89.4923	89.9668	90.4342
524	Nepal	68.3416	69.8808	70.9165	71.854	72.757	73.6308	74.5068	75.4198	76.3132	77.1875	78.0647	78.9229	79.7743	80.5907	81.3939	82.1648
586	Pakistan	64.7612	65.8918	66.5044	67.1306	67.7563	68.3684	68.9831	69.6026	70.2606	70.962	71.674	72.3957	73.1495	73.9104	74.6901	75.5044
144	Sri Lanka	74.0245	75.2055	76.2172	77.2557	78.29	79.2856	80.2212	81.1131	81.9446	82.7299	83.4906	84.2116	84.8937	85.5348	86.1577	86.7737
920	South-Eastern Asia	68.6301	69.9596	70.7237	71.4723	72.215	72.9558	73.6933	74.427	75.1725	75.9211	76.6839	77.444	78.2042	78.958	79.6981	80.433
96	Brunei Darussalam	72.9083	74.0999	74.9146	75.801	76.637	77.4962	78.4005	79.2571	80.1231	80.9285	81.7625	82.5462	83.2889	84.0113	84.6579	85.2705
116	Cambodia	67.7581	68.7216	69.4242	70.1056	70.7845	71.4839	72.1847	72.9096	73.6543	74.3988	75.1583	75.9244	76.6852	77.4365	78.1863	78.9232
360	Indonesia	68.1001	69.6684	70.2842	70.9136	71.5773	72.2685	72.966	73.6796	74.4189	75.1805	75.9698	76.7601	77.5493	78.329	79.0929	79.8573
418	Lao People's Democratic Republic	66.5641	67.8366	68.831	69.7571	70.6036	71.4146	72.1878	72.9502	73.7322	74.5294	75.3099	76.091	76.8933	77.6648	78.4451	79.2056
458	Malaysia	73.5762	75.172	76.0836	77.0242	77.988	78.9282	79.8538	80.7508	81.6007	82.3975	83.1509	83.8688	84.545	85.1855	85.8109	86.4146
104	Myanmar	63.5349	64.7073	65.6114	66.4377	67.2405	67.9994	68.7763	69.5425	70.3184	71.12	71.9435	72.7989	73.6245	74.4622	75.2746	76.1035
608	Philippines	66.2988	67.4282	67.9735	68.5406	69.1318	69.7566	70.4118	71.0787	71.7989	72.5429	73.3288	74.1126	74.9295	75.7641	76.6073	77.4289
702	Singapore	81.1535	82.0003	82.6916	83.3545	83.9648	84.5755	85.1655	85.7404	86.3312	86.9089	87.4532	87.997	88.5253	89.0457	89.5847	90.1519
764	Thailand	72.362	73.334	74.5893	75.8293	77.0057	78.1192	79.1277	80.0551	80.9173	81.7133	82.4609	83.1838	83.8667	84.5214	85.1583	85.7694
626	Timor-Leste	65.7666	66.9643	67.8394	68.6195	69.3579	70.061	70.7464	71.4159	72.0833	72.7532	73.462	74.1458	74.8419	75.557	76.2728	76.9938
704	Viet Nam	69.968	70.7877	71.7428	72.7362	73.7503	74.7582	75.763	76.7364	77.6678	78.5525	79.4152	80.2506	81.0647	81.8284	82.5506	83.2759
922	Western Asia	72.5287	74.176	75.0169	75.7943	76.5463	77.2729	77.9685	78.6309	79.2657	79.8914	80.4992	81.0765	81.6308	82.2018	82.7742	83.3257
51	Armenia	69.6335	72.2515	73.2017	74.152	75.1392	76.1222	77.0916	78.043	78.9303	79.7563	80.5445	81.2936	82.0421	82.7437	83.4199	84.0755
31	Azerbaijan	70.4236	72.3363	73.1257	73.9486	74.8006	75.6704	76.5496	77.4352	78.3228	79.1943	80.0367	80.869	81.6523	82.3997	83.1109	83.7978
48	Bahrain	79.7318	81.5281	82.4295	83.3148	84.1136	84.8099	85.416	85.9753	86.5136	87.0445	87.526	87.9813	88.4316	88.9058	89.3815	89.7934
196	Cyprus	79.1537	80.6453	81.6322	82.5179	83.3206	84.0634	84.7898	85.4412	86.0494	86.6348	87.1802	87.714	88.242	88.7748	89.286	89.8191
268	Georgia	68.965	70.4151	71.3646	72.3276	73.3083	74.3151	75.3137	76.252	77.1727	78.0366	78.8524	79.6258	80.3976	81.131	81.8372	82.4943
368	Iraq	69.808	70.8849	71.3329	71.8073	72.3265	72.8793	73.4916	74.1265	74.7799	75.451	76.1543	76.8686	77.5732	78.2992	79.007	79.6952
376	Israel	80.5995	81.1331	82.0127	82.7684	83.4735	84.1447	84.7995	85.4257	86.0102	86.5854	87.137	87.6832	88.2016	88.7208	89.2465	89.7489
400	Jordan	74.76	76.6227	77.5382	78.4841	79.4256	80.3426	81.2252	82.0754	82.8897	83.6417	84.3482	85.007	85.6547	86.2628	86.8364	87.4017
414	Kuwait	77.7915	80.04	81.0842	82.1273	83.0629	83.8914	84.6301	85.3093	85.9389	86.5016	87.0713	87.6259	88.1568	88.6848	89.1615	89.6273
422	Lebanon	74.6208	76.4567	77.2016	77.9821	78.776	79.5675	80.3429	81.1217	81.8743	82.5871	83.298	83.9582	84.5797	85.1715	85.7322	86.2813
512	Oman	77.3333	79.5254	80.6305	81.7518	82.7906	83.737	84.5513	85.2845	85.9432	86.5101	87.0303	87.5344	88.0209	88.4966	88.9605	89.4114
634	Qatar	81.207	82.2909	83.1346	84.0024	84.7949	85.4259	86.032	86.5823	87.0534	87.4822	87.9068	88.3353	88.785	89.2629	89.7314	90.167
682	Saudi Arabia	76.4685	78.1353	79.3009	80.4472	81.5377	82.53	83.4272	84.2498	84.9968	85.6883	86.3281	86.9272	87.5119	88.0846	88.6215	89.1372
275	State of Palestine	67.72	74.747	76.2443	77.1663	78.0925	79.0347	79.9446	80.8008	81.6366	82.4117	83.1372	83.8378	84.4795	85.1072	85.6944	86.2376
760	Syrian Arab Republic	70.2604	71.2578	71.986	72.7316	73.5049	74.2779	75.0692	75.8722	76.693	77.5324	78.3696	79.2017	79.9974	80.7536	81.5005	82.2248
792	Türkiye	74.2215	75.8612	76.9655	78.0001	79.0078	79.9782	80.8757	81.7139	82.4746	83.1989	83.8956	84.5523	85.1624	85.7562	86.343	86.8843
784	United Arab Emirates	80.6456	82.8221	83.7322	84.5153	85.2995	85.8921	86.3665	86.8632	87.3463	87.9549	88.5823	88.9974	89.4089	89.8259	90.2289	90.6573
887	Yemen	65.8087	67.8961	68.4965	69.0545	69.6115	70.1913	70.7814	71.3545	71.9442	72.5751	73.2343	73.9029	74.5722	75.2766	75.9962	76.6834
908	Europe	75.0227	76.5942	77.5386	78.4736	79.3828	80.2311	81.0211	81.7718	82.5037	83.234	83.9514	84.6307	85.2551	85.8451	86.4226	86.9952
923	Eastern Europe	68.9101	70.7247	71.7478	72.802	73.8562	74.8791	75.8485	76.7685	77.6422	78.4805	79.2833	80.0514	80.7688	81.4631	82.1238	82.749
112	Belarus	68.84	70.4682	71.4844	72.5212	73.5712	74.6116	75.6181	76.6	77.5378	78.4333	79.2577	80.0443	80.7983	81.5238	82.2288	82.8981
100	Bulgaria	70.7217	72.9547	73.8537	74.7707	75.7011	76.6213	77.5274	78.4207	79.2659	80.0892	80.8742	81.6371	82.3475	83.0408	83.6916	84.3104
203	Czechia	76.1536	77.8443	78.7378	79.6051	80.4539	81.2404	81.9881	82.6973	83.3603	84.0018	84.6508	85.2672	85.8694	86.4595	87.0197	87.5578
348	Hungary	72.8454	74.5636	75.4901	76.4403	77.3981	78.3724	79.3088	80.1751	81.0128	81.806	82.598	83.344	84.0418	84.71	85.373	86.0038
616	Poland	73.9303	75.8983	76.9861	78.0138	78.9918	79.9093	80.7592	81.5217	82.2304	82.8965	83.5477	84.1972	84.8061	85.3733	85.9411	86.496
498	Republic of Moldova	66.1495	67.1572	67.8833	68.6349	69.436	70.2677	71.1035	71.9653	72.8342	73.7032	74.5774	75.4521	76.3133	77.1245	77.8929	78.6997
642	Romania	71.379	73.1785	74.0682	74.9793	75.9132	76.8487	77.7714	78.6725	79.5281	80.3662	81.1689	81.9278	82.6597	83.3658	84.0527	84.6967
643	Russian Federation	66.7682	68.2474	69.3328	70.4533	71.5769	72.6865	73.7582	74.7974	75.7879	76.729	77.6067	78.4464	79.2349	80.0094	80.735	81.4027
703	Slovakia	73.8611	75.9521	76.9744	77.9596	78.9135	79.8359	80.7096	81.5145	82.2537	82.9383	83.5855	84.2174	84.8537	85.4848	86.0619	86.6317
804	Ukraine	67.5489	70.5069	71.4458	72.4268	73.4179	74.3975	75.3526	76.2829	77.1721	78.0214	78.8582	79.654	80.4134	81.1547	81.8483	82.5054
924	Northern Europe	79.1264	80.1806	81.0772	81.916	82.7018	83.4334	84.1318	84.7914	85.4198	86.0168	86.597	87.1564	87.6958	88.2138	88.7436	89.2591
208	Denmark	79.8984	80.8913	81.7509	82.5514	83.2816	83.9678	84.6024	85.2222	85.8289	86.4101	86.9634	87.5144	88.041	88.5539	89.0848	89.6047
233	Estonia	74.3284	75.9161	76.9904	78.0511	79.0029	79.8522	80.6485	81.3986	82.0955	82.7541	83.3675	83.9593	84.574	85.2105	85.7908	86.3399
234	Faroe Islands	78.8711	80.0868	81.0919	81.9612	83.1445	83.8441	84.5807	85.3544	86.0008	86.6027	87.2329	87.7856	88.405	89.1075	89.7077	90.2191
246	Finland	79.1239	80.1465	81.0576	81.8528	82.5686	83.248	83.8946	84.5233	85.1708	85.7503	86.3159	86.8708	87.4211	87.9609	88.5049	89.0292
831	Guernsey	81.4502	82.3185	83.205	83.7809	84.394	84.9558	85.5111	85.9795	86.3857	86.983	87.5216	87.9974	88.353	88.8621	89.4999	90.2574
352	Iceland	81.1086	82.3551	83.152	83.806	84.4791	85.0916	85.6525	86.2214	86.7633	87.3411	87.9842	88.5988	89.1874	89.7713	90.3539	90.895
372	Ireland	80.4181	81.365	82.2508	83.0413	83.7589	84.4243	85.0619	85.681	86.2603	86.8236	87.3764	87.9319	88.4733	89.0144	89.52	90.0065
833	Isle of Man	79.8974	80.8479	81.7017	82.7668	83.4238	84.0691	84.8325	85.532	86.1482	86.6611	87.2688	87.821	88.3003	88.724	89.1828	89.7523
832	Jersey	78.2667	79.0935	80.0649	80.9101	81.6792	82.5098	83.3411	83.9598	84.6474	85.317	85.9412	86.5862	87.295	87.8572	88.3117	88.8371
428	Latvia	70.5717	72.4033	73.3861	74.355	75.3269	76.297	77.2303	78.105	78.9967	79.8018	80.5233	81.2559	81.9293	82.6103	83.2453	83.8631
440	Lithuania	70.5956	72.1062	73.1152	74.1308	75.1477	76.1465	77.0945	78.016	78.8618	79.6899	80.4478	81.1605	81.84	82.504	83.1604	83.8091
578	Norway	81.6582	82.6252	83.4	84.1067	84.7536	85.3656	85.9444	86.4991	87.0208	87.5345	88.0506	88.5453	89.0453	89.5585	90.0794	90.5784
752	Sweden	81.4414	82.3264	83.0834	83.7761	84.4618	85.0916	85.6725	86.2549	86.8176	87.3747	87.9328	88.458	88.9546	89.4829	89.9947	90.4925
826	United Kingdom	79.209	80.2073	81.0969	81.9356	82.7201	83.4474	84.1492	84.8016	85.4155	85.9928	86.5553	87.1012	87.6275	88.1214	88.6374	89.1411
925	Southern Europe	79.3512	80.9076	81.73	82.4919	83.2352	83.9311	84.5905	85.207	85.7858	86.3628	86.9551	87.542	88.124	88.6852	89.2277	89.7465
8	Albania	76.7403	78.6591	79.6695	80.6831	81.6401	82.5346	83.3596	84.1147	84.8649	85.5745	86.2046	86.7741	87.3053	87.818	88.3204	88.8282
20	Andorra	81.6086	83.4627	84.1222	84.6875	85.2629	85.735	86.321	87.206	87.7756	88.3712	88.9097	89.4972	89.8291	90.3869	90.9581	91.4813
70	Bosnia and Herzegovina	73.3068	75.4362	76.5201	77.5854	78.6068	79.6296	80.591	81.4739	82.2755	83.0722	83.757	84.442	85.1399	85.7528	86.3351	86.9025
191	Croatia	75.0072	76.3256	77.3353	78.3051	79.2834	80.1959	81.0483	81.8413	82.6121	83.2984	83.9525	84.5803	85.2055	85.7902	86.3777	86.9671
292	Gibraltar	82.048	83.2336	84	84.4338	84.7866	85.2583	85.8402	86.3482	86.9006	87.6307	88.3943	88.883	89.2338	89.6892	90.2424	90.7154
300	Greece	78.5045	80.2798	81.2647	82.1133	82.8773	83.5784	84.2474	84.8941	85.5157	86.1008	86.6633	87.2304	87.77	88.3107	88.8464	89.3488
380	Italy	80.8895	82.3877	83.135	83.8301	84.5059	85.1288	85.7422	86.3216	86.8697	87.4219	88.0049	88.5678	89.1322	89.6512	90.1802	90.6915
412	Kosovo (under UNSC res. 1244)	74.6976	76.7743	77.7813	78.799	79.8141	80.779	81.7016	82.5553	83.3418	84.0895	84.77	85.415	86.0199	86.5644	87.0932	87.5975
470	Malta	81.0147	82.2869	83.0563	83.7554	84.4385	85.1036	85.7338	86.3205	86.9094	87.5595	88.1324	88.5913	89.1054	89.6446	90.2284	90.7782
499	Montenegro	72.8418	74.6047	75.5492	76.5768	77.5566	78.5892	79.62	80.463	81.3142	82.0866	82.7802	83.4576	84.198	84.944	85.5423	86.1249
807	North Macedonia	73.7217	75.8356	76.6044	77.415	78.2507	79.1196	79.9822	80.7928	81.5958	82.3612	83.1039	83.7874	84.4312	85.0622	85.6546	86.26
620	Portugal	78.9942	80.4245	81.305	82.0733	82.7897	83.465	84.1058	84.7195	85.3048	85.8975	86.4785	87.0667	87.6462	88.195	88.7329	89.2788
674	San Marino	84.3296	85.551	86.211	86.9455	87.4911	88.0999	88.6486	89.1712	89.5156	89.9296	90.4615	91.0279	91.5344	92.0666	92.5278	92.9725
688	Serbia	72.1816	74.3874	75.4049	76.4226	77.4489	78.4698	79.45	80.3777	81.2403	82.0447	82.8008	83.5292	84.2517	84.9523	85.6251	86.2651
705	Slovenia	78.4753	79.9002	80.8533	81.7038	82.4636	83.1612	83.8317	84.4685	85.099	85.6915	86.2538	86.8348	87.4283	88.0027	88.5644	89.0742
724	Spain	80.4481	81.6769	82.3864	83.0337	83.6838	84.3143	84.9297	85.5397	86.1119	86.6792	87.2599	87.8353	88.4004	88.9792	89.521	90.0397
926	Western Europe	79.4806	80.6214	81.4725	82.2552	82.9725	83.6325	84.2701	84.8931	85.4935	86.0841	86.6525	87.1956	87.7312	88.2796	88.8234	89.3529
40	Austria	79.4139	80.5314	81.4861	82.3299	83.0883	83.7803	84.4328	85.0517	85.6664	86.2613	86.8459	87.4001	87.9427	88.4764	89.0008	89.5427
56	Belgium	79.4985	80.7937	81.7044	82.5052	83.2425	83.9223	84.5621	85.1655	85.7585	86.3325	86.8966	87.4362	87.9799	88.5329	89.0518	89.5727
250	France	79.942	81.1173	81.7782	82.4136	83.0366	83.6405	84.24	84.8326	85.41	85.9851	86.5607	87.1127	87.6628	88.2148	88.7531	89.2744
276	Germany	78.8054	79.9239	80.8705	81.7345	82.5096	83.2099	83.8787	84.5324	85.1496	85.7576	86.3336	86.8865	87.4141	87.9501	88.4786	88.9949
438	Liechtenstein	82.4137	83.5122	84.1759	84.9062	85.5681	86.1103	86.66	87.2221	87.7447	88.2819	89.1691	89.83	90.3973	90.8889	91.4113	91.9112
442	Luxembourg	80.609	81.5329	82.3377	83.1033	83.8451	84.5186	85.1077	85.6711	86.2154	86.7476	87.2544	87.7622	88.3069	88.8307	89.3467	89.8411
492	Monaco	84.711	85.6378	86.1985	86.8402	87.2964	87.7924	88.5177	89.1768	89.6566	90.1829	90.6058	91.1666	91.5692	92.1618	92.585	93.1092
528	Netherlands	80.3658	81.4068	82.2611	83.0679	83.8109	84.4979	85.1543	85.7548	86.3453	86.9349	87.4994	88.0172	88.5367	89.056	89.5923	90.1282
756	Switzerland	81.7627	82.7819	83.4902	84.1433	84.765	85.3644	85.9522	86.5222	87.0704	87.6185	88.1494	88.6808	89.2038	89.7411	90.2802	90.8093
5505	Americas	73.3556	75.4055	76.3147	77.2008	78.0582	78.8945	79.704	80.4948	81.2608	81.9904	82.6818	83.3476	83.9892	84.6253	85.2386	85.8216
904	Latin America and the Caribbean	71.4866	73.647	74.5642	75.4808	76.3962	77.2948	78.1722	79.025	79.8384	80.6153	81.3522	82.0572	82.7259	83.3632	83.9759	84.5644
915	Caribbean	69.1404	70.5991	71.2851	71.9322	72.5365	73.1178	73.662	74.1962	74.728	75.2904	75.8743	76.456	77.0289	77.5939	78.1523	78.7047
660	Anguilla	77.7872	79.2305	80.4496	81.4287	81.8983	87.9	83.7205	84.1505	84.7282	85.3785	86.0339	86.936	87.8694	88.3583	88.8398	89.3299
28	Antigua and Barbuda	74.951	75.7584	76.6964	77.5977	78.4821	79.6524	80.8692	81.8656	82.5351	83.2397	84.0054	84.7453	85.396	86.1765	86.8765	87.4312
533	Aruba	73.2082	74.4497	75.1386	76.319	77.181	78.0109	79.0883	80.0529	80.8481	81.5224	82.3584	82.9835	83.6469	84.2591	84.8876	85.5429
44	Bahamas	70.0527	71.6189	72.4533	73.2959	74.197	75.086	76.005	76.9457	77.7809	78.6406	79.451	80.2001	80.9559	81.6832	82.326	82.9931
52	Barbados	73.8092	74.432	75.2615	76.1543	77.0263	77.9083	78.7651	79.5912	80.425	81.2138	82.1344	82.9858	83.6844	84.3703	85.0522	85.6456
535	Bonaire, Sint Eustatius and Saba	76.7886	77.0415	77.9657	78.7713	79.5125	80.3707	81.0419	81.7352	82.4279	83.6109	84.4704	84.9642	85.6294	86.1293	86.7632	87.3246
92	British Virgin Islands	79.4639	76.616	77.4801	78.4162	79.1827	79.9311	80.5819	81.2619	82.5295	83.399	84.2703	84.8555	85.4891	86.1402	86.7312	87.2848
136	Cayman Islands	78.0307	79.3455	80.0312	81.1513	82.1975	83.0408	83.7439	84.5028	85.3149	85.9756	86.5875	87.1763	87.7	88.2751	88.8192	89.364
192	Cuba	74.3936	76.5695	77.5364	78.5107	79.4564	80.3749	81.2418	82.0747	82.8501	83.5945	84.2858	84.9387	85.5696	86.1799	86.7532	87.2852
531	Curaçao	72.5814	73.7128	74.6806	75.7025	76.6665	77.6166	78.7309	79.6247	80.4341	81.2301	82.0318	82.7762	83.4097	84.0386	84.6567	85.2283
212	Dominica	68.1923	68.9517	69.4211	70.2807	71.6696	72.9047	73.763	74.6798	75.3257	76.3134	77.0557	77.7453	78.6965	79.5214	80.2887	80.9612
214	Dominican Republic	70.0447	71.1857	71.8631	72.5665	73.2991	74.0496	74.8073	75.5695	76.3333	77.1031	77.8651	78.6274	79.3534	80.0485	80.7273	81.3873
308	Grenada	72.5807	73.15	74.0736	75.0589	76.0367	76.8952	77.7156	78.5996	79.4627	80.1704	81.2034	82.0618	82.7772	83.3979	84	84.5868
312	Guadeloupe	76.7463	79.0339	79.9184	80.5885	81.2223	81.8408	82.441	82.9892	83.6341	84.3059	84.9092	85.4985	86.0269	86.5379	87.0274	87.4848
332	Haiti	61.1512	62.4772	63.226	63.9229	64.5978	65.2583	65.8928	66.5137	67.1146	67.7372	68.388	69.0452	69.7234	70.4123	71.1157	71.8233
388	Jamaica	68.5649	69.4605	70.022	70.6215	71.2351	71.8817	72.552	73.2454	73.9582	74.7005	75.4355	76.2007	76.9354	77.6514	78.4098	79.1853
474	Martinique	77.5932	80.0661	80.9381	81.7155	82.3113	82.9516	83.4696	84.0877	84.6667	85.2664	85.8091	86.3704	86.9323	87.5645	88.0722	88.5294
500	Montserrat	77.9555	78.6829	80.176	80.266	82.1953	82.3735	83.8478	84.0357	85.322	85.2197	86.211	87.8587	121.3995	87.8783	89.4243	90.1956
630	Puerto Rico	76.9072	79.0184	79.895	80.6583	81.3568	82.0218	82.633	83.2963	83.9095	84.5261	85.1113	85.7057	86.288	86.8341	87.3635	87.8994
652	Saint Barthélemy	203.3209	84.9455	84.6525	85.4299	85.8684	86.4226	86.7117	87.19	87.7935	87.9235	88.3316	88.9437	89.4096	89.7733	90.4309	91.6014
659	Saint Kitts and Nevis	67.8001	69.3145	70.3264	71.5079	72.4514	73.3089	74.084	74.8967	75.7853	76.5624	77.4349	78.6643	79.503	80.2438	81.0427	81.747
662	Saint Lucia	68.6019	70.0954	70.8719	71.8422	72.7559	73.4984	74.2779	75.0325	75.7644	76.6	77.7096	78.7156	79.5673	80.3584	81.1015	81.8694
663	Saint Martin (French part)	77.7003	79.0544	79.7618	80.6389	81.827	82.9405	83.6997	85.1987	86.1049	86.3753	85.9214	86.9864	87.2808	88.1124	88.5204	89.2637
670	Saint Vincent and the Grenadines	68.1087	69.5931	70.1835	70.6148	71.0772	71.7121	72.4525	73.2307	73.9686	74.9291	76.2177	76.934	77.6234	78.2376	79.5215	80.2615
534	Sint Maarten (Dutch part)	74.7118	75.5815	76.4787	77.2124	77.8647	78.4793	79.4979	80.3283	81.124	81.8158	82.4485	83.0952	83.7811	84.3146	85.1855	86.0438
780	Trinidad and Tobago	69.8627	71.0258	71.7082	72.4291	73.1733	73.9595	74.7864	75.6273	76.4329	77.2442	78.092	78.9053	79.7119	80.4901	81.2228	81.9455
796	Turks and Caicos Islands	76.7059	77.644	78.6133	79.4334	80.3358	81.2267	82.0357	82.738	83.9253	84.5102	85.1463	85.9186	86.4536	87.0828	87.6472	88.1797
850	United States Virgin Islands	70.2362	71.3066	72.3521	73.6786	75.6335	76.9037	77.8743	78.7639	79.6183	80.4323	81.1828	81.8605	82.5318	83.1205	83.7448	84.3017
916	Central America	70.2972	73.0601	73.9869	74.9184	75.8657	76.7929	77.7182	78.6237	79.495	80.3225	81.1158	81.8805	82.6092	83.2917	83.9545	84.583
84	Belize	70.0816	71.7097	72.4722	73.2814	74.13	75.0896	76.0186	76.9649	77.8936	78.7937	79.7027	80.5552	81.3721	82.1234	82.8654	83.564
188	Costa Rica	77.1847	79.2667	80.375	81.3732	82.2527	83.0556	83.7961	84.5169	85.1689	85.795	86.3974	86.9762	87.5436	88.0744	88.6215	89.1541
222	El Salvador	66.8867	68.5853	69.7164	70.8715	72.01	73.1386	74.2605	75.381	76.4795	77.5365	78.5157	79.4508	80.3321	81.1625	81.9427	82.6957
320	Guatemala	68.5292	70.9856	71.6786	72.3807	73.0865	73.8068	74.5699	75.3531	76.1321	76.9096	77.6809	78.4521	79.2101	79.941	80.6695	81.3713
340	Honduras	69.5184	71.1182	71.9067	72.7206	73.5648	74.4398	75.3387	76.2259	77.1214	78.0322	78.9099	79.7551	80.6031	81.4001	82.1542	82.8815
484	Mexico	70.1683	73.1668	74.1261	75.0934	76.0897	77.07	78.0573	79.0289	79.9614	80.8335	81.6636	82.4585	83.2035	83.8877	84.5491	85.1728
558	Nicaragua	70.7147	73.1334	73.9852	74.8403	75.7207	76.6091	77.4989	78.3685	79.2381	80.0766	80.8866	81.6573	82.3727	83.0669	83.7419	84.3857
591	Panama	75.8429	77.7474	78.8493	79.8856	80.8376	81.7105	82.5084	83.2536	83.9517	84.6108	85.2505	85.8645	86.4449	87.0291	87.6002	88.1511
931	South America	72.1545	74.1826	75.1289	76.0751	77.017	77.9409	78.8337	79.6979	80.5173	81.2964	82.0256	82.7177	83.3698	83.9953	84.5912	85.1651
32	Argentina	73.6293	75.5855	76.4262	77.2955	78.1731	79.0421	79.8875	80.711	81.4939	82.2452	82.9668	83.6606	84.3072	84.9356	85.5327	86.1074
68	Bolivia (Plurinational State of)	63.2138	66.8188	67.5083	68.1671	68.8337	69.4925	70.1815	70.8917	71.6135	72.368	73.1206	73.8956	74.6695	75.4512	76.2434	77.0187
76	Brazil	71.948	73.678	74.6271	75.5746	76.523	77.4652	78.3865	79.2871	80.1371	80.9506	81.7059	82.4392	83.1325	83.8022	84.4339	85.0312
152	Chile	78.0485	80.2811	81.3261	82.2904	83.1778	83.9936	84.7275	85.4101	86.0441	86.6433	87.2081	87.7227	88.248	88.7712	89.2785	89.7775
170	Colombia	73.2791	75.9808	77.0325	78.0766	79.0963	80.0789	81.0067	81.8894	82.724	83.4928	84.2122	84.8731	85.52	86.1323	86.6971	87.2452
218	Ecuador	72.8981	75.657	76.6596	77.6438	78.6165	79.5629	80.4809	81.3364	82.1382	82.8883	83.5838	84.2319	84.8391	85.4325	86.0102	86.5409
238	Falkland Islands (Malvinas)	87.8534	90.2362	90.5479	84.5437	84.8508	87.1913	86.6102	158.1128	89.3281	89.1801	89.435	91.1422	92.4165	94.1783	96.1967	93.6218
254	French Guiana	73.5191	75.094	76.0506	77.0655	78.0619	79.0355	79.9829	80.8431	81.646	82.4764	83.2515	83.954	84.6225	85.2421	85.8917	86.5001
328	Guyana	64.955	67.0298	67.6454	68.2846	68.9287	69.6071	70.3093	71.0299	71.7968	72.6146	73.4177	74.1895	74.984	75.7538	76.5625	77.3258
600	Paraguay	69.2599	71.5132	72.1846	72.8951	73.6374	74.3824	75.1872	76.0179	76.8426	77.6506	78.4357	79.2003	79.9422	80.6749	81.3957	82.081
604	Peru	73.3621	76.3994	77.4161	78.4078	79.369	80.3088	81.2151	82.0608	82.8547	83.5774	84.2667	84.8917	85.4702	86.015	86.5532	87.0599
740	Suriname	69.3334	71.143	71.9044	72.6993	73.4905	74.3116	75.1346	75.9919	76.8331	77.7092	78.5688	79.4095	80.1887	80.9493	81.7141	82.4622
858	Uruguay	73.3878	75.1188	76.1362	77.1465	78.131	79.0349	79.8663	80.6598	81.3994	82.1124	82.8017	83.4665	84.0813	84.6976	85.2665	85.8719
862	Venezuela (Bolivarian Republic of)	68.5714	69.4817	70.3319	71.2081	72.1136	73.0373	73.95	74.881	75.8074	76.7198	77.6201	78.497	79.3368	80.1349	80.8883	81.6102
905	Northern America	76.1708	78.0793	78.9579	79.8235	80.648	81.4607	82.231	82.9639	83.6693	84.32	84.9314	85.5223	86.0911	86.6715	87.2283	87.7593
60	Bermuda	79.4516	80.4687	81.2479	82.2227	82.8179	83.339	83.9552	84.5006	85.1625	85.7439	86.2506	86.9735	87.5469	88.1001	88.6874	89.2588
124	Canada	79.8994	81.3085	82.1579	82.9124	83.5995	84.246	84.8577	85.4811	86.0777	86.6329	87.1752	87.7097	88.2267	88.7379	89.2758	89.7996
304	Greenland	67.893	68.6306	69.1358	69.8829	70.8199	71.3606	71.7544	72	72.5308	72.9038	73.8284	74.9825	76.0182	77.1863	78.0499	78.9963
666	Saint Pierre and Miquelon	76.981	78.4422	79.6147	80.3862	80.5616	81.1447	82.8332	84.6767	85.2004	86.1111	87.9328	86.2856	85.4625	86.7753	90.2214	90.9364
840	United States of America	75.7622	77.7177	78.5971	79.4729	80.3098	81.1378	81.9233	82.668	83.3866	84.0485	84.6665	85.2622	85.8353	86.4219	86.9806	87.5129
909	Oceania	76.5561	77.5948	78.1179	78.5906	79.0372	79.4699	79.8835	80.3112	80.7493	81.1934	81.6382	82.1129	82.6119	83.1365	83.7048	84.27
927	Australia/New Zealand	81.5681	82.6245	83.3517	84.0169	84.6429	85.2437	85.8144	86.3802	86.9527	87.5053	88.0167	88.5411	89.0603	89.5592	90.0883	90.6055
36	Australia	81.7893	82.8959	83.5962	84.2371	84.8451	85.4326	85.9884	86.5481	87.1159	87.6634	88.1703	88.6968	89.2236	89.7185	90.2496	90.7693
554	New Zealand	80.4278	81.2722	82.1094	82.8832	83.6002	84.2629	84.8937	85.4707	86.0499	86.6146	87.1483	87.6591	88.1295	88.6448	89.1523	89.6365
928	Melanesia	64.0222	65.1134	65.6448	66.1512	66.6261	67.1038	67.5856	68.0928	68.608	69.1508	69.7196	70.2956	70.8872	71.517	72.1689	72.8146
242	Fiji	64.8275	65.9334	66.4957	67.0492	67.5965	68.1154	68.6598	69.2001	69.7268	70.2984	70.8854	71.5042	72.1703	72.8885	73.5666	74.2651
540	New Caledonia	75.6229	77.2418	78.2113	79.1117	80.0235	80.9792	81.8245	82.5581	83.289	83.9281	84.5901	85.1713	85.7336	86.2553	86.8019	87.4503
598	Papua New Guinea	63.1825	64.2499	64.7399	65.2113	65.6596	66.1189	66.583	67.0775	67.5786	68.1047	68.6521	69.1995	69.7613	70.3663	70.9976	71.6243
90	Solomon Islands	68.8438	69.8214	70.3879	70.9473	71.4893	72.0577	72.6328	73.2612	73.8828	74.5514	75.2573	75.9787	76.7096	77.4182	78.1286	78.8361
548	Vanuatu	69.1132	70.1376	70.8824	71.5793	72.3566	73.1017	73.8327	74.6257	75.4671	76.3342	77.1289	77.9671	78.8069	79.5649	80.3272	81.1092
954	Micronesia	68.2215	69.3569	70.1001	70.772	71.3821	71.9013	72.3774	72.8917	73.4326	74.0057	74.611	75.223	75.8331	76.4296	77.0011	77.6107
316	Guam	73.1744	74.6384	75.6704	76.6693	77.7591	78.8216	79.787	80.6425	81.4028	82.1389	82.8324	83.4527	84.0055	84.622	85.2718	86.0449
296	Kiribati	64.0484	65.2555	65.651	66.159	66.5459	67.0495	67.526	68.0754	68.5861	69.0341	69.4632	69.9498	70.4128	70.9358	71.4593	72.1545
584	Marshall Islands	64.3609	65.9316	67.1069	67.5307	67.8734	68.3226	70.1954	71.1814	72.5719	73.2086	72.7266	72.7871	73.8257	73.9862	73.7784	74.6549
583	Micronesia (Fed. States of)	63.2771	64.0614	64.5976	65.1772	65.7906	66.6434	67.2776	67.9634	68.6416	69.3924	70.263	71.0676	71.8557	72.5807	73.254	73.9877
520	Nauru	61.5077	63.1811	64.1123	64.8718	64.0138	64.0099	65.6806	67.053	66.8337	66.8399	66.8995	67.5872	68.1148	69.0358	69.6014	70.2418
580	Northern Mariana Islands	78.1334	79.3359	79.9973	80.6233	85.0101	82.2201	82.8022	82.7274	83.8739	84.6864	85.3109	86.2556	86.9853	87.3399	87.7305	88.2412
585	Palau	69.2424	69.4931	70.0138	71.1619	72.1546	72.3298	72.0025	72.482	73.2287	73.8505	74.5789	75.9635	76.8773	77.2337	77.833	78.5097
957	Polynesia	74.3708	75.7854	76.5845	77.3619	78.0745	78.7542	79.4207	80.0138	80.5485	80.993	81.3939	81.813	82.1549	82.5105	82.8966	83.2689
16	American Samoa	70.5208	70.9374	72.2813	72.7289	73.1562	73.7243	75.0055	76.3115	77.1078	77.7463	78.2256	78.7269	79.7854	80.6131	81.4056	82.0523
184	Cook Islands	74.6012	76.3139	77.6276	78.1939	79.1799	80.4877	82.0852	83.4534	85.317	84.9682	84.6802	85.303	86.8431	87.5147	89.0279	89.1254
258	French Polynesia	80.7966	82.6091	83.335	83.9261	84.4969	85.0497	85.6267	86.1697	86.7184	87.1789	87.6781	88.2284	88.7645	89.2556	89.7234	90.1963
570	Niue	86.5626	81.897	80.9171	82.1833	86.1962	94.0917	97.5583	97.5223	97.56	97.5573	97.5374	97.5821	97.5766	92.7162	89.6627	93.8362
882	Samoa	69.6863	70.342	70.7827	71.3438	71.8909	72.4645	73.0759	73.7654	74.4379	75.1956	76.0188	76.7605	77.537	78.2527	78.9959	79.7475
772	Tokelau	97.4535	97.4735	97.4555	97.5117	93.9921	95.8456	96.9079	97.807	96.2117	89.6007	85.4144	87.3557	87.0475	107.2217	90.0136	90.5266
776	Tonga	69.1631	69.9062	70.6766	71.6339	72.3062	73.3165	74.1041	74.9282	75.7196	76.5403	77.3697	78.0827	78.8022	79.6403	80.608	81.4164
798	Tuvalu	67.9894	69.8596	70.396	70.1247	69.5116	70.8695	72.5733	70.1422	70.9373	72.779	74.5083	75.1757	75.3095	75.4757	76.3565	77.0614
876	Wallis and Futuna Islands	80.4129	80.5309	80.8433	82.0209	82.6867	83.66	85.0022	85.2431	85.9107	85.191	85.5311	87.2799	87.8012	88.6971	89.3873	90.1392
