country_code	country	2020-2025	2025-2030	2030-2035	2035-2040	2040-2045	2045-2050	2050-2055	2055-2060	2060-2065	2065-2070	2070-2075	2075-2080	2080-2085	2085-2090	2090-2095	2095-2100
900	World	69.9075	71.4084	72.2007	72.9621	73.6879	74.3505	74.9459	75.5183	76.087	76.6451	77.1824	77.6898	78.1768	78.6512	79.1247	79.5926
1834	Sub-Saharan Africa	59.3997	60.902	61.754	62.5605	63.339	64.0862	64.8126	65.5225	66.2302	66.9298	67.6231	68.3013	68.9699	69.6269	70.2994	70.9763
1833	Northern Africa and Western Asia	70.8725	72.432	73.2578	74.0591	74.846	75.609	76.3523	77.0728	77.772	78.4612	79.1346	79.7814	80.4133	81.047	81.6767	82.2859
1831	Central and Southern Asia	68.8747	70.9676	71.9225	72.8526	73.7747	74.6775	75.5549	76.4219	77.2684	78.09	78.8829	79.65	80.3928	81.0825	81.7445	82.3879
1832	Eastern and South-Eastern Asia	73.8498	75.0351	75.9811	76.8693	77.7117	78.5007	79.2087	79.8899	80.5648	81.2157	81.8383	82.4215	82.9787	83.5369	84.0746	84.5984
1830	Latin America and the Caribbean	71.3882	73.5867	74.5092	75.4309	76.3499	77.2533	78.1352	78.992	79.8097	80.5914	81.3334	82.0433	82.7165	83.3579	83.974	84.5654
1835	Oceania (excluding Australia and New Zealand)	64.6582	65.7775	66.3181	66.8217	67.281	67.7286	68.1751	68.6483	69.1356	69.6566	70.2093	70.7748	71.3578	71.9791	72.621	73.254
1836	Australia/New Zealand	81.501	82.5494	83.2851	83.963	84.5987	85.2052	85.7805	86.347	86.921	87.4713	87.9841	88.5146	89.0399	89.5387	90.0605	90.5755
1829	Europe and Northern America	75.2982	76.9993	77.9365	78.8672	79.7659	80.6141	81.405	82.1583	82.8956	83.6168	84.3132	84.9711	85.578	86.1621	86.7297	87.2948
5502	Europe, Northern America, Australia, and New Zealand	75.4429	77.134	78.0711	79.0004	79.8975	80.7447	81.535	82.288	83.0249	83.7449	84.4395	85.0967	85.7045	86.289	86.8583	87.425
901	More developed regions	76.048	77.639	78.5399	79.4306	80.2917	81.109	81.8757	82.6097	83.3283	84.0304	84.709	85.3535	85.9518	86.5304	87.0969	87.6602
902	Less developed regions	68.7068	70.2418	71.0678	71.8582	72.6101	73.3005	73.9226	74.517	75.103	75.675	76.2202	76.7276	77.2112	77.6809	78.1504	78.6137
941	Least developed countries	63.1907	64.8466	65.6801	66.4606	67.2087	67.9292	68.6246	69.2993	69.96	70.6089	71.2482	71.8706	72.487	73.0929	73.701	74.3097
934	Less developed regions, excluding least developed countries	69.9923	71.5231	72.3761	73.1967	73.9912	74.731	75.4018	76.0482	76.6906	77.3224	77.9271	78.4909	79.0253	79.5417	80.0529	80.5519
948	Less developed regions, excluding China	67.0553	68.779	69.5569	70.3125	71.0505	71.7606	72.4456	73.1144	73.7685	74.4029	75.0135	75.5974	76.1626	76.7028	77.241	77.7767
1636	Land-locked Developing Countries (LLDC)	62.7637	64.6969	65.578	66.4322	67.2537	68.0232	68.7668	69.5032	70.2498	70.991	71.7221	72.434	73.1447	73.8493	74.5581	75.2593
2087	LLDC: Africa	60.8914	62.8476	63.8053	64.6982	65.5536	66.365	67.1585	67.9385	68.7337	69.5271	70.3099	71.0655	71.8092	72.5391	73.274	73.9991
2088	LLDC: Asia	66.8452	68.6686	69.5268	70.374	71.185	71.9452	72.6802	73.4183	74.1453	74.8511	75.549	76.2422	76.942	77.6324	78.3093	78.9824
2089	LLDC: Europe	68.899	70.3474	71.1558	71.987	72.8468	73.7174	74.5838	75.4369	76.2665	77.0875	77.914	78.7063	79.44	80.129	80.7935	81.4641
2090	LLDC: Latin America	65.1838	68.3994	69.0705	69.7383	70.4285	71.118	71.8483	72.5977	73.3502	74.1181	74.8767	75.6446	76.4079	77.1755	77.9455	78.6932
1637	Small Island Developing States (SIDS)	68.9518	70.388	71.0438	71.646	72.1905	72.7147	73.2141	73.7063	74.1858	74.6649	75.1396	75.5931	76.029	76.4758	76.9404	77.4259
2091	SIDS Caribbean	69.0676	70.567	71.2546	71.9032	72.5118	73.1002	73.6545	74.2013	74.7448	75.3187	75.9135	76.5053	77.0886	77.6642	78.2346	78.7977
2092	SIDS Pacific	64.7208	65.8476	66.4178	66.9508	67.4396	67.9143	68.3878	68.8855	69.3965	69.9367	70.5057	71.0806	71.6682	72.2899	72.9307	73.5642
2093	SIDS Atlantic, Indian Ocean and South China Sea (AIS)	73.2238	74.5238	75.276	75.9163	76.4354	76.9685	77.5098	78.0112	78.4614	78.8219	79.1044	79.3424	79.5444	79.7806	80.0765	80.4632
5503	High-and-upper-middle-income countries	74.4357	75.9478	76.9005	77.7991	78.6578	79.4681	80.2173	80.946	81.6549	82.3335	82.9805	83.5886	84.1618	84.7338	85.2911	85.8369
5504	Low-and-Lower-middle-income countries	65.7104	67.419	68.2125	68.9818	69.7324	70.456	71.1585	71.8467	72.5201	73.1701	73.794	74.3915	74.9726	75.5264	76.0787	76.6269
1503	High-income countries	78.1857	79.6321	80.482	81.2919	82.0616	82.7939	83.4902	84.1592	84.8083	85.4378	86.0437	86.6242	87.1843	87.7383	88.2781	88.8056
1859	Low-and-middle-income countries	68.2924	69.8572	70.7073	71.5276	72.309	73.0244	73.6656	74.2752	74.8745	75.4584	76.014	76.53	77.0201	77.4947	77.9683	78.4346
1517	Middle-income countries	69.2664	70.8488	71.7329	72.5862	73.409	74.172	74.8594	75.5166	76.1643	76.7982	77.4032	77.9667	78.4976	79.0102	79.5148	80.0072
1502	Upper-middle-income countries	72.5534	74.1184	75.1715	76.1651	77.1057	77.987	78.7836	79.5438	80.278	80.9769	81.6296	82.2212	82.7654	83.3077	83.8317	84.3356
1501	Lower-middle-income countries	66.7392	68.4645	69.2758	70.0669	70.8494	71.6126	72.3555	73.0864	73.8029	74.4966	75.1624	75.8017	76.4192	77.0033	77.5781	78.1424
1500	Low-income countries	61.669	63.381	64.1891	64.9342	65.6465	66.326	66.9923	67.6466	68.3029	68.9618	69.628	70.2805	70.9307	71.5681	72.2175	72.874
1518	No income group available	68.6098	69.5123	70.3613	71.2296	72.1194	73.0395	73.9529	74.8837	75.8062	76.7189	77.6174	78.4877	79.3237	80.1266	80.8903	81.6225
903	Africa	61.1049	62.5571	63.3698	64.1535	64.9115	65.6326	66.3315	67.0121	67.6858	68.3487	69.0034	69.6434	70.2787	70.9088	71.5562	72.2054
910	Eastern Africa	62.2331	63.7567	64.6915	65.559	66.3767	67.1625	67.9361	68.7044	69.4871	70.2703	71.0565	71.8336	72.6101	73.3821	74.1629	74.9382
108	Burundi	61.0879	62.247	62.9375	63.5958	64.2285	64.8082	65.3875	65.9607	66.5047	67.0407	67.5973	68.1524	68.7331	69.3446	69.9463	70.5618
174	Comoros	64.3955	65.7332	66.7173	67.6394	68.4742	69.2714	70.0641	70.8557	71.6778	72.4892	73.2953	74.1246	74.954	75.7954	76.6247	77.4357
262	Djibouti	62.8609	64.3885	65.2767	66.1155	66.8876	67.6335	68.3641	69.1014	69.8432	70.6014	71.3661	72.1278	72.9032	73.6846	74.4948	75.2785
232	Eritrea	65.8943	67.5614	68.6098	69.5904	70.5048	71.3978	72.2875	73.1628	74.022	74.8991	75.7662	76.616	77.4812	78.3411	79.1682	79.9734
231	Ethiopia	63.5677	65.2603	66.4379	67.5192	68.5424	69.5307	70.5053	71.4699	72.4544	73.4433	74.4249	75.3685	76.2934	77.1831	78.0662	78.9062
404	Kenya	60.7222	62.201	62.9691	63.6721	64.3433	64.9634	65.5593	66.1546	66.7347	67.3368	67.9365	68.5374	69.178	69.843	70.5327	71.2287
450	Madagascar	61.5635	62.7586	63.6105	64.3937	65.1027	65.7785	66.4005	67.007	67.6172	68.2078	68.8124	69.3982	70.005	70.6435	71.3096	71.9751
454	Malawi	63.0492	64.8773	65.704	66.4783	67.2368	67.9615	68.6865	69.4265	70.2044	70.9721	71.7381	72.5263	73.3238	74.1256	74.9188	75.706
480	Mauritius	71.1305	72.7314	73.6309	74.5736	75.534	76.5164	77.5183	78.4893	79.4195	80.3439	81.2412	82.0891	82.8792	83.6425	84.3578	85.0507
175	Mayotte	73.0634	74.91	75.8408	76.7745	77.7261	78.6766	79.6283	80.555	81.4274	82.2624	83.0732	83.8226	84.5112	85.1532	85.7648	86.3559
508	Mozambique	59.362	61.0902	61.917	62.7139	63.4449	64.1247	64.8081	65.4521	66.1039	66.7432	67.3732	68.0105	68.6528	69.3121	69.9964	70.7078
638	Réunion	79.6227	81.1414	81.7886	82.4163	83.0315	83.639	84.2104	84.7664	85.3286	85.8846	86.4229	86.9639	87.519	88.0415	88.5451	89.0603
646	Rwanda	65.2578	66.4073	67.3286	68.1718	68.9903	69.7874	70.5775	71.3726	72.1751	72.9721	73.7765	74.5795	75.39	76.2048	77.0221	77.8101
690	Seychelles	69.6463	70.5922	71.3722	72.1588	72.9861	73.8094	74.6654	75.521	76.3885	77.2458	78.084	78.9072	79.7016	80.4731	81.2089	81.9258
706	Somalia	54.7635	56.9712	57.6565	58.3048	58.9254	59.5485	60.1611	60.7606	61.3461	61.8911	62.4552	63.0057	63.5671	64.0961	64.6444	65.2149
728	South Sudan	54.5752	55.164	55.7535	56.3301	56.9323	57.5131	58.0643	58.6169	59.1804	59.7181	60.2811	60.813	61.3349	61.8398	62.3205	62.8242
800	Uganda	64.6948	66.2098	67.1862	68.1015	68.996	69.873	70.7474	71.6103	72.4994	73.369	74.246	75.1142	75.9907	76.8225	77.6569	78.4794
834	United Republic of Tanzania	64.0045	65.0574	65.9702	66.8399	67.6204	68.3927	69.1632	69.9271	70.7039	71.4924	72.284	73.1048	73.9114	74.7153	75.5299	76.3414
894	Zambia	62.5473	64.6506	65.3791	66.0631	66.721	67.3738	68.0263	68.685	69.3615	70.0174	70.7119	71.4132	72.1234	72.8722	73.6129	74.3462
716	Zimbabwe	59.6152	61.3802	62.5543	63.6342	64.634	65.5659	66.4726	67.3236	68.142	68.9601	69.7526	70.57	71.3791	72.202	73.0413	73.9101
911	Middle Africa	58.4357	60.5984	61.3885	62.1274	62.8292	63.4896	64.1315	64.7428	65.3372	65.9383	66.5498	67.1508	67.7585	68.3581	68.981	69.6231
24	Angola	61.6082	62.8682	63.672	64.3966	65.0642	65.6847	66.3007	66.9093	67.5262	68.1538	68.7721	69.4006	70.0184	70.6655	71.3226	72.0008
120	Cameroon	60.6638	62.6625	63.7962	64.7835	65.693	66.5665	67.384	68.1547	68.9193	69.6996	70.4881	71.2442	72.0077	72.7834	73.5667	74.3532
140	Central African Republic	34.2592	56.3149	57.467	58.5305	59.5337	60.4789	61.3854	62.2068	62.9943	63.7502	64.4716	65.1697	65.8707	66.6166	67.3081	68.0146
148	Chad	52.5778	53.8995	54.6379	55.3726	56.0763	56.7626	57.4335	58.048	58.6671	59.2555	59.8122	60.3563	60.8997	61.4235	61.9569	62.469
178	Congo	63.6134	64.9749	65.8401	66.6061	67.3254	67.9946	68.6528	69.3093	69.974	70.6652	71.3588	72.0101	72.7056	73.4259	74.1401	74.868
180	Democratic Republic of the Congo	59.1567	60.4752	61.2016	61.8885	62.5566	63.1861	63.7924	64.3595	64.8882	65.4247	65.9866	66.54	67.1062	67.6439	68.2186	68.8282
226	Equatorial Guinea	61.6154	62.8539	63.7008	64.4979	65.2491	65.9643	66.6496	67.3157	67.9626	68.5954	69.2587	69.9345	70.631	71.3285	72.0104	72.6922
266	Gabon	65.5141	66.6202	67.3317	68.0228	68.7126	69.4114	70.1178	70.8517	71.5985	72.3538	73.109	73.9018	74.7059	75.5163	76.3049	77.0806
678	Sao Tome and Principe	65.7102	66.9849	67.7832	68.604	69.4108	70.2415	71.0855	71.94	72.8129	73.6735	74.5614	75.4557	76.3447	77.2148	78.0631	78.8803
912	Northern Africa	69.2045	70.6056	71.422	72.2572	73.0837	73.8809	74.6651	75.4383	76.1964	76.9445	77.6813	78.3955	79.1066	79.8088	80.5029	81.1746
12	Algeria	74.3613	75.8021	76.7922	77.7756	78.7752	79.7616	80.7244	81.6474	82.5134	83.3309	84.0858	84.7794	85.4289	86.0595	86.6428	87.196
818	Egypt	68.7057	70.2185	71.0046	71.7866	72.5743	73.3714	74.1986	75.0463	75.9092	76.7883	77.6666	78.5165	79.3558	80.1582	80.9604	81.729
434	Libya	69.9146	72.8466	73.904	74.8432	75.7823	76.7664	77.741	78.7106	79.6578	80.5761	81.4709	82.3221	83.1165	83.8718	84.5727	85.2235
504	Morocco	72.5729	73.969	74.8287	75.6989	76.5854	77.4935	78.4072	79.2923	80.1368	80.9449	81.7397	82.4762	83.1747	83.8331	84.4585	85.0446
729	Sudan	62.8886	64.0228	64.812	65.5798	66.3413	67.0908	67.8317	68.5784	69.3199	70.0705	70.8535	71.6423	72.435	73.2487	74.0524	74.8705
788	Tunisia	72.8934	74.872	75.9424	77.0066	78.083	79.1346	80.1458	81.0985	81.9926	82.8312	83.6155	84.352	85.056	85.7132	86.3349	86.9208
732	Western Sahara	69.5706	70.4888	71.3033	72.0745	72.8534	73.6376	74.4309	75.2296	76.0404	76.855	77.6585	78.4519	79.2351	79.9945	80.7406	81.4389
913	Southern Africa	61.4492	63.2248	64.0396	64.8076	65.5519	66.2837	66.9899	67.7016	68.4204	69.1453	69.8929	70.6346	71.3829	72.157	72.938	73.7349
72	Botswana	65.1965	67.2059	67.7636	68.3154	68.8531	69.4215	70.0279	70.6477	71.3059	71.994	72.6858	73.4041	74.1321	74.8805	75.6152	76.3479
748	Eswatini	59.2013	61.7637	62.3835	62.9714	63.5475	64.1104	64.6555	65.1715	65.7037	66.2426	66.7882	67.3588	67.9331	68.5393	69.1601	69.7939
426	Lesotho	53.7948	56.4176	58.2225	59.8115	61.2057	62.4532	63.5542	64.5417	65.4733	66.3707	67.2302	68.0641	68.8939	69.7077	70.5039	71.2964
516	Namibia	61.0625	63.944	64.6065	65.2553	65.8572	66.4965	67.1413	67.7928	68.4805	69.1972	69.914	70.6488	71.3984	72.1573	72.8914	73.6611
710	South Africa	61.6723	63.3571	64.1364	64.8744	65.5959	66.3095	67.0023	67.7064	68.4192	69.1431	69.9014	70.6544	71.412	72.195	72.9863	73.7948
914	Western Africa	56.9524	58.0689	58.8361	59.5793	60.3072	61.006	61.6789	62.3261	62.9566	63.5685	64.1666	64.7577	65.3349	65.8938	66.4648	67.0284
204	Benin	59.1249	60.0695	60.7943	61.4866	62.1392	62.7179	63.2899	63.8459	64.3926	64.8984	65.407	65.9198	66.4466	66.9689	67.4748	68.0007
854	Burkina Faso	58.7698	59.707	60.5447	61.3142	62.036	62.7226	63.3759	63.9774	64.5901	65.1802	65.7796	66.35	66.9089	67.464	68.062	68.6548
132	Cabo Verde	72.1671	73.7439	74.7513	75.7979	76.8248	77.8421	78.8408	79.7967	80.6869	81.5321	82.3419	83.1005	83.8114	84.4906	85.1323	85.7716
384	Côte d'Ivoire	59.5084	60.6913	61.4136	62.0863	62.7191	63.3376	63.9174	64.4995	65.0646	65.6197	66.154	66.7146	67.2706	67.8175	68.3641	68.9278
270	Gambia	63.4982	64.9685	65.7565	66.4784	67.1476	67.7795	68.3843	69.0006	69.605	70.2067	70.8238	71.4461	72.0762	72.726	73.383	74.0582
288	Ghana	62.8443	63.931	64.7579	65.5152	66.2224	66.9314	67.6143	68.3101	68.9709	69.6556	70.3681	71.0805	71.8114	72.5369	73.2994	74.0568
324	Guinea	59.0605	60.1622	60.855	61.5309	62.1603	62.7527	63.3339	63.8623	64.3639	64.8929	65.407	65.9169	66.4363	66.9562	67.4758	68.0132
624	Guinea-Bissau	60.8416	62.3466	63.061	63.7448	64.3902	65.0048	65.5998	66.1665	66.7397	67.3113	67.8938	68.5113	69.1086	69.7332	70.3664	71.0227
430	Liberia	60.591	61.4618	62.0623	62.652	63.218	63.7771	64.3384	64.8707	65.3908	65.8893	66.3877	66.8941	67.3861	67.9066	68.4061	68.8994
466	Mali	58.6306	59.9336	60.8436	61.7209	62.5296	63.2611	63.9188	64.5476	65.1279	65.7118	66.2824	66.8218	67.3689	67.9222	68.4625	69.0036
478	Mauritania	66.0277	67.3757	68.2558	69.0767	69.8612	70.6365	71.4191	72.2128	73.0321	73.8747	74.7273	75.5669	76.4277	77.2765	78.1269	78.9739
562	Niger	59.6945	61.2125	62.2012	63.1026	63.9331	64.6802	65.3932	66.051	66.6499	67.2549	67.8157	68.3871	68.9664	69.5333	70.1122	70.6826
566	Nigeria	53.7892	54.7842	55.4358	56.0755	56.7228	57.3526	57.9684	58.5565	59.1363	59.6857	60.2266	60.7655	61.2786	61.7606	62.2583	62.7361
654	Saint Helena	73.9537	74.6016	75.4637	76.3505	77.2337	78.1089	78.9562	79.7868	80.5696	81.3038	82.0123	82.6808	83.3501	83.9825	84.6139	85.2058
686	Senegal	66.1688	67.7244	68.6695	69.5218	70.3189	71.0746	71.8109	72.5617	73.3337	74.114	74.8979	75.6803	76.4702	77.2377	78.0066	78.7721
694	Sierra Leone	59.5747	60.8157	61.5789	62.3226	63.004	63.6482	64.2349	64.825	65.4185	65.9923	66.5701	67.1244	67.6712	68.2141	68.7815	69.3734
768	Togo	62.0264	63.2633	64.0247	64.7502	65.4353	66.0786	66.6744	67.2515	67.8067	68.3634	68.9205	69.4736	70.0095	70.5734	71.1428	71.7406
935	Asia	71.6024	73.1784	74.1194	75.0133	75.8783	76.6923	77.4375	78.1619	78.8785	79.5821	80.2651	80.9148	81.5415	82.1511	82.7409	83.3094
5500	Central Asia	68.581	69.9123	70.6014	71.304	72.035	72.7825	73.5524	74.3484	75.1494	75.9613	76.7838	77.5905	78.3939	79.1904	79.9528	80.7003
398	Kazakhstan	68.645	70.8389	71.6679	72.5345	73.4342	74.3365	75.2507	76.1583	77.0515	77.9244	78.7579	79.5676	80.3634	81.1169	81.8418	82.5541
417	Kyrgyzstan	67.3886	68.7697	69.4853	70.2238	70.9991	71.8047	72.6392	73.4834	74.3503	75.2329	76.1388	77.0202	77.9033	78.7372	79.5604	80.3358
762	Tajikistan	68.723	70.0654	70.6415	71.2441	71.8672	72.5118	73.1977	73.9023	74.6164	75.3643	76.1316	76.8947	77.6342	78.3796	79.1007	79.8096
795	Turkmenistan	66.5687	67.4355	68.058	68.686	69.3233	70.0057	70.7106	71.4502	72.1789	72.9531	73.7404	74.5363	75.3269	76.1236	76.8992	77.6761
860	Uzbekistan	69.2	69.9742	70.6088	71.276	71.9753	72.6899	73.4327	74.2252	75.0328	75.8494	76.6891	77.5012	78.3062	79.1092	79.8682	80.625
906	Eastern Asia	76.1352	77.3521	78.4473	79.4751	80.4517	81.3769	82.227	83.0496	83.8275	84.5452	85.2217	85.8517	86.4466	87.0482	87.623	88.1805
156	China	75.3674	76.6732	77.8749	79.0082	80.0737	81.0743	81.9802	82.8491	83.6706	84.4198	85.1202	85.7645	86.3657	86.9718	87.5468	88.1028
344	China, Hong Kong SAR	82.4884	83.4067	84.0241	84.6376	85.2411	85.8316	86.4179	86.9899	87.5665	88.1349	88.7073	89.2782	89.829	90.3754	90.9297	91.4752
446	China, Macao SAR	81.1866	81.7537	82.6202	83.3921	84.0871	84.7743	85.4125	86.0178	86.607	87.1969	87.7719	88.3347	88.866	89.3985	89.9362	90.4637
158	China, Taiwan Province of China	77.6161	78.658	79.7478	80.731	81.6206	82.4132	83.1602	83.8644	84.5329	85.1698	85.7891	86.3793	86.9633	87.5248	88.0941	88.6484
408	Dem. People's Republic of Korea	71.2924	71.9385	72.5365	73.1774	73.8534	74.5605	75.2847	76.0315	76.8108	77.5847	78.377	79.1616	79.9277	80.691	81.4255	82.1232
392	Japan	81.5694	82.3514	83.0816	83.7705	84.4397	85.0913	85.7263	86.3552	86.9581	87.5572	88.1728	88.7772	89.3523	89.9164	90.4913	91.0692
496	Mongolia	66.4748	68.382	69.6343	70.8554	72.0849	73.2927	74.4841	75.6434	76.7611	77.8107	78.7998	79.7437	80.6519	81.4917	82.2752	83.0219
410	Republic of Korea	80.6433	81.7337	82.3288	82.9319	83.5385	84.1447	84.7296	85.3161	85.8798	86.4578	87.0225	87.5877	88.1548	88.7317	89.3107	89.899
5501	Southern Asia	68.8656	70.9915	71.9587	72.8971	73.825	74.7333	75.616	76.4873	77.3368	78.16	78.9531	79.7206	80.4638	81.1531	81.8163	82.461
4	Afghanistan	62.1533	65.4562	66.3988	67.2486	67.9845	68.653	69.294	69.9407	70.5922	71.2149	71.8319	72.4714	73.1336	73.7799	74.4234	75.0927
50	Bangladesh	71.8894	74.1926	75.4128	76.6019	77.77	78.9231	80.0081	81.0692	82.0611	83.0044	83.8689	84.6598	85.3794	86.0457	86.67	87.2655
64	Bhutan	71.2083	72.4332	73.6094	74.755	75.8704	76.9659	78.0386	79.0883	80.1189	81.096	82.0244	82.8815	83.6803	84.4338	85.1338	85.779
356	India	69.2575	71.477	72.4913	73.4701	74.4361	75.3828	76.3162	77.2631	78.211	79.1429	80.048	80.9256	81.776	82.5568	83.3012	84.0132
364	Iran (Islamic Republic of)	74.4409	76.7607	77.8641	78.949	80.0043	81.0554	82.0392	82.9575	83.7918	84.5678	85.2968	85.9689	86.5792	87.1558	87.72	88.2401
462	Maldives	78.869	80.8115	82.0036	83.088	84.0436	84.8788	85.6226	86.2876	86.8884	87.4161	87.9267	88.4214	88.9096	89.3783	89.8481	90.3096
524	Nepal	68.3285	69.8701	70.8742	71.8082	72.7085	73.5793	74.4546	75.3659	76.2605	77.1359	78.0144	78.8776	79.7376	80.5643	81.3773	82.156
586	Pakistan	64.7349	65.8771	66.4796	67.0973	67.7158	68.3237	68.9385	69.5579	70.2165	70.9188	71.6336	72.3585	73.1147	73.8788	74.6617	75.4777
144	Sri Lanka	73.9597	75.1489	76.1665	77.2104	78.2499	79.2479	80.1849	81.0796	81.9153	82.7035	83.4662	84.1885	84.8726	85.5178	86.1454	86.7662
920	South-Eastern Asia	68.5404	69.8981	70.6709	71.426	72.173	72.9189	73.6614	74.4011	75.1519	75.9045	76.6694	77.4314	78.1933	78.949	79.6919	80.4297
96	Brunei Darussalam	72.8415	74.0445	74.8541	75.6818	76.5414	77.4115	78.2993	79.1698	80.0308	80.8569	81.6483	82.4101	83.152	83.8776	84.555	85.1756
116	Cambodia	67.6743	68.662	69.3699	70.0554	70.7383	71.4398	72.1413	72.8713	73.6211	74.374	75.1394	75.9041	76.6635	77.4129	78.1658	78.9075
360	Indonesia	68.0061	69.6092	70.2309	70.8647	71.5336	72.2316	72.9346	73.6539	74.3976	75.1612	75.9508	76.7416	77.532	78.3138	79.0806	79.8478
418	Lao People's Democratic Republic	66.4997	67.7722	68.768	69.6987	70.5442	71.3574	72.1337	72.9033	73.6906	74.4959	75.2845	76.0696	76.8749	77.6488	78.4323	79.1938
458	Malaysia	73.4426	75.0732	75.9927	76.9401	77.9077	78.8529	79.7837	80.6869	81.5455	82.3522	83.1156	83.8422	84.527	85.1721	85.8033	86.409
104	Myanmar	63.4825	64.6631	65.5723	66.4071	67.2156	67.9793	68.7588	69.5288	70.3073	71.1114	71.937	72.794	73.62	74.4584	75.2713	76.1002
608	Philippines	66.1896	67.3663	67.923	68.4947	69.0856	69.7105	70.3675	71.0408	71.7691	72.5192	73.3081	74.0958	74.9185	75.7578	76.6062	77.4317
702	Singapore	81.0734	81.8992	82.5915	83.2682	83.8941	84.5254	85.1291	85.7121	86.3	86.8745	87.4326	87.9895	88.5266	89.0672	89.6168	90.1869
764	Thailand	72.3172	73.2907	74.5519	75.7966	76.9789	78.1002	79.1183	80.051	80.9163	81.7137	82.4617	83.186	83.871	84.5286	85.1679	85.7811
626	Timor-Leste	65.679	66.9325	67.7971	68.5678	69.2981	69.9916	70.684	71.354	72.0254	72.6989	73.408	74.1057	74.8158	75.5381	76.2622	76.9793
704	Viet Nam	69.8917	70.7073	71.6761	72.6788	73.7	74.7135	75.7228	76.706	77.6446	78.5378	79.4046	80.2439	81.0537	81.8129	82.5336	83.2647
922	Western Asia	72.4179	74.114	74.9565	75.7323	76.4856	77.2157	77.914	78.5801	79.2202	79.8515	80.4639	81.0456	81.6026	82.1753	82.7501	83.3052
51	Armenia	69.5535	72.2355	73.187	74.1449	75.1305	76.1157	77.0821	78.0188	78.9185	79.7716	80.5737	81.331	82.0566	82.7441	83.4193	84.0874
31	Azerbaijan	70.2937	72.2537	73.0569	73.8922	74.7566	75.6339	76.5142	77.4017	78.2928	79.1711	80.0223	80.8552	81.6374	82.3798	83.0927	83.7906
48	Bahrain	79.5528	81.4761	82.3735	83.2367	84.0358	84.7359	85.3559	85.9262	86.4752	86.9972	87.4915	87.956	88.4179	88.8909	89.3456	89.7798
196	Cyprus	79.0898	80.5497	81.5249	82.4129	83.2297	83.9778	84.6862	85.3549	85.9736	86.5742	87.148	87.7006	88.2474	88.7713	89.2734	89.7746
268	Georgia	68.9438	70.3865	71.3427	72.3099	73.3012	74.2991	75.2896	76.2368	77.1452	78.0177	78.8451	79.6233	80.3924	81.1205	81.8407	82.5081
368	Iraq	69.6739	70.8021	71.2518	71.7215	72.2412	72.7988	73.4191	74.0605	74.718	75.3917	76.0978	76.8164	77.5264	78.2563	78.9695	79.6634
376	Israel	80.541	81.0726	81.9479	82.7192	83.4241	84.092	84.7447	85.3721	85.9643	86.5423	87.0933	87.6353	88.151	88.6667	89.1945	89.7003
400	Jordan	74.6011	76.5057	77.4229	78.3695	79.3155	80.2425	81.1399	82.0004	82.8239	83.582	84.2938	84.9592	85.6081	86.2179	86.793	87.3658
414	Kuwait	78.023	80.1222	81.1052	82.0727	82.9779	83.8106	84.5808	85.2841	85.9217	86.5051	87.0625	87.5865	88.1059	88.6085	89.1069	89.5877
422	Lebanon	74.5477	76.3981	77.149	77.9313	78.7267	79.5213	80.303	81.0854	81.8338	82.5464	83.2505	83.9046	84.5287	85.1319	85.709	86.2665
512	Oman	77.1902	79.5102	80.6221	81.711	82.715	83.6376	84.4441	85.1724	85.8411	86.4308	86.9721	87.4875	87.9803	88.4493	88.9051	89.3586
634	Qatar	81.0551	82.4011	83.2561	84.0443	84.7516	85.3787	85.9397	86.4638	86.9623	87.4342	87.8917	88.3278	88.7755	89.227	89.6605	90.0953
682	Saudi Arabia	76.3487	78.1193	79.263	80.3858	81.4536	82.4398	83.3432	84.1769	84.9343	85.6402	86.295	86.9028	87.4821	88.0354	88.5669	89.0896
275	State of Palestine	67.7869	74.6044	76.1445	77.0681	77.9936	78.9336	79.8447	80.7017	81.5391	82.3226	83.0592	83.7685	84.4193	85.0497	85.6394	86.191
760	Syrian Arab Republic	70.1013	71.1447	71.9011	72.6417	73.4194	74.2042	75.0018	75.8098	76.6275	77.4666	78.3066	79.1479	79.9594	80.7314	81.488	82.211
792	Türkiye	74.0963	75.7885	76.8907	77.9308	78.9456	79.9241	80.8221	81.6664	82.4408	83.174	83.8762	84.5397	85.1584	85.7547	86.3431	86.8902
784	United Arab Emirates	80.2497	82.8443	83.7288	84.5051	85.2078	85.8337	86.3892	86.913	87.4052	87.8911	88.3584	88.8155	89.2804	89.7393	90.1841	90.6266
887	Yemen	65.6863	67.8187	68.4141	68.9739	69.5362	70.116	70.7076	71.2845	71.8803	72.5175	73.1808	73.8521	74.5223	75.2264	75.9487	76.6405
908	Europe	74.985	76.5673	77.5142	78.4531	79.3664	80.2189	81.0133	81.7677	82.5015	83.2338	83.9535	84.6336	85.2552	85.8388	86.4112	86.9864
923	Eastern Europe	68.9021	70.7066	71.736	72.7941	73.851	74.8744	75.8429	76.7629	77.6398	78.4847	79.292	80.0588	80.7703	81.4579	82.1166	82.7459
112	Belarus	68.823	70.45	71.4702	72.5129	73.5665	74.6126	75.6194	76.5987	77.5364	78.4429	79.2787	80.0698	80.8269	81.5458	82.2332	82.899
100	Bulgaria	70.7282	72.9562	73.8547	74.7808	75.7138	76.632	77.5352	78.4289	79.2833	80.1072	80.8899	81.6534	82.3616	83.043	83.6991	84.3229
203	Czechia	76.0893	77.8038	78.7026	79.5876	80.4405	81.2234	81.9678	82.6834	83.3552	84.0112	84.6629	85.2755	85.8725	86.4524	87.0027	87.546
348	Hungary	72.8152	74.539	75.474	76.4319	77.392	78.3606	79.2937	80.1665	81.0067	81.8054	82.596	83.3405	84.0379	84.7034	85.3606	85.9971
616	Poland	73.8444	75.8609	76.9496	77.9897	78.9814	79.9024	80.7486	81.5084	82.2217	82.901	83.5674	84.2232	84.8296	85.3903	85.9498	86.5006
498	Republic of Moldova	66.1201	67.179	67.912	68.6675	69.4604	70.2856	71.1223	71.9782	72.8401	73.7213	74.6046	75.4742	76.3167	77.1334	77.9242	78.7094
642	Romania	71.3673	73.1725	74.0674	74.9785	75.9107	76.8481	77.7704	78.6749	79.5408	80.3825	81.1839	81.9389	82.6671	83.3659	84.0499	84.7004
643	Russian Federation	66.7222	68.2269	69.3203	70.4435	71.5668	72.6737	73.743	74.7819	75.7764	76.7244	77.605	78.4398	79.2194	79.9881	80.7154	81.3908
703	Slovakia	73.7691	75.9022	76.9343	77.9331	78.8951	79.822	80.691	81.499	82.2514	82.9524	83.6119	84.2523	84.8819	85.4935	86.0648	86.6238
804	Ukraine	67.7154	70.4685	71.4326	72.4161	73.411	74.3979	75.3571	76.2895	77.1809	78.0343	78.8788	79.6799	80.4418	81.1806	81.875	82.5373
924	Northern Europe	79.0619	80.1323	81.0366	81.8832	82.6714	83.4039	84.1065	84.7718	85.4024	85.998	86.5783	87.1402	87.6826	88.2006	88.7268	89.2449
208	Denmark	79.8367	80.8416	81.7181	82.5267	83.2597	83.9478	84.5966	85.2218	85.8215	86.3884	86.9328	87.4835	88.0134	88.5343	89.0698	89.588
233	Estonia	74.2644	75.9048	76.9937	78.01	78.9512	79.7965	80.5908	81.3291	82.0269	82.69	83.3266	83.9547	84.5682	85.1614	85.7396	86.305
234	Faroe Islands	77.9732	79.2191	80.345	81.3892	82.3444	83.2281	84.0312	84.775	85.4886	86.1599	86.7949	87.4	87.9828	88.5447	89.102	89.6603
246	Finland	79.0644	80.1028	81.0285	81.8397	82.5607	83.2368	83.8831	84.5066	85.1411	85.7252	86.2964	86.8586	87.4065	87.944	88.4845	89.01
831	Guernsey	80.8212	81.7057	82.4723	83.0923	83.7065	84.3162	84.9163	85.445	85.9546	86.5032	87.0402	87.5755	88.0478	88.5199	89.0234	89.5504
352	Iceland	80.9563	82.2113	82.9954	83.7013	84.3572	84.9709	85.5788	86.1596	86.7353	87.307	87.8671	88.4323	89.0009	89.5616	90.133	90.6892
372	Ireland	80.3212	81.2864	82.1831	82.9839	83.7122	84.3827	85.0301	85.657	86.2492	86.8073	87.3723	87.919	88.4443	88.9756	89.4856	89.9874
833	Isle of Man	78.799	79.6865	80.5717	81.4294	82.278	83.0019	83.6765	84.3598	85.0332	85.6194	86.1847	86.7513	87.317	87.8167	88.3021	88.8211
832	Jersey	77.626	78.4451	79.3441	80.2398	81.0891	81.9601	82.7592	83.4818	84.2107	84.9271	85.5462	86.1414	86.7526	87.3635	87.8884	88.4037
428	Latvia	70.5425	72.4163	73.3765	74.364	75.3412	76.3045	77.2286	78.1021	78.9523	79.7504	80.5036	81.2318	81.913	82.5728	83.2015	83.8156
440	Lithuania	70.5479	72.1049	73.1074	74.1338	75.1509	76.1566	77.1051	78.0065	78.8537	79.6635	80.4189	81.1395	81.8336	82.5041	83.1492	83.7821
578	Norway	81.5863	82.5522	83.3429	84.062	84.7184	85.334	85.9174	86.4759	86.9966	87.5089	88.0252	88.5241	89.0348	89.5465	90.0636	90.5662
752	Sweden	81.3764	82.2726	83.0436	83.749	84.4323	85.0581	85.642	86.2337	86.7983	87.3509	87.9109	88.4419	88.9498	89.4714	89.9713	90.4682
826	United Kingdom	79.1473	80.1602	81.0558	81.9011	82.688	83.4166	84.122	84.7814	85.3968	85.9722	86.5345	87.0816	87.6106	88.1064	88.6196	89.1257
925	Southern Europe	79.3075	80.8738	81.6987	82.4642	83.2102	83.9105	84.5782	85.2064	85.7963	86.3806	86.9724	87.5516	88.125	88.6797	89.2211	89.7483
8	Albania	76.7223	78.6309	79.6431	80.656	81.6215	82.5399	83.3857	84.1455	84.855	85.5234	86.1349	86.7104	87.2684	87.8023	88.3143	88.823
20	Andorra	81.0554	82.7696	83.4677	84.1308	84.7628	85.3748	85.9909	86.5698	87.1418	87.6916	88.2282	88.7638	89.2951	89.8217	90.3485	90.8646
70	Bosnia and Herzegovina	73.2874	75.4124	76.5047	77.5921	78.6314	79.6317	80.5775	81.4587	82.2726	83.0397	83.7474	84.4364	85.0967	85.7151	86.3121	86.8974
191	Croatia	74.9947	76.309	77.3137	78.2976	79.2814	80.2108	81.0603	81.8494	82.5995	83.2872	83.9367	84.562	85.1822	85.7796	86.3534	86.9377
292	Gibraltar	80.2113	81.5412	82.2537	82.8881	83.5012	84.1021	84.7158	85.3161	85.8746	86.4395	87.0054	87.5529	88.0848	88.6111	89.1423	89.6948
300	Greece	78.5411	80.2607	81.2466	82.0995	82.8639	83.5676	84.2394	84.8917	85.5225	86.113	86.6759	87.2348	87.7614	88.2912	88.8258	89.3375
380	Italy	80.8469	82.3535	83.1044	83.803	84.4796	85.107	85.7329	86.3286	86.8893	87.4441	88.0207	88.5749	89.1319	89.6478	90.1751	90.6963
412	Kosovo (under UNSC res. 1244)	74.6593	76.7343	77.7338	78.7484	79.7479	80.7144	81.6355	82.4913	83.2861	84.0289	84.7149	85.3625	85.973	86.529	87.0564	87.5636
470	Malta	80.831	82.1345	82.9364	83.653	84.3288	84.9808	85.6092	86.2062	86.7943	87.3524	87.9078	88.4414	88.9711	89.4926	90.0178	90.5423
499	Montenegro	72.7137	74.6026	75.585	76.5689	77.5679	78.5469	79.4836	80.3709	81.2126	81.9848	82.7189	83.415	84.0891	84.7321	85.358	85.9327
807	North Macedonia	73.6823	75.8004	76.5968	77.4134	78.2555	79.1193	79.9786	80.7931	81.5678	82.3058	83.046	83.7479	84.3957	85.0259	85.6354	86.2178
620	Portugal	78.9356	80.394	81.2822	82.0561	82.7758	83.451	84.0967	84.7142	85.3121	85.9115	86.4906	87.0707	87.6385	88.1834	88.7277	89.2784
674	San Marino	83.2745	84.7177	85.2909	85.8569	86.411	86.9637	87.5011	88.0487	88.583	89.1092	89.6248	90.1375	90.6398	91.1429	91.6361	92.1272
688	Serbia	72.1781	74.3853	75.4049	76.4272	77.4535	78.4713	79.4435	80.3704	81.241	82.0559	82.8172	83.5482	84.2631	84.9473	85.6099	86.2481
705	Slovenia	78.4036	79.8417	80.7922	81.6538	82.4215	83.1272	83.7978	84.4425	85.0666	85.6771	86.2527	86.8303	87.399	87.9594	88.5061	89.0293
724	Spain	80.3877	81.6336	82.345	82.9972	83.6498	84.2845	84.9086	85.5318	86.1207	86.7029	87.288	87.8524	88.4039	88.9695	89.5069	90.0374
926	Western Europe	79.4266	80.5874	81.4388	82.2226	82.9449	83.614	84.2632	84.8925	85.4897	86.074	86.6424	87.1895	87.7257	88.2686	88.8068	89.3366
40	Austria	79.3476	80.4898	81.4497	82.2904	83.0476	83.7468	84.4202	85.0534	85.667	86.2532	86.8367	87.4042	87.9553	88.4882	88.9957	89.5271
56	Belgium	79.4362	80.7458	81.6578	82.4659	83.208	83.895	84.5464	85.1578	85.7497	86.3189	86.8816	87.4245	87.9682	88.5173	89.0303	89.5552
250	France	79.8913	81.0743	81.7385	82.3852	83.0174	83.6241	84.2255	84.8213	85.4042	85.983	86.5563	87.1022	87.6416	88.1849	88.725	89.2582
276	Germany	78.7597	79.9079	80.8482	81.7037	82.4786	83.1939	83.8824	84.5426	85.1495	85.7436	86.3223	86.887	87.4222	87.9524	88.4683	88.9747
438	Liechtenstein	81.4147	82.6582	83.4325	84.1583	84.8876	85.5172	86.1008	86.7258	87.3296	87.898	88.439	88.9757	89.5671	90.1087	90.5926	91.0931
442	Luxembourg	80.4819	81.3435	82.1945	82.9968	83.732	84.3979	85.0232	85.6188	86.1858	86.7317	87.2605	87.7773	88.2869	88.7884	89.2851	89.7715
492	Monaco	84.0701	84.9429	85.4831	86.0374	86.5981	87.1392	87.6823	88.1966	88.7143	89.2443	89.7536	90.2739	90.7784	91.2919	91.798	92.3034
528	Netherlands	80.2932	81.3467	82.2125	83.0289	83.78	84.4748	85.143	85.7528	86.3384	86.9132	87.4718	87.994	88.5218	89.0495	89.5922	90.1289
756	Switzerland	81.6843	82.7186	83.4388	84.0944	84.7148	85.3248	85.9284	86.5098	87.0575	87.607	88.1413	88.6849	89.2131	89.7456	90.2704	90.7854
5505	Americas	73.2645	75.3437	76.2588	77.1526	78.0158	78.8575	79.6714	80.4644	81.2316	81.9634	82.6585	83.3285	83.9737	84.6123	85.2277	85.8141
904	Latin America and the Caribbean	71.3882	73.5867	74.5092	75.4309	76.3499	77.2533	78.1352	78.992	79.8097	80.5914	81.3334	82.0433	82.7165	83.3579	83.974	84.5654
915	Caribbean	69.0924	70.5681	71.2584	71.9074	72.5137	73.0978	73.646	74.1855	74.7199	75.2846	75.8709	76.4549	77.03	77.5967	78.1575	78.7111
660	Anguilla	75.8118	76.9948	78.0633	79.0796	80.026	80.8947	81.6869	82.4243	83.1317	83.8076	84.4402	85.0442	85.6525	86.228	86.777	87.3416
28	Antigua and Barbuda	74.5181	75.4119	76.3892	77.3859	78.3786	79.3413	80.2662	81.1329	81.9306	82.7018	83.4252	84.1007	84.7527	85.3954	85.9914	86.5798
533	Aruba	72.9513	74.3743	75.1606	75.9653	76.7915	77.6422	78.5016	79.3309	80.1502	80.9274	81.678	82.4025	83.1121	83.7917	84.4303	85.0485
44	Bahamas	70.0238	71.6103	72.4259	73.2546	74.1152	75.0004	75.8747	76.7671	77.6367	78.48	79.2944	80.0677	80.813	81.5332	82.2392	82.9141
52	Barbados	73.7538	74.3318	75.1482	75.9957	76.862	77.7585	78.647	79.5183	80.3621	81.1545	81.9263	82.6644	83.3827	84.065	84.6954	85.3079
535	Bonaire, Sint Eustatius and Saba	75.5014	75.9917	76.8314	77.7118	78.5833	79.4442	80.283	81.0735	81.8321	82.5684	83.2776	83.9424	84.5696	85.1551	85.7285	86.3026
92	British Virgin Islands	74.0981	75.3232	76.2466	77.1604	78.082	79.0034	79.8796	80.7242	81.5352	82.3213	83.0665	83.7605	84.4158	85.039	85.6403	86.226
136	Cayman Islands	77.6408	78.9335	79.9789	80.9803	81.9106	82.7443	83.5276	84.2428	84.9219	85.5632	86.1863	86.7684	87.3285	87.896	88.4471	88.9712
192	Cuba	74.3654	76.5441	77.5147	78.4886	79.4369	80.3636	81.24	82.0827	82.8574	83.5975	84.2935	84.9466	85.5783	86.1889	86.7647	87.3025
531	Curaçao	72.2895	73.3567	74.3757	75.3983	76.4117	77.3856	78.3176	79.1816	80.013	80.8096	81.5634	82.2693	82.9322	83.5947	84.2324	84.8336
212	Dominica	68.0552	68.8572	69.6092	70.3643	71.1223	71.8745	72.6941	73.5246	74.3416	75.1887	76.0503	76.8971	77.7364	78.5526	79.3398	80.1087
214	Dominican Republic	69.9602	71.1312	71.8168	72.5281	73.2653	74.0173	74.7752	75.5395	76.3074	77.081	77.8477	78.6141	79.3417	80.0406	80.7197	81.3848
308	Grenada	72.2911	73.0591	73.8448	74.6837	75.5552	76.4029	77.2578	78.1063	78.9598	79.7923	80.5707	81.3353	82.056	82.7526	83.4182	84.0745
312	Guadeloupe	76.7818	78.9972	79.789	80.5105	81.1678	81.8062	82.4085	82.9935	83.5804	84.1537	84.7207	85.2627	85.7979	86.3275	86.8544	87.3734
332	Haiti	61.0795	62.4466	63.1921	63.8867	64.5592	65.2207	65.8572	66.4826	67.0898	67.7172	68.3713	69.0323	69.7125	70.403	71.1079	71.8176
388	Jamaica	68.5214	69.4328	69.9961	70.5971	71.2173	71.8739	72.5459	73.2562	73.9804	74.7097	75.4674	76.2428	77.0018	77.7421	78.482	79.2178
474	Martinique	77.6763	80.0445	80.8003	81.5047	82.145	82.7484	83.3445	83.929	84.4975	85.0679	85.6125	86.1483	86.6864	87.2124	87.7336	88.243
500	Montserrat	74.0237	74.8144	75.6137	76.4279	77.2947	78.1668	79.0306	79.8843	80.7334	81.5305	82.2804	83.0094	83.7132	84.3623	84.9715	85.5657
630	Puerto Rico	76.8599	78.996	79.881	80.654	81.3648	82.0379	82.6759	83.292	83.8906	84.4911	85.0728	85.6534	86.2212	86.7783	87.3263	87.8659
652	Saint Barthélemy	81.2832	81.9884	82.56	83.1345	83.6915	84.2479	84.7764	85.297	85.8345	86.3666	86.8719	87.4043	87.9163	88.4201	88.9328	89.4394
659	Saint Kitts and Nevis	67.5541	69.1618	69.8595	70.5939	71.3565	72.1503	72.9772	73.7983	74.6588	75.5147	76.3533	77.1979	78.0187	78.8071	79.5681	80.3114
662	Saint Lucia	68.4833	69.9593	70.7039	71.4888	72.294	73.1278	73.9829	74.8414	75.6963	76.5472	77.3925	78.2038	79.0148	79.8031	80.5989	81.3442
663	Saint Martin (French part)	76.8251	77.7471	78.7713	79.6995	80.5449	81.3191	82.0437	82.7078	83.3755	84.0077	84.6185	85.2128	85.784	86.3559	86.9122	87.4493
670	Saint Vincent and the Grenadines	67.8906	69.1896	69.8009	70.4171	71.0919	71.7961	72.5025	73.2597	74.0246	74.8031	75.5727	76.3562	77.1527	77.9255	78.705	79.4568
534	Sint Maarten (Dutch part)	73.1895	74.4008	75.2043	76.0418	76.8882	77.7545	78.6153	79.4559	80.2665	81.0483	81.7834	82.4911	83.1826	83.8279	84.4619	85.0702
780	Trinidad and Tobago	69.7667	70.9718	71.668	72.3935	73.1468	73.9484	74.7834	75.628	76.4606	77.2807	78.1094	78.9178	79.7068	80.4662	81.1903	81.8879
796	Turks and Caicos Islands	75.6452	76.6244	77.5523	78.5057	79.444	80.3659	81.2418	82.0798	82.8592	83.6106	84.2913	84.9354	85.5493	86.1495	86.7243	87.269
850	United States Virgin Islands	70.2998	71.511	72.6585	73.802	74.9275	75.9893	76.9823	77.9205	78.785	79.5936	80.3568	81.079	81.7849	82.4405	83.0861	83.7097
916	Central America	70.1804	72.9991	73.9296	74.8623	75.8121	76.7435	77.6728	78.5818	79.4563	80.2869	81.0848	81.855	82.5897	83.2775	83.9451	84.5778
84	Belize	69.9735	71.6291	72.4304	73.2687	74.127	75.0086	75.9194	76.841	77.774	78.6707	79.5542	80.4119	81.2421	82.0297	82.7982	83.527
188	Costa Rica	77.0685	79.1814	80.2923	81.3016	82.1921	83.0031	83.7558	84.4711	85.1295	85.7632	86.3758	86.9683	87.5439	88.0916	88.6392	89.1691
222	El Salvador	66.8593	68.5661	69.6992	70.8441	71.9778	73.1056	74.2302	75.3455	76.4403	77.4961	78.4813	79.425	80.3265	81.1695	81.9517	82.7007
320	Guatemala	68.4093	70.9147	71.6124	72.3185	73.0205	73.7384	74.5009	75.2852	76.0699	76.8558	77.6368	78.4164	79.1835	79.9217	80.6535	81.3602
340	Honduras	69.3949	71.0327	71.8215	72.6362	73.4826	74.3595	75.261	76.1549	77.0579	77.9758	78.8616	79.7141	80.5673	81.3706	82.1275	82.8571
484	Mexico	70.054	73.109	74.073	75.0415	76.0405	77.0251	78.0165	78.9913	79.9268	80.8012	81.6349	82.4342	83.1847	83.8744	84.5411	85.1696
558	Nicaragua	70.5862	73.0521	73.9075	74.7635	75.6438	76.5373	77.4306	78.3081	79.1833	80.0279	80.8469	81.6249	82.3471	83.0469	83.7251	84.372
591	Panama	75.699	77.6573	78.7623	79.8064	80.7615	81.6459	82.4505	83.2048	83.9114	84.5706	85.2161	85.833	86.4185	87.0032	87.5758	88.1294
931	South America	72.056	74.1191	75.0715	76.0249	76.9707	77.8998	78.7971	79.6656	80.4901	81.2751	82.0102	82.7072	83.3637	83.993	84.592	85.1684
32	Argentina	73.5572	75.5378	76.3834	77.2559	78.1286	78.9973	79.8432	80.6712	81.4613	82.2192	82.9467	83.6449	84.2959	84.9295	85.5314	86.1152
68	Bolivia (Plurinational State of)	63.1164	66.7693	67.4584	68.1175	68.787	69.4479	70.1395	70.8533	71.5794	72.338	73.0948	73.8732	74.6499	75.4343	76.2273	77.0036
76	Brazil	71.8594	73.6167	74.573	75.5304	76.4834	77.4313	78.3571	79.2625	80.1188	80.9385	81.7002	82.4374	83.133	83.8046	84.4382	85.0362
152	Chile	77.9322	80.1992	81.2503	82.2231	83.1189	83.942	84.6831	85.3726	86.0131	86.6204	87.1897	87.7146	88.2491	88.7798	89.2889	89.7906
170	Colombia	73.1117	75.8809	76.9397	77.9947	79.0292	80.0234	80.9586	81.8442	82.68	83.4534	84.1814	84.8541	85.5123	86.1337	86.7034	87.2511
218	Ecuador	72.7501	75.5819	76.586	77.5732	78.5472	79.497	80.4181	81.2794	82.088	82.8451	83.5482	84.205	84.8201	85.419	86.0029	86.5396
238	Falkland Islands (Malvinas)	77.1006	78.0965	79.1614	80.2132	81.1658	82.1119	82.9731	83.7318	84.46	85.1253	85.702	86.2437	86.7848	87.3216	87.8166	88.2689
254	French Guiana	73.5259	75.0019	75.9822	76.9806	77.9731	78.9421	79.8738	80.7516	81.5799	82.3899	83.1411	83.8404	84.523	85.1678	85.7782	86.3798
328	Guyana	64.9067	67.0172	67.6146	68.2521	68.9199	69.5948	70.2937	71.0206	71.7888	72.5783	73.3835	74.1568	74.9534	75.7491	76.538	77.3217
600	Paraguay	69.1578	71.4548	72.1248	72.8393	73.5885	74.3366	75.1407	75.9705	76.7989	77.6143	78.4091	79.1781	79.9227	80.6548	81.375	82.063
604	Peru	73.2404	76.3294	77.3495	78.3429	79.3071	80.2499	81.1607	82.0111	82.8118	83.5404	84.2346	84.8659	85.4499	85.999	86.5408	87.0517
740	Suriname	69.2339	71.0925	71.8394	72.6387	73.4432	74.2762	75.1134	75.993	76.859	77.7154	78.5499	79.3745	80.1406	80.8987	81.6364	82.3532
858	Uruguay	73.3601	75.0892	76.11	77.1232	78.0977	78.9981	79.8342	80.6326	81.3857	82.1047	82.8025	83.4748	84.0992	84.6985	85.2829	85.8693
862	Venezuela (Bolivarian Republic of)	68.5554	69.464	70.3183	71.1915	72.0851	73.011	73.931	74.8672	75.7916	76.7039	77.6016	78.4715	79.3083	80.1132	80.879	81.6136
905	Northern America	76.0888	78.016	78.8994	79.7757	80.6096	81.43	82.2058	82.9388	83.6409	84.2898	84.9031	85.4983	86.071	86.6498	87.2044	87.7415
60	Bermuda	78.6337	79.6928	80.4631	81.1722	81.8324	82.4623	83.0675	83.667	84.2505	84.826	85.413	86.0103	86.589	87.1477	87.7168	88.2622
124	Canada	79.816	81.2312	82.0886	82.8546	83.5546	84.2122	84.8328	85.4559	86.0464	86.5974	87.1415	87.6805	88.2034	88.7207	89.2593	89.781
304	Greenland	68.1603	68.5453	69.0261	69.5424	70.0636	70.6444	71.2269	71.8328	72.4712	73.1371	73.8092	74.4962	75.1967	75.9029	76.6165	77.3334
666	Saint Pierre and Miquelon	72.7955	73.6317	74.636	75.6582	76.6451	77.6	78.5071	79.3452	80.1332	80.8659	81.5593	82.2358	82.8887	83.5203	84.1073	84.6883
840	United States of America	75.6817	77.6562	78.5401	79.4263	80.2724	81.1076	81.8979	82.6429	83.3587	84.0192	84.6391	85.239	85.8158	86.3996	86.9557	87.4952
909	Oceania	76.4839	77.5218	78.0543	78.5379	78.9915	79.4274	79.8448	80.2748	80.7148	81.1577	81.6044	82.084	82.5876	83.1133	83.6779	84.2421
927	Australia/New Zealand	81.501	82.5494	83.2851	83.963	84.5987	85.2052	85.7805	86.347	86.921	87.4713	87.9841	88.5146	89.0399	89.5387	90.0605	90.5755
36	Australia	81.7225	82.8192	83.5287	84.1831	84.8005	85.393	85.9534	86.5136	87.0823	87.6282	88.1369	88.6704	89.2015	89.6968	90.2202	90.7378
554	New Zealand	80.3642	81.1999	82.0475	82.8333	83.5567	84.2248	84.8621	85.4455	86.0301	86.5927	87.1241	87.641	88.1284	88.6346	89.1308	89.6118
928	Melanesia	63.9478	65.0587	65.5944	66.1051	66.5833	67.0622	67.5454	68.055	68.5736	69.1191	69.6906	70.2691	70.8627	71.4942	72.148	72.7959
242	Fiji	64.7912	65.9113	66.4862	67.039	67.5837	68.0995	68.631	69.1764	69.7185	70.2844	70.8794	71.5125	72.1776	72.8582	73.5567	74.249
540	New Caledonia	75.476	77.1077	78.0445	78.9836	79.9177	80.801	81.6354	82.4233	83.1508	83.8446	84.509	85.1227	85.7068	86.2625	86.7926	87.3152
598	Papua New Guinea	63.1021	64.1924	64.6871	65.1635	65.6154	66.076	66.5423	67.038	67.543	68.0724	68.6233	69.1737	69.7375	70.3443	70.9769	71.6059
90	Solomon Islands	68.7728	69.7494	70.3216	70.8755	71.4264	71.9897	72.5808	73.2033	73.8336	74.502	75.2021	75.931	76.6642	77.3761	78.0884	78.8021
548	Vanuatu	69.0315	70.1051	70.8126	71.5214	72.2453	73.0098	73.7781	74.5846	75.4103	76.2419	77.0897	77.9246	78.7474	79.5369	80.3214	81.0848
954	Micronesia	68.1978	69.3535	70.0832	70.7477	71.3564	71.8833	72.3825	72.8955	73.4211	73.9819	74.5758	75.1866	75.8014	76.4075	77.0037	77.5929
316	Guam	72.9527	74.4286	75.5298	76.6067	77.6737	78.6462	79.5603	80.4197	81.2216	81.9813	82.6874	83.3552	83.9989	84.6288	85.2332	85.8297
296	Kiribati	63.9592	65.0686	65.5903	66.0897	66.5756	67.0436	67.5065	67.9968	68.4681	68.9478	69.4499	69.9657	70.5123	71.0825	71.6592	72.2523
584	Marshall Islands	64.4572	65.3471	65.7868	66.2483	66.7054	67.1652	67.6478	68.1446	68.6679	69.1747	69.7183	70.3078	70.9099	71.5286	72.1848	72.8482
583	Micronesia (Fed. States of)	63.2517	64.094	64.7129	65.3132	65.934	66.5571	67.211	67.8962	68.5903	69.2799	69.9969	70.7417	71.5019	72.2702	73.0479	73.8071
520	Nauru	60.0104	60.8726	61.4764	62.0397	62.6104	63.1361	63.6602	64.17	64.6703	65.1803	65.68	66.1899	66.7123	67.2567	67.8136	68.3668
580	Northern Mariana Islands	76.925	77.8225	78.632	79.4592	80.2821	81.0874	81.876	82.6388	83.3694	84.0675	84.7228	85.3325	85.9317	86.481	87.0106	87.5176
585	Palau	66.8239	67.5789	68.0424	68.5288	69.0247	69.5465	70.0815	70.6222	71.1985	71.8141	72.4708	73.1282	73.8042	74.5041	75.2032	75.9039
957	Polynesia	74.3469	75.7468	76.5655	77.322	78.0539	78.748	79.4012	80.0038	80.544	81.0225	81.4366	81.8213	82.1583	82.4923	82.8321	83.2121
16	American Samoa	70.1642	70.7342	71.3439	72.0035	72.7105	73.4216	74.156	74.9198	75.704	76.4914	77.2805	78.0597	78.8408	79.6012	80.3453	81.0533
184	Cook Islands	71.7082	72.7314	73.6978	74.6878	75.6796	76.6664	77.6655	78.6389	79.5434	80.4079	81.2303	82.0308	82.7851	83.494	84.1778	84.8301
258	French Polynesia	80.599	82.3574	82.9777	83.5769	84.1676	84.7493	85.3119	85.8497	86.3719	86.8977	87.4169	87.9569	88.4768	88.9924	89.4847	89.9889
570	Niue	67.2809	67.9292	68.4868	69.0626	69.6514	70.2487	70.878	71.5354	72.1861	72.905	73.6406	74.381	75.1319	75.8977	76.6362	77.3704
882	Samoa	69.6498	70.3215	70.839	71.3684	71.9366	72.5358	73.154	73.809	74.4991	75.2093	75.9338	76.6863	77.4315	78.1775	78.913	79.6281
772	Tokelau	74.869	75.5298	76.2198	76.9244	77.6515	78.412	79.1829	79.9392	80.6831	81.4115	82.0909	82.7664	83.3902	83.9955	84.5728	85.1372
776	Tonga	69.1993	69.9838	70.6671	71.3993	72.1694	72.9657	73.8119	74.6635	75.5153	76.3638	77.2086	78.0518	78.8512	79.6424	80.3971	81.127
798	Tuvalu	63.4414	64.412	65.0965	65.7584	66.4054	67.0664	67.7239	68.3997	69.1102	69.8228	70.5547	71.3244	72.1082	72.8783	73.6486	74.4374
876	Wallis and Futuna Islands	77.387	78.2483	78.9371	79.7179	80.4756	81.1848	81.9391	82.6717	83.2769	83.879	84.4613	85.0539	85.5499	86.0531	86.518	86.9837
