country_code	country	2020-2025	2025-2030	2030-2035	2035-2040	2040-2045	2045-2050	2050-2055	2055-2060	2060-2065	2065-2070	2070-2075	2075-2080	2080-2085	2085-2090	2090-2095	2095-2100
900	World	70.0803	72.1775	73.2939	74.2633	75.1072	75.8905	76.6426	77.332	78.049	78.7049	79.2999	79.8395	80.326	80.8342	81.3727	81.9003
1834	Sub-Saharan Africa	59.6061	61.8432	63.1541	64.2714	65.2796	66.1891	67.0521	67.9493	68.8155	69.6651	70.5989	71.4745	72.1955	72.933	73.7261	74.5809
1833	Northern Africa and Western Asia	71.105	73.401	74.6788	75.8052	76.7971	77.7259	78.7258	79.6553	80.4561	81.3348	82.1528	82.8654	83.634	84.3164	84.9355	85.5933
1831	Central and Southern Asia	69.3428	72.8481	74.6213	76.1526	77.5317	78.7072	80.0764	81.2175	82.219	83.3357	84.1527	84.8813	85.6415	86.3604	87.1344	87.7005
1832	Eastern and South-Eastern Asia	74.1655	76.5049	78.0456	79.3772	80.484	81.4312	82.2863	83.1663	84.0736	84.8684	85.6067	86.4711	87.2495	87.9034	88.6904	89.4463
1830	Latin America and the Caribbean	71.678	74.5842	75.9609	77.1791	78.3691	79.4665	80.5125	81.3988	82.2441	83.0794	83.8988	84.7269	85.3836	86.1717	86.8936	87.6633
1835	Oceania (excluding Australia and New Zealand)	65.1037	68.1547	69.7708	71.041	72.1021	73.0709	74.0414	75.0451	76.0252	77.0502	78.1599	79.1213	80.0876	81.0109	82.0603	82.9652
1836	Australia/New Zealand	81.8306	84.3335	85.9118	87.3058	88.3762	89.522	90.545	91.291	92.1641	93.0129	93.8721	94.6671	95.5174	96.3421	97.0333	97.9372
1829	Europe and Northern America	75.4685	77.7723	79.0739	80.2715	81.4096	82.4285	83.4072	84.268	85.2067	86.0071	86.8822	87.6752	88.4455	89.2139	90.0637	90.7565
5502	Europe, Northern America, Australia, and New Zealand	75.6085	77.87	79.1422	80.316	81.4389	82.4845	83.4473	84.3124	85.2559	86.0526	86.9742	87.7416	88.4556	89.2173	90.004	90.6925
901	More developed regions	76.1954	78.3544	79.6429	80.7489	81.791	82.7662	83.7394	84.5819	85.4798	86.2558	87.0911	87.8731	88.6053	89.3822	90.121	90.7222
902	Less developed regions	68.9056	71.136	72.3292	73.3875	74.256	75.0533	75.8513	76.5817	77.3346	78.0122	78.6204	79.0945	79.6384	80.1074	80.6317	81.1619
941	Least developed countries	63.3789	65.5911	66.7687	67.8036	68.7797	69.7468	70.5826	71.4941	72.2821	73.019	73.7824	74.5768	75.3244	76.0105	76.8397	77.6101
934	Less developed regions, excluding least developed countries	70.2175	72.6003	73.9215	75.0632	76.007	76.8677	77.7488	78.6465	79.46	80.1945	80.8934	81.4826	82.0605	82.6837	83.211	83.8054
948	Less developed regions, excluding China	67.285	69.6051	70.7654	71.7819	72.7475	73.6369	74.5455	75.3307	76.0298	76.8081	77.4625	78.1114	78.6215	79.2375	79.819	80.3787
1636	Land-locked Developing Countries (LLDC)	63.0062	65.6304	66.9255	68.0782	69.1787	70.1811	71.102	72.0407	73.0588	73.9538	74.9621	75.8721	76.6206	77.3562	78.1932	79.0296
2087	LLDC: Africa	61.1635	64.0951	65.5998	66.8448	67.9666	69.1428	70.2252	71.3032	72.3877	73.3795	74.4422	75.3894	76.1375	77.0093	77.8485	78.6939
2088	LLDC: Asia	67.1516	69.9089	71.2383	72.3592	73.448	74.4663	75.4392	76.5634	77.4672	78.3917	79.4034	80.3291	81.2027	82.1837	82.9927	83.7957
2089	LLDC: Europe	69.2844	72.3296	73.9618	75.5863	77.0852	78.3295	79.4613	80.7019	81.7915	82.8496	84.0603	85.037	86.0681	87.0927	88.0707	88.9339
2090	LLDC: Latin America	66.0478	70.5362	72.0693	73.5014	74.7474	76.1414	77.3215	78.5166	79.6186	80.7201	81.8016	82.8985	83.8087	84.7353	85.9017	86.7536
1637	Small Island Developing States (SIDS)	69.2025	71.455	72.6668	73.5827	74.4472	75.2392	76.0229	76.7355	77.4155	78.0316	78.8589	79.5017	80.1515	80.8068	81.5309	82.2853
2091	SIDS Caribbean	69.3933	72.0092	73.3145	74.4145	75.3933	76.453	77.3031	78.2477	79.2211	79.9994	80.9019	81.6904	82.4643	83.2823	84.0837	84.8701
2092	SIDS Pacific	65.1345	67.9948	69.5972	70.7872	71.9007	72.8843	73.8975	74.8263	75.836	76.7409	77.8974	78.7982	79.9458	80.9619	81.8355	82.8592
2093	SIDS Atlantic, Indian Ocean and South China Sea (AIS)	73.5759	76.2557	77.8993	79.1149	80.159	81.1995	82.1506	83.0253	83.8142	84.3595	85.1101	85.9306	86.6096	87.2063	87.8379	88.51
5503	High-and-upper-middle-income countries	74.6371	76.8422	78.1447	79.2571	80.3084	81.2358	82.0596	82.903	83.6776	84.4492	85.2436	85.9191	86.5683	87.162	87.8347	88.4016
5504	Low-and-Lower-middle-income countries	65.9816	68.4694	69.7627	70.8719	71.8641	72.7693	73.6515	74.4868	75.242	76.0182	76.6685	77.2715	77.8492	78.4324	79.0077	79.5545
1503	High-income countries	78.3217	80.3269	81.5406	82.5671	83.5232	84.417	85.2324	86.0551	86.8239	87.5258	88.257	88.9519	89.6806	90.4075	91.0569	91.6652
1859	Low-and-middle-income countries	68.4921	70.7356	71.9219	72.988	73.8784	74.6771	75.4753	76.1816	76.9243	77.6165	78.2067	78.7181	79.2538	79.7408	80.2943	80.8138
1517	Middle-income countries	69.4805	71.8333	73.1465	74.3015	75.2573	76.1422	77.0096	77.8428	78.6809	79.4276	80.0595	80.6577	81.2533	81.8387	82.3985	82.9819
1502	Upper-middle-income countries	72.8258	75.3898	76.9581	78.2818	79.4737	80.4592	81.4064	82.3236	83.1647	84.0028	84.7518	85.5126	86.1832	86.8144	87.5384	88.0491
1501	Lower-middle-income countries	67.0606	69.7386	71.1689	72.3813	73.4809	74.4904	75.4863	76.3947	77.2734	78.1759	78.9451	79.6612	80.3474	80.8534	81.45	82.0572
1500	Low-income countries	61.8842	64.2656	65.4244	66.5381	67.4518	68.4445	69.3308	70.1936	71.1394	71.9118	72.7991	73.6516	74.356	75.1377	76.0067	76.8185
1518	No income group available	69.0382	72.1968	74.1238	75.4569	76.9986	78.5401	79.9465	81.3055	82.3012	83.4915	84.4161	85.2958	86.21	87.0515	87.6376	88.6941
903	Africa	61.2997	63.4183	64.6246	65.7133	66.7123	67.6037	68.4612	69.3095	70.1595	70.8839	71.6795	72.4769	73.147	73.8971	74.706	75.4953
910	Eastern Africa	62.4683	64.8643	66.3371	67.5113	68.6054	69.6351	70.6356	71.7521	72.8688	73.8942	74.8065	75.8435	76.7266	77.6331	78.6426	79.6079
108	Burundi	61.6755	65.4399	67.5139	69.2292	70.718	71.9676	73.1797	74.3665	75.5322	76.7293	77.8327	79.0622	80.2659	81.428	82.5031	83.6244
174	Comoros	64.9509	68.8111	71.047	72.8298	74.4418	75.9753	77.4093	78.8456	80.3017	81.5981	82.9007	84.0634	85.1047	86.048	86.9771	87.8056
262	Djibouti	63.4613	67.5386	69.7838	71.7188	73.3058	74.8167	76.283	77.6452	79.0969	80.4904	81.8141	82.9882	84.0902	85.0698	86.0146	86.9571
232	Eritrea	66.4856	70.6479	73.0426	75.0805	76.9083	78.5861	80.1619	81.635	82.8959	84.1293	85.2221	86.3138	87.202	88.1761	89.0582	89.92
231	Ethiopia	64.146	68.2944	70.8359	73.0028	74.8811	76.6012	78.229	79.8105	81.2888	82.6253	83.7726	84.8678	85.8972	86.9277	87.8656	88.715
404	Kenya	61.3297	65.3267	67.3854	68.9958	70.2811	71.5562	72.6813	73.6701	74.8488	76.0438	77.1593	78.348	79.5509	80.7627	82.024	83.1152
450	Madagascar	62.1492	65.8786	68.0359	69.8446	71.3079	72.586	73.9439	75.2396	76.3711	77.5556	78.6857	79.9114	81.0214	82.1355	83.2053	84.1919
454	Malawi	63.6621	67.8789	69.9764	71.8022	73.4864	74.9978	76.5177	77.9726	79.402	80.8578	82.0372	83.1488	84.1344	85.0419	85.9563	86.6997
480	Mauritius	71.5753	75.1868	77.2436	79.0409	80.6698	82.135	83.5196	84.8045	85.9209	87.0776	88.1781	89.1567	90.0842	91.027	91.947	92.7658
175	Mayotte	73.6217	77.4012	79.4161	81.1745	82.7685	84.1546	85.4698	86.5668	87.6475	88.6531	89.5369	90.3749	91.3093	92.1587	92.9862	93.8049
508	Mozambique	60.0141	64.2615	66.4901	68.2544	69.848	71.2276	72.6097	73.9926	75.2674	76.4983	77.758	78.9883	80.1934	81.4062	82.4957	83.5243
638	Réunion	80.0364	83.3556	84.9677	86.3859	87.6632	88.822	89.8293	90.8344	91.7838	92.708	93.6861	94.6075	95.4763	96.332	97.1823	97.8993
646	Rwanda	65.8249	69.4913	71.731	73.7227	75.358	76.9624	78.483	79.9112	81.2776	82.5296	83.689	84.8168	85.8477	86.7292	87.6268	88.4686
690	Seychelles	70.1495	73.1987	75.1693	76.8967	78.4591	79.9033	81.2289	82.5528	83.6907	84.8747	85.9673	86.954	87.9244	88.8583	89.7286	90.6097
706	Somalia	55.5018	60.3357	62.4734	64.1957	65.7272	67.0604	68.3203	69.4739	70.42	71.5864	72.7013	73.807	74.9948	76.1451	77.2231	78.3524
728	South Sudan	55.1817	58.569	60.6021	62.2273	63.7073	64.9592	66.0632	67.2245	68.2882	69.2138	70.2504	71.3972	72.4264	73.5197	74.6207	75.5316
800	Uganda	65.2716	69.2378	71.5675	73.4942	75.2474	76.9273	78.5255	80.0926	81.5038	82.7649	83.9888	85.1552	86.0607	87.0659	87.9692	88.8659
834	United Republic of Tanzania	64.5474	68.0521	70.3141	72.1953	73.8675	75.434	77.0226	78.4597	79.8434	81.1001	82.3721	83.6144	84.6894	85.6626	86.5739	87.4971
894	Zambia	63.2174	67.7761	69.9023	71.5964	73.1453	74.6165	76.0273	77.3353	78.5838	79.9425	81.2464	82.4771	83.5539	84.555	85.41	86.3324
716	Zimbabwe	60.2257	64.532	67.0905	69.0778	70.9062	72.4666	73.913	75.3309	76.7413	78.1336	79.5997	80.976	82.1581	83.325	84.3335	85.3096
911	Middle Africa	58.8603	62.4965	64.1534	65.5761	66.8084	67.791	68.7394	69.7185	70.6582	71.5338	72.5753	73.6634	74.545	75.6873	76.7692	77.7379
24	Angola	62.1983	66.0384	68.2653	69.936	71.3712	72.6838	74.0073	75.2468	76.4206	77.6866	78.9177	80.2041	81.3709	82.4874	83.4943	84.5409
120	Cameroon	61.2903	65.9879	68.6362	70.6977	72.4574	74.2388	75.8666	77.37	78.7615	80.1284	81.5599	82.8961	83.9893	85.0001	86.0236	86.9027
140	Central African Republic	43.4313	59.8793	62.7375	64.9469	66.8913	68.6633	70.2816	71.7606	73.1465	74.374	75.6199	76.9841	78.2617	79.5718	80.8513	82.0349
148	Chad	53.2874	57.4404	59.6979	61.5389	63.0756	64.4262	65.771	67.0109	68.1324	69.0717	69.9577	70.9141	71.824	72.8344	73.7062	74.6784
178	Congo	64.1924	68.1611	70.4303	72.1758	73.7534	75.1437	76.5181	77.8832	79.0997	80.4728	81.7196	82.8531	84.0221	84.9118	85.7763	86.7066
180	Democratic Republic of the Congo	59.7786	63.7363	65.8647	67.675	69.2065	70.549	71.8522	73.062	74.1508	75.2626	76.3006	77.4898	78.6537	79.7852	80.9105	82.1329
226	Equatorial Guinea	62.2087	66.1297	68.4649	70.36	71.9729	73.5626	75.0503	76.4186	77.6976	78.9607	80.1351	81.5187	82.7354	83.8584	84.9728	85.7922
266	Gabon	66.0506	69.6202	71.6095	73.2774	74.8667	76.3389	77.7688	79.1223	80.5003	81.8966	83.0505	84.156	85.1935	86.1738	87.0608	87.9568
678	Sao Tome and Principe	66.2255	69.7785	71.9143	73.7596	75.4744	76.9502	78.4517	79.8912	81.2615	82.4975	83.6586	84.6215	85.7388	86.7006	87.6045	88.494
912	Northern Africa	69.5286	72.0832	73.5934	74.9235	76.1045	77.3192	78.4558	79.6888	80.7405	81.7573	82.611	83.3195	84.27	85.0835	85.7371	86.413
12	Algeria	74.8675	78.2871	80.3284	82.0533	83.6838	85.0629	86.279	87.3762	88.4297	89.3321	90.27	91.085	91.9413	92.7511	93.5036	94.2877
818	Egypt	69.2832	73.0084	74.9743	76.6021	78.147	79.6812	81.1191	82.5096	83.7368	84.8609	85.9157	86.9097	87.8067	88.8	89.6509	90.3461
434	Libya	70.5284	75.617	77.6748	79.3847	81.042	82.5435	83.9169	85.0987	86.2768	87.2544	88.2277	89.106	90.0411	91.0103	91.8654	92.6443
504	Morocco	73.0578	76.5122	78.537	80.2499	81.82	83.2978	84.5763	85.7112	86.7153	87.7018	88.6161	89.4737	90.3551	91.1078	91.8504	92.5308
729	Sudan	63.4359	67.0318	69.1515	70.8782	72.3681	73.8357	75.3459	76.7395	78.0373	79.3623	80.6529	81.8718	83.0579	84.0984	85.134	86.1032
788	Tunisia	73.4262	77.2593	79.402	81.2843	82.8642	84.2594	85.5166	86.7212	87.8696	88.903	89.859	90.8487	91.7075	92.5539	93.4075	94.153
732	Western Sahara	70.0626	73.2991	75.3515	77.0529	78.5297	80.0673	81.5712	82.8251	84.0329	85.1607	86.1474	86.9807	87.8113	88.5836	89.3848	90.0797
913	Southern Africa	62.0344	65.8311	67.7886	69.2694	70.6938	72.0006	73.4669	74.9131	76.1216	77.6543	79.0358	79.9274	80.9237	81.9316	82.8133	83.9385
72	Botswana	65.9212	70.1094	71.9204	73.4455	74.8409	76.2132	77.571	78.9078	80.2558	81.4782	82.6476	83.7066	84.7398	85.5817	86.4657	87.3728
748	Eswatini	59.9479	64.857	66.8444	68.4018	69.8001	71.1113	72.3259	73.5317	74.7006	75.8833	77.177	78.3276	79.538	80.7793	81.9533	82.8481
426	Lesotho	54.4544	59.914	63.3751	66.1807	68.4809	70.5644	72.4621	74.1398	75.751	77.2722	78.8787	80.3345	81.5951	82.8314	83.8606	84.8764
516	Namibia	61.8703	66.8912	68.797	70.4557	71.9683	73.4066	74.7874	76.1764	77.599	78.8987	80.1094	81.2594	82.2737	83.2705	84.2395	85.181
710	South Africa	62.3205	66.3331	68.3918	70.0467	71.5742	72.959	74.3419	75.7701	77.1834	78.4926	79.8451	81.0112	82.077	83.1306	84.0575	85.0951
914	Western Africa	57.3265	60.102	61.7538	63.0937	64.2816	65.3798	66.3013	67.195	67.9423	68.9887	69.7156	70.544	71.4676	72.1005	73.0101	73.8443
204	Benin	59.7299	63.4126	65.5906	67.2645	68.7691	70.14	71.284	72.3439	73.4101	74.4389	75.5616	76.6304	77.7982	78.7986	79.887	80.9458
854	Burkina Faso	59.3538	62.9324	65.2335	67.0568	68.5699	69.9205	71.2096	72.4527	73.6564	74.7717	75.9921	77.1272	78.3467	79.4852	80.5955	81.6879
132	Cabo Verde	72.6385	76.183	78.2676	80.1145	81.7883	83.2507	84.5278	85.7184	86.8426	87.9341	88.9663	89.9001	90.8725	91.7905	92.7375	93.6238
384	Côte d'Ivoire	60.112	63.9443	66.0901	67.771	69.2552	70.5637	71.8608	73.0131	74.1398	75.3673	76.4872	77.5829	78.63	79.9109	81.0748	82.1411
270	Gambia	64.0808	68.1442	70.333	72.0029	73.5211	74.9294	76.2681	77.5627	78.8808	80.1149	81.4133	82.6355	83.7446	84.8589	85.7746	86.5216
288	Ghana	63.3975	67.0778	69.2924	71.0694	72.6353	74.2172	75.6753	77.0288	78.3357	79.7241	81.0381	82.226	83.3254	84.2168	85.2427	86.1418
324	Guinea	59.6801	63.4872	65.6052	67.2901	68.8014	69.9878	71.2181	72.2379	73.2436	74.3868	75.4438	76.5425	77.7737	78.7185	79.7575	80.9043
624	Guinea-Bissau	61.4559	65.4827	67.5756	69.2703	70.6996	72.0224	73.3488	74.6223	75.8428	77.0566	78.2143	79.5331	80.7997	81.8982	82.9555	83.9504
430	Liberia	61.1984	64.7293	66.7539	68.3068	69.7463	70.9805	72.0423	73.1119	74.2678	75.3604	76.4483	77.4893	78.5015	79.6565	80.7106	81.9813
466	Mali	59.2434	63.2384	65.6618	67.5776	69.2717	70.6735	71.9887	73.185	74.2827	75.4252	76.5271	77.5815	78.7002	79.8834	80.9661	82.0383
478	Mauritania	66.6038	70.3694	72.4989	74.1912	75.8167	77.2507	78.6216	80.0535	81.4023	82.7254	83.9799	85.0999	86.0578	86.9453	87.813	88.6798
562	Niger	60.3137	64.4729	66.8297	68.6755	70.2015	71.5505	72.7533	73.8954	75.0038	76.1366	77.2363	78.423	79.4691	80.5253	81.7958	82.8785
566	Nigeria	54.4426	58.4459	60.7322	62.4651	64.0508	65.4043	66.7728	67.9183	69.0228	69.9648	71.0103	71.8412	72.7843	73.6611	74.589	75.605
654	Saint Helena	74.3202	76.8958	78.8268	80.4564	81.8997	83.2236	84.4257	85.6234	86.6569	87.6731	88.6886	89.6122	90.6305	91.5781	92.5194	93.3302
686	Senegal	66.7332	70.6481	72.8099	74.6232	76.2489	77.8434	79.2708	80.6816	81.9896	83.1597	84.2871	85.2787	86.1936	87.0392	87.812	88.5665
694	Sierra Leone	60.1695	64.0199	66.1794	67.9403	69.4287	70.8524	72.0551	73.2033	74.3591	75.4309	76.5613	77.644	78.7066	79.7945	81	82.1727
768	Togo	62.6345	66.6402	68.8987	70.8384	72.53	73.9526	75.2974	76.4514	77.7045	78.8696	79.9599	81.1335	82.2079	83.2849	84.322	85.2222
935	Asia	71.8487	74.3621	75.8402	77.0731	78.0818	79.024	80.0161	80.9621	81.8167	82.6618	83.3969	84.1209	84.8636	85.6416	86.2514	86.9132
5500	Central Asia	68.9153	71.4151	72.7235	73.8959	75.0275	76.241	77.4031	78.4304	79.5652	80.4995	81.445	82.4718	83.3646	84.2266	84.9756	85.8348
398	Kazakhstan	69.288	73.3416	75.3106	77.0506	78.6535	80.1543	81.4848	82.536	83.6725	84.9098	85.9047	86.9411	87.9003	88.877	89.8612	90.8386
417	Kyrgyzstan	67.9434	71.5066	73.3574	75.0902	76.6934	78.1809	79.6324	81.0632	82.2913	83.3953	84.531	85.6556	86.5733	87.5031	88.431	89.4397
762	Tajikistan	69.3021	72.886	74.6928	76.2305	77.7079	79.1034	80.4212	81.6607	82.8169	83.9622	85.0263	85.9889	86.8961	87.8432	88.5456	89.3624
795	Turkmenistan	67.0825	70.291	72.1357	73.7449	75.1467	76.5955	78.0714	79.4277	80.6616	81.8853	83.0255	84.1525	85.1394	86.0522	87.0107	87.9105
860	Uzbekistan	69.6951	72.7346	74.6208	76.2271	77.6999	79.0917	80.4741	81.7799	82.8856	84.0175	85.0578	86.1226	87.1314	88.0481	88.8732	89.8537
906	Eastern Asia	76.5499	79.3627	81.2147	82.8037	84.1337	85.2458	86.3851	87.5569	88.6397	89.5519	90.5114	91.5988	92.4138	93.2336	94.063	94.9026
156	China	75.8354	79.101	81.2447	82.949	84.4567	85.7047	86.9583	88.1231	89.2316	90.2842	91.2781	92.2519	93.0391	93.8755	94.7373	95.5819
344	China, Hong Kong SAR	82.9663	85.7668	87.4457	88.8075	90.1094	91.2544	92.4013	93.3716	94.4111	95.4391	96.3958	97.3681	98.1626	98.9841	99.8377	100.6886
446	China, Macao SAR	81.595	83.801	85.5016	87.0049	88.284	89.515	90.7272	91.8256	92.7541	93.7979	94.7095	95.5644	96.4834	97.3964	98.1351	98.9114
158	China, Taiwan Province of China	77.9865	80.6898	82.6227	84.197	85.5612	86.8372	88.0583	89.2541	90.3741	91.3177	92.3093	93.3271	94.1969	95.0445	95.9456	96.7213
408	Dem. People's Republic of Korea	71.7485	74.5902	76.4061	77.9779	79.352	80.7782	82.1237	83.4252	84.6136	85.612	86.5643	87.5567	88.4641	89.3049	90.0512	90.8418
392	Japan	81.9524	84.665	86.3903	87.8337	89.2365	90.4864	91.6466	92.7628	93.712	94.7241	95.68	96.6481	97.5707	98.434	99.3397	100.3013
496	Mongolia	66.983	70.9713	73.3873	75.4975	77.3697	79.122	80.6252	81.9996	83.3053	84.3991	85.4901	86.6402	87.6512	88.6756	89.6045	90.5359
410	Republic of Korea	81.0714	84.0683	85.7211	87.0821	88.336	89.475	90.6426	91.6343	92.6554	93.6395	94.5498	95.47	96.4149	97.3726	98.1661	99.0664
5501	Southern Asia	69.3555	72.9556	74.7723	76.3432	77.7159	78.9509	80.3342	81.4895	82.4935	83.6006	84.4212	85.1786	86.0026	86.7311	87.4986	88.0686
4	Afghanistan	63.0208	68.5631	70.8041	72.5162	74.0475	75.2843	76.6051	77.8313	79.0647	80.2066	81.4318	82.5319	83.6129	84.6851	85.6276	86.3446
50	Bangladesh	72.4419	76.7599	79.0808	80.9977	82.8253	84.4267	85.7499	86.9571	88.1113	89.109	90.0854	91.0455	91.9212	92.8535	93.69	94.458
64	Bhutan	71.6738	75.1495	77.5197	79.5097	81.2886	82.8491	84.3355	85.654	86.8622	87.9373	88.8931	89.8198	90.6444	91.5352	92.4538	93.3221
356	India	69.9126	74.2237	76.394	78.2554	79.9163	81.4752	82.9624	84.3617	85.4896	86.5499	87.5653	88.5135	89.434	90.2036	91.1089	91.9055
364	Iran (Islamic Republic of)	74.9998	79.0704	81.1729	82.9905	84.5359	86.0008	87.2624	88.4201	89.4826	90.4204	91.3619	92.2292	93.15	93.8954	94.6811	95.4368
462	Maldives	79.321	82.9173	84.9296	86.5518	87.9202	89.0838	90.1557	91.1371	92.1029	92.9346	93.7315	94.6405	95.4119	96.0776	96.8726	97.6472
524	Nepal	68.8288	72.7258	74.9252	76.8244	78.4229	79.9141	81.3771	82.8685	84.0328	85.2917	86.3517	87.3211	88.2716	89.1158	89.9553	90.7807
586	Pakistan	65.2894	68.8467	70.7439	72.2383	73.6514	75.1008	76.4499	77.729	78.9665	80.2566	81.3902	82.6002	83.7858	84.8662	85.8221	86.7393
144	Sri Lanka	74.3662	77.4457	79.4796	81.241	82.7584	84.1009	85.2989	86.5424	87.6482	88.7941	89.848	90.8279	91.7657	92.7072	93.6416	94.5061
920	South-Eastern Asia	68.8348	71.281	72.6152	73.8293	74.9856	76.0061	77.0456	78.1931	79.1861	80.1603	81.045	81.9356	82.8454	83.7615	84.532	85.2815
96	Brunei Darussalam	73.2898	76.5518	78.4325	80.109	81.6985	83.1447	84.4102	85.6152	86.6924	87.6099	88.5643	89.476	90.3732	91.3392	92.1427	92.9206
116	Cambodia	68.1673	71.4802	73.5552	75.2599	76.8184	78.3665	79.8024	81.1115	82.3806	83.5896	84.5625	85.5093	86.4964	87.4224	88.2332	88.9918
360	Indonesia	68.6029	72.4237	74.2905	75.8519	77.3394	78.7471	80.078	81.4316	82.7069	83.8393	84.8186	85.8	86.7924	87.6957	88.6501	89.4364
418	Lao People's Democratic Republic	67.0225	70.6411	72.9051	74.7152	76.3486	77.8578	79.2266	80.6007	81.8842	83.1387	84.2535	85.3232	86.2823	87.1195	87.9644	88.7649
458	Malaysia	73.9003	77.4297	79.4556	81.2366	82.7963	84.1918	85.4175	86.5529	87.6452	88.7016	89.6581	90.627	91.5474	92.3695	93.2285	94.0173
104	Myanmar	63.9995	67.6189	69.9292	71.7664	73.3597	74.8574	76.4743	77.9942	79.5139	80.9307	82.1792	83.2954	84.312	85.3161	86.238	87.2096
608	Philippines	66.7872	70.2006	72.0058	73.5083	74.8609	76.2058	77.5928	78.8767	80.1626	81.4417	82.7051	83.7862	84.7659	85.7807	86.6446	87.5926
702	Singapore	81.5068	84.0917	85.7563	87.1692	88.4069	89.5971	90.703	91.8044	92.7418	93.7477	94.6634	95.5845	96.4776	97.2746	98.1403	98.9875
764	Thailand	72.7086	75.5389	77.8409	79.7688	81.3216	82.7513	84.0992	85.267	86.3903	87.5052	88.6002	89.6092	90.6174	91.5279	92.4102	93.3641
626	Timor-Leste	66.2487	69.9849	72.1387	73.8019	75.3403	76.7441	78.183	79.5544	80.8596	82.1159	83.3263	84.4592	85.4697	86.2673	86.9981	87.7695
704	Viet Nam	70.2979	73.102	75.2329	77.013	78.6755	80.13	81.4957	82.8333	84.0164	85.0705	86.1339	87.2706	88.3197	89.319	90.2582	91.2203
922	Western Asia	72.6918	75.3199	76.6377	77.7362	78.6955	79.6978	80.5423	81.3877	82.2344	82.9942	83.6916	84.4235	85.0937	85.8059	86.4385	87.0725
51	Armenia	70.1534	74.6107	76.6552	78.4785	80.0391	81.379	82.7082	83.9223	85.0019	86.0884	87.1041	88.1857	89.2337	90.1535	91.0246	91.9667
31	Azerbaijan	70.8955	74.8491	76.8463	78.5362	80.1039	81.5183	82.9292	84.2427	85.437	86.5151	87.5796	88.5951	89.4513	90.3729	91.131	91.9378
48	Bahrain	80.1052	83.6456	85.4583	86.8282	87.966	88.965	89.7823	90.686	91.5688	92.3694	93.2079	94.0308	94.7958	95.6131	96.4642	97.2113
196	Cyprus	79.4536	82.6056	84.5078	86.0264	87.343	88.5543	89.7219	90.8521	91.7943	92.7207	93.6415	94.5343	95.4249	96.2357	96.9449	97.7628
268	Georgia	69.3898	72.8331	74.9367	76.7053	78.3649	79.8834	81.1839	82.3612	83.4384	84.5272	85.6572	86.7067	87.727	88.8314	89.7708	90.7718
368	Iraq	70.2462	73.5506	75.3001	76.7083	78.0818	79.3416	80.6275	81.8609	83.0516	84.1607	85.1511	86.1284	87.0378	87.8145	88.632	89.412
376	Israel	80.8175	83.0716	84.8738	86.3612	87.6672	88.7956	89.9098	90.9121	91.9604	92.9535	93.7783	94.5752	95.4349	96.3539	97.1857	97.9847
400	Jordan	75.136	78.8446	80.8657	82.5672	84.0392	85.3389	86.4586	87.637	88.6693	89.6732	90.5937	91.5063	92.3334	93.142	93.9923	94.811
414	Kuwait	78.6536	82.3409	84.2693	85.7941	87.1756	88.2987	89.3762	90.3662	91.2145	92.1204	92.9217	93.6579	94.4726	95.2746	96.1303	96.998
422	Lebanon	75.1285	78.7649	80.6267	82.2652	83.6885	84.943	86.1105	87.2284	88.1865	89.1937	90.0314	90.9162	91.8108	92.6199	93.4159	94.175
512	Oman	77.8321	81.6986	83.7433	85.3686	86.7734	88.0091	89.1105	90.0159	90.9546	91.828	92.6969	93.4574	94.239	94.9615	95.6772	96.4608
634	Qatar	81.5214	84.5369	86.2709	87.5792	88.7069	89.6656	90.5743	91.4791	92.3529	93.1396	93.9539	94.7004	95.4468	96.2625	96.9987	97.7307
682	Saudi Arabia	76.8276	80.3707	82.4917	84.2154	85.7204	87.0458	88.211	89.2577	90.3233	91.2977	92.1716	93.035	93.9004	94.6802	95.6144	96.4063
275	State of Palestine	68.7213	77.4018	79.8051	81.5061	82.9579	84.2409	85.5116	86.6414	87.6542	88.6054	89.5162	90.4387	91.372	92.166	92.882	93.6255
760	Syrian Arab Republic	70.7456	74.1103	75.9668	77.5827	79.0396	80.4356	81.7549	83.0529	84.2001	85.3089	86.3789	87.2405	88.1358	88.973	89.8584	90.6556
792	Türkiye	74.6158	78.2654	80.3298	81.9576	83.4023	84.7391	85.9445	87.0766	88.2115	89.225	90.1389	91.086	92.029	92.8615	93.6966	94.4937
784	United Arab Emirates	81.0587	84.898	86.5842	87.9878	89.1719	90.2092	91.1896	92.0812	92.9652	93.791	94.5148	95.272	96.1295	96.8127	97.6403	98.3195
887	Yemen	66.3402	70.6907	72.4697	73.9089	75.2103	76.5694	77.7823	79.0186	80.2935	81.4512	82.673	83.6475	84.5859	85.6332	86.4809	87.238
908	Europe	75.1412	77.306	78.5716	79.7446	80.8132	81.7865	82.6389	83.4898	84.3087	85.0987	85.9478	86.7469	87.5066	88.1785	88.8875	89.5142
923	Eastern Europe	69.2109	72.0624	73.6825	75.2226	76.5737	77.88	79.055	80.0477	81.0771	82.0184	82.873	83.7375	84.6441	85.6166	86.4869	87.3882
112	Belarus	69.2738	72.8747	75.0211	76.8691	78.5215	79.9162	81.2486	82.466	83.6922	84.7719	85.7852	86.7565	87.8243	88.7716	89.6896	90.6428
100	Bulgaria	71.2388	75.3383	77.3552	79.0805	80.5533	81.911	83.1783	84.364	85.518	86.5326	87.5549	88.585	89.4945	90.5094	91.3843	92.2454
203	Czechia	76.514	79.9231	81.746	83.3028	84.5948	85.8298	87.0135	88.1158	89.1959	90.2791	91.2344	92.1335	93.0633	94.0509	94.8508	95.6883
348	Hungary	73.2564	76.8602	78.87	80.6129	82.1106	83.4413	84.7093	85.8409	86.947	88.0916	89.0718	90.0662	91.065	92.0181	92.9776	93.955
616	Poland	74.2825	77.9727	80.008	81.6689	83.1218	84.3536	85.6297	86.8097	87.845	88.8181	89.9101	90.984	91.8591	92.7434	93.6122	94.4015
498	Republic of Moldova	66.5981	69.8689	71.9359	73.6178	75.2055	76.7051	78.1886	79.5404	80.8236	82.0221	83.0821	84.0738	85.1287	86.0482	87.1105	88.0284
642	Romania	71.8397	75.5398	77.5472	79.26	80.7927	82.1347	83.3927	84.6087	85.709	86.8499	87.9453	88.9064	89.9413	90.8875	91.7633	92.5543
643	Russian Federation	67.2053	70.6755	72.8699	74.853	76.5884	78.038	79.4268	80.753	81.93	83.095	84.1538	85.1674	86.1026	87.1192	88.0914	89.0315
703	Slovakia	74.2574	78.0896	80.1443	81.8119	83.286	84.6192	85.796	86.8839	88.0352	89.0838	90.1171	91.1009	91.9917	92.8421	93.6448	94.4691
804	Ukraine	68.5014	73.6255	75.5517	77.263	78.8122	80.1487	81.3702	82.5991	83.6838	84.727	85.836	86.9041	87.8939	88.9087	89.9265	90.7903
924	Northern Europe	79.2851	81.4365	82.8675	84.0501	85.2482	86.3043	87.2816	88.2431	89.1316	90.0542	90.8434	91.5635	92.3951	93.2415	93.9878	94.5597
208	Denmark	80.1782	82.8891	84.6859	86.1988	87.4305	88.6817	89.7267	90.7703	91.7088	92.5568	93.4803	94.3774	95.2464	96.0491	96.8375	97.5189
233	Estonia	74.648	78.0116	79.9976	81.6392	83.0604	84.2973	85.4943	86.6529	87.6781	88.7549	89.8	90.83	91.8074	92.7606	93.7549	94.5735
234	Faroe Islands	78.3369	81.3319	83.3346	84.9294	86.3261	87.671	88.9138	89.9888	91.0405	91.9773	92.8648	93.8553	94.736	95.5701	96.4932	97.329
246	Finland	79.4099	82.0662	83.8766	85.3254	86.6929	87.9031	89.0696	90.1785	91.2177	92.156	93.1095	94.1087	94.9888	95.8993	96.6986	97.5288
831	Guernsey	81.2044	83.8756	85.5107	86.9374	88.1821	89.2766	90.283	91.3049	92.2761	93.1303	94.1084	95.027	95.9103	96.8413	97.6087	98.3729
352	Iceland	81.3541	84.3545	86.0906	87.377	88.3485	89.2964	90.2733	91.2087	92.2395	93.1545	94.1422	95.0212	95.8437	96.7285	97.6214	98.5562
372	Ireland	80.6737	83.3218	85.0556	86.5439	87.9472	89.1133	90.158	91.2687	92.2423	93.1611	93.9636	94.8732	95.6683	96.4466	97.3434	98.1324
833	Isle of Man	79.1611	81.8111	83.6539	85.1424	86.5336	87.7228	88.8242	89.8766	90.8801	91.7915	92.7287	93.5187	94.4042	95.2824	96.0519	96.8176
832	Jersey	77.9938	80.6845	82.5213	84.1384	85.5842	86.7714	87.9362	89.0378	90.1033	91.0684	92.0411	92.9749	93.9166	94.7781	95.6003	96.352
428	Latvia	70.9803	74.7223	76.8145	78.5515	80.0836	81.4877	82.6036	83.7845	84.8665	85.8972	86.936	87.9086	88.8981	89.7888	90.7408	91.6913
440	Lithuania	70.9741	74.3727	76.4281	78.1825	79.7361	81.0743	82.3355	83.4725	84.5969	85.7017	86.7182	87.744	88.782	89.9054	90.767	91.7438
578	Norway	81.9312	84.6094	86.276	87.716	88.9747	90.0984	91.1114	92.0684	92.9727	93.8968	94.7079	95.4692	96.2512	97.0731	97.9065	98.6572
752	Sweden	81.7104	84.297	86.0378	87.5117	88.764	89.9349	91.0054	91.9293	92.8975	93.7607	94.6349	95.4613	96.224	97.1525	97.9007	98.703
826	United Kingdom	79.4969	82.2241	84.0147	85.4777	86.8775	88.0452	89.1102	90.1718	91.1489	92.1022	92.9935	93.8812	94.7056	95.5665	96.2763	97.0728
925	Southern Europe	79.5026	81.972	83.2954	84.4505	85.5578	86.4848	87.4219	88.3516	89.1102	89.8816	90.6371	91.455	92.3029	92.9874	93.6293	94.2475
8	Albania	77.1381	80.8301	82.8628	84.5005	85.936	87.3139	88.4275	89.4265	90.4445	91.4311	92.2556	93.0794	93.862	94.7405	95.4515	96.415
20	Andorra	81.5958	85.0415	86.7532	88.0981	89.3337	90.5457	91.6868	92.7276	93.6079	94.5869	95.4106	96.343	97.2122	97.9931	98.8835	99.7365
70	Bosnia and Herzegovina	73.7473	77.7056	79.7957	81.5739	83.0476	84.4296	85.6121	86.7845	87.9073	88.9774	89.9225	90.9273	91.8168	92.7309	93.6517	94.5236
191	Croatia	75.3699	78.5218	80.5147	82.149	83.5958	84.9289	86.1319	87.2441	88.2998	89.3196	90.2337	91.086	91.9927	92.9024	93.8215	94.6611
292	Gibraltar	80.7144	83.8111	85.4998	86.9016	88.1146	89.3318	90.4358	91.4514	92.4878	93.4165	94.4522	95.3532	96.2623	97.116	97.8735	98.668
300	Greece	78.8739	82.229	84.1403	85.6088	86.958	88.1616	89.3638	90.5137	91.5196	92.493	93.4172	94.2894	95.0996	95.9376	96.7317	97.5963
380	Italy	81.2353	84.4852	86.2032	87.6476	88.9559	90.1391	91.2637	92.3191	93.2702	94.1453	95.0272	95.9543	96.8226	97.6	98.4023	99.2156
412	Kosovo (under UNSC res. 1244)	75.1807	79.0708	81.0826	82.7775	84.2632	85.5562	86.8054	87.9006	88.899	89.8595	90.757	91.6236	92.3812	93.2322	94.0039	94.7052
470	Malta	81.2016	84.1693	85.9015	87.2764	88.6459	89.7781	90.8419	91.8781	92.7847	93.7172	94.6955	95.5974	96.4694	97.2731	98.081	98.8586
499	Montenegro	73.2223	76.8553	78.893	80.6181	82.1125	83.5168	84.7574	85.9549	87.149	88.1897	89.1642	90.1283	90.9419	91.9067	92.7864	93.6286
807	North Macedonia	74.1862	78.203	80.06	81.6563	83.1053	84.4514	85.6662	86.7263	87.7119	88.6868	89.5766	90.5061	91.3178	92.1672	93.0503	93.8789
620	Portugal	79.2835	82.4382	84.1953	85.6194	86.9335	88.2397	89.2982	90.3337	91.3456	92.3407	93.3048	94.2961	95.1839	95.9419	96.8905	97.8147
674	San Marino	83.7537	87.0583	88.7157	90.0515	91.2739	92.3261	93.2438	94.2287	95.0995	95.9255	96.8501	97.7082	98.5331	99.4062	100.1167	100.8612
688	Serbia	72.6667	76.7113	78.7551	80.4927	82.0155	83.391	84.6793	85.882	87.0414	88.1176	89.1425	90.1264	91.0863	92.0672	92.9774	93.8726
705	Slovenia	78.7634	81.8203	83.6639	85.17	86.5244	87.7074	88.8495	89.995	90.9842	91.9542	92.8948	93.7875	94.6288	95.6027	96.5267	97.3604
724	Spain	80.7786	83.8978	85.6533	87.0679	88.3734	89.5584	90.7151	91.7825	92.7548	93.7442	94.728	95.5799	96.5126	97.3618	98.0958	98.9028
926	Western Europe	79.6337	81.6928	83.0444	84.3176	85.3878	86.276	87.0961	87.9008	88.6679	89.4614	90.168	90.8637	91.499	92.2999	93.043	93.8079
40	Austria	79.7081	82.502	84.3562	85.8449	87.1475	88.3958	89.5331	90.6416	91.6541	92.6595	93.5074	94.3989	95.2709	96.1311	97.0063	97.8873
56	Belgium	79.8104	82.7809	84.5849	86.0377	87.3452	88.6098	89.7146	90.777	91.8726	92.8371	93.6045	94.4481	95.3411	96.1456	96.9538	97.8971
250	France	80.2756	83.2513	84.9205	86.3745	87.5902	88.7568	89.8728	90.9412	91.9657	92.8939	93.7777	94.6563	95.5424	96.4343	97.3159	98.105
276	Germany	79.1041	81.8942	83.7229	85.2124	86.5187	87.744	88.8771	89.9478	90.9593	91.943	92.8866	93.6979	94.5495	95.3173	96.1624	96.9901
438	Liechtenstein	81.8176	84.7664	86.5177	87.964	89.2505	90.4497	91.5111	92.524	93.514	94.4267	95.2793	96.1046	96.959	97.7395	98.5615	99.2752
442	Luxembourg	80.8469	83.4106	85.1738	86.6824	87.9867	89.0859	90.1841	91.1652	92.0274	92.8885	93.7222	94.4128	95.2945	96.1314	96.9632	97.6857
492	Monaco	84.4642	87.2539	88.8368	90.2341	91.525	92.6144	93.7103	94.6478	95.543	96.4041	97.1872	98.1679	98.9673	99.7644	100.521	101.3705
528	Netherlands	80.6411	83.3799	85.157	86.6814	87.9887	89.1201	90.1373	91.171	92.0926	93.0606	93.9365	94.768	95.5485	96.4039	97.1983	98.0298
756	Switzerland	82.0701	84.8858	86.5829	88.0219	89.253	90.4482	91.5025	92.5009	93.4429	94.3596	95.2533	96.1581	97.0051	97.8021	98.5947	99.311
5505	Americas	73.5194	76.2826	77.6469	78.8382	79.9706	80.9538	81.8365	82.715	83.6752	84.5215	85.322	86.0714	86.784	87.5495	88.2957	89.1151
904	Latin America and the Caribbean	71.678	74.5842	75.9609	77.1791	78.3691	79.4665	80.5125	81.3988	82.2441	83.0794	83.8988	84.7269	85.3836	86.1717	86.8936	87.6633
915	Caribbean	69.4263	72.088	73.3883	74.5221	75.5269	76.5648	77.4688	78.4274	79.4059	80.1984	81.1273	82.0106	82.6654	83.4295	84.2022	85.0313
660	Anguilla	76.1781	79.1224	81.0867	82.7334	84.0919	85.3954	86.5992	87.6595	88.7226	89.8484	90.8705	91.8383	92.7954	93.6345	94.3889	95.2885
28	Antigua and Barbuda	74.9011	77.688	79.7206	81.434	82.9088	84.2436	85.4882	86.7771	87.8209	88.8425	89.9142	90.7658	91.7348	92.6739	93.6125	94.43
533	Aruba	73.4213	76.8308	78.678	80.2808	81.8257	83.1809	84.4394	85.5562	86.6664	87.7033	88.5968	89.4743	90.5567	91.468	92.2013	93.0452
44	Bahamas	70.5335	74.1158	76.1115	77.7521	79.3233	80.7846	82.0644	83.2931	84.4416	85.4695	86.532	87.6552	88.6212	89.6591	90.5488	91.4223
52	Barbados	74.1944	76.7717	78.7034	80.328	81.9233	83.3125	84.5586	85.7083	86.7875	87.7898	88.7723	89.723	90.7048	91.6685	92.4762	93.2585
535	Bonaire, Sint Eustatius and Saba	75.9087	78.3712	80.2935	81.8979	83.3168	84.6268	85.807	86.9546	88.0623	89.0294	89.8995	90.8054	91.6009	92.4612	93.1526	93.988
92	British Virgin Islands	74.5531	77.6901	79.6473	81.3406	82.8296	84.1392	85.4092	86.5776	87.6708	88.7148	89.6427	90.6201	91.6106	92.4805	93.266	94.0501
136	Cayman Islands	78.0277	81.028	82.9913	84.5901	86.0534	87.314	88.4676	89.568	90.5661	91.5583	92.4728	93.3715	94.268	95.1283	95.9623	96.877
192	Cuba	74.9533	78.8236	80.8665	82.5656	83.9796	85.2762	86.442	87.6257	88.6762	89.564	90.6151	91.5158	92.3381	93.1726	94.0742	94.9111
531	Curaçao	72.6887	75.6392	77.7246	79.5111	80.9943	82.3546	83.5721	84.6604	85.802	86.9033	87.9286	88.9521	89.9065	90.7936	91.7432	92.6848
212	Dominica	68.4998	71.551	73.4415	75.1162	76.7076	78.1293	79.568	80.8967	82.1492	83.2688	84.335	85.2748	86.1986	87.1813	88.0725	89.0394
214	Dominican Republic	70.4396	73.676	75.6515	77.3055	78.8776	80.2902	81.5624	82.746	83.9221	84.9632	85.9574	86.88	87.782	88.5742	89.3106	90.0298
308	Grenada	72.703	75.55	77.4433	79.12	80.6905	82.1078	83.3392	84.4751	85.6185	86.617	87.5571	88.5137	89.3921	90.2941	91.1249	92.0662
312	Guadeloupe	77.1773	80.994	82.6922	84.1551	85.3653	86.5691	87.723	88.7241	89.843	90.7516	91.7739	92.795	93.6959	94.524	95.3668	96.2291
332	Haiti	61.6339	65.5264	67.6594	69.3883	70.8624	72.1945	73.5364	74.8589	75.998	77.258	78.5243	79.8771	81.154	82.3453	83.3004	84.2218
388	Jamaica	69.0296	72.1877	73.9713	75.4688	76.9227	78.3508	79.7413	81.0469	82.2988	83.4234	84.4383	85.4656	86.4347	87.2915	88.1881	89.0321
474	Martinique	78.1107	82.0857	83.7685	85.2428	86.5488	87.6642	88.647	89.7611	90.8155	91.7993	92.7383	93.6883	94.5941	95.4439	96.2695	97.1965
500	Montserrat	74.4265	77.2655	79.1799	80.8544	82.3297	83.6636	84.8636	86.0245	87.1542	88.1227	89.0544	89.9338	90.8047	91.7392	92.4998	93.3241
630	Puerto Rico	77.2259	80.9363	82.7174	84.2238	85.5133	86.8195	87.9238	89.0176	90.1175	91.1374	92.0055	92.9751	93.935	94.7479	95.606	96.4476
652	Saint Barthélemy	81.6819	84.2824	85.8898	87.2192	88.4184	89.5964	90.6376	91.6305	92.6515	93.5963	94.5274	95.3805	96.2176	97.1409	97.8818	98.6803
659	Saint Kitts and Nevis	68.0523	71.8379	73.7737	75.503	77.0461	78.5472	79.9092	81.1801	82.3199	83.4047	84.5085	85.5388	86.6349	87.6177	88.5312	89.443
662	Saint Lucia	69.0389	72.5771	74.5619	76.2913	77.8813	79.4306	80.8049	82.0666	83.1684	84.1767	85.2314	86.199	87.1612	88.0703	89.0424	89.9221
663	Saint Martin (French part)	77.1277	79.793	81.7004	83.2407	84.5533	85.8163	87.0095	88.1304	89.184	90.166	91.0772	92.0971	93.0002	93.9227	94.9251	95.8165
670	Saint Vincent and the Grenadines	68.3776	71.9606	73.7868	75.3671	76.8487	78.2848	79.5679	80.9032	82.1605	83.1782	84.1863	85.235	86.1456	87.0831	87.927	88.69
534	Sint Maarten (Dutch part)	73.637	76.8171	78.7317	80.3575	81.8449	83.1296	84.3126	85.5023	86.6125	87.772	88.7232	89.6226	90.5351	91.3935	92.2904	93.2208
780	Trinidad and Tobago	70.2385	73.5916	75.5193	77.2119	78.6942	80.1793	81.5844	82.8267	84.0556	85.1141	86.2227	87.1924	88.1859	89.1128	89.9255	90.6147
796	Turks and Caicos Islands	76.046	78.9408	80.9248	82.6012	84.1113	85.5005	86.6361	87.7363	88.7637	89.772	90.8153	91.6511	92.5241	93.3357	94.0393	94.8779
850	United States Virgin Islands	70.6646	73.771	76.0156	77.776	79.2948	80.6972	81.9412	83.2171	84.4081	85.4729	86.5636	87.5511	88.5403	89.4507	90.3599	91.2775
916	Central America	70.7509	74.772	76.4947	77.9776	79.3374	80.5084	81.6951	82.7626	83.7861	84.6935	85.6661	86.4869	87.2586	88.2127	89.0563	89.8262
84	Belize	70.5024	74.2573	76.2828	77.994	79.5359	81.0576	82.3373	83.609	84.8171	85.9425	86.9869	88.0224	89.0162	89.9483	90.8403	91.7463
188	Costa Rica	77.4756	81.2395	83.196	84.7636	86.1987	87.5123	88.654	89.7791	90.9515	91.994	92.8353	93.7404	94.5886	95.4697	96.2923	97.0602
222	El Salvador	67.3595	71.197	73.4637	75.3889	77.2132	78.8345	80.3512	81.7138	82.9888	84.2447	85.3484	86.4389	87.4596	88.451	89.4691	90.3215
320	Guatemala	69.1376	73.6274	75.5221	77.1726	78.5451	79.9386	81.3985	82.7052	83.9634	85.0478	85.989	86.882	87.712	88.5448	89.3587	90.1217
340	Honduras	69.9709	73.7168	75.7421	77.4763	79.0847	80.5823	82.0582	83.4097	84.5913	85.6524	86.7473	87.5727	88.5603	89.5188	90.3776	91.1288
484	Mexico	70.7621	75.5728	77.6681	79.4539	81.158	82.6108	83.9172	85.2182	86.3769	87.3806	88.3788	89.309	90.19	91.0768	91.9223	92.7127
558	Nicaragua	71.3289	75.6569	77.6902	79.3685	80.9291	82.3912	83.7444	84.9474	86.1207	87.1289	88.0386	88.8597	89.6536	90.4884	91.2864	92.0275
591	Panama	76.1597	79.7985	81.8095	83.3997	84.8275	86.174	87.3729	88.4965	89.5176	90.5562	91.5544	92.5767	93.576	94.4052	95.3163	96.1022
931	South America	72.3677	75.3836	76.8747	78.2296	79.4863	80.6964	81.7121	82.6381	83.5924	84.434	85.2276	85.9907	86.7024	87.5458	88.3138	89.1031
32	Argentina	74.0275	77.8596	79.7842	81.4635	82.9117	84.2466	85.4084	86.4941	87.6042	88.606	89.5731	90.5482	91.4639	92.3451	93.1467	93.9319
68	Bolivia (Plurinational State of)	64.2741	69.7045	71.5481	73.1446	74.5764	76.0253	77.375	78.7682	80.0503	81.3299	82.6851	83.8508	84.8186	85.7539	86.5587	87.4713
76	Brazil	72.3262	75.9829	78.027	79.7527	81.3227	82.7408	83.9528	85.0883	86.2336	87.2412	88.1268	89.0642	89.9891	90.8876	91.7396	92.5642
152	Chile	78.3652	82.2646	84.1895	85.7877	87.214	88.3893	89.555	90.5946	91.6583	92.6208	93.5295	94.329	95.1722	95.9916	96.7653	97.5459
170	Colombia	73.7004	78.186	80.2803	82.1151	83.591	84.9626	86.2313	87.4061	88.4911	89.464	90.4403	91.3329	92.2701	93.1732	93.9866	94.6908
218	Ecuador	73.3831	77.8711	79.9249	81.642	83.132	84.4061	85.6015	86.7374	87.8191	88.8552	89.8478	90.6293	91.4389	92.332	93.0568	93.768
238	Falkland Islands (Malvinas)	77.4703	80.3436	82.3943	84.0311	85.4657	86.72	87.888	88.9909	89.9898	90.8651	91.7686	92.6469	93.4406	94.2313	94.9842	95.7273
254	French Guiana	74.0086	77.3774	79.4407	81.1899	82.6536	84.0055	85.2091	86.3843	87.5064	88.5267	89.5645	90.5117	91.4037	92.2624	93.1728	93.9343
328	Guyana	65.621	69.7959	71.6764	73.2609	74.8335	76.1928	77.6458	79.1165	80.403	81.5849	82.6779	83.6139	84.6365	85.658	86.597	87.4615
600	Paraguay	69.8651	74.0943	75.9371	77.5789	79.0893	80.5419	81.8708	82.9904	84.1339	85.2125	86.2373	87.2328	88.1568	89.0123	89.9044	90.6542
604	Peru	74.0138	78.6688	80.7229	82.4103	83.8946	85.2694	86.445	87.5239	88.5577	89.4562	90.3495	91.1657	92.0187	92.7997	93.5891	94.2937
740	Suriname	69.82	73.7036	75.6825	77.3586	78.9282	80.4944	81.8482	83.1696	84.3002	85.3453	86.3819	87.3182	88.2594	89.2252	90.1726	90.9998
858	Uruguay	73.7703	77.2926	79.3128	80.9364	82.3795	83.6811	84.9097	86.0815	87.1364	88.1454	89.2221	90.2324	91.23	92.1879	93.0519	93.9188
862	Venezuela (Bolivarian Republic of)	69.0062	72.0648	74.1303	75.759	77.3352	78.8861	80.3038	81.6218	82.7814	83.9183	85.034	86.1235	87.0476	87.9599	88.8239	89.8962
905	Northern America	76.4756	79.8841	81.7682	83.2824	84.5356	85.6696	86.8169	87.9944	88.9843	89.7405	90.7168	91.5857	92.4362	93.303	94.1033	94.9694
60	Bermuda	78.9801	81.7478	83.5306	85.0382	86.3036	87.4254	88.6244	89.767	90.7526	91.7316	92.7173	93.6811	94.6716	95.4615	96.3087	97.2167
124	Canada	80.2006	83.3561	85.1728	86.6365	87.9449	89.1101	90.1955	91.2323	92.3062	93.2438	94.0303	94.8278	95.7006	96.5374	97.4046	98.15
304	Greenland	68.6248	71.2968	73.0269	74.48	75.819	77.0833	78.4033	79.6471	80.8851	82.0202	83.1138	84.2206	85.1993	86.0179	86.9005	87.7573
666	Saint Pierre and Miquelon	73.1517	75.8466	77.8744	79.527	80.9663	82.3477	83.6549	84.767	85.8773	86.8302	87.856	88.8899	89.915	90.8417	91.7741	92.6874
840	United States of America	76.0981	79.8388	81.739	83.3361	84.7059	85.9706	87.1672	88.2996	89.3402	90.2722	91.2778	92.1852	93.0142	93.8791	94.654	95.4366
909	Oceania	76.7974	79.1664	80.4606	81.6198	82.6013	83.4203	84.1336	84.8256	85.4928	86.1806	86.8973	87.584	88.2769	89.2331	90.0066	90.8421
927	Australia/New Zealand	81.8306	84.3335	85.9118	87.3058	88.3762	89.522	90.545	91.291	92.1641	93.0129	93.8721	94.6671	95.5174	96.3421	97.0333	97.9372
36	Australia	82.122	84.9543	86.6591	88.0665	89.2365	90.3563	91.4514	92.3784	93.2732	94.1446	95.062	96.0036	96.8777	97.7138	98.5209	99.2801
554	New Zealand	80.7069	83.2947	84.9526	86.4179	87.7326	88.8966	89.9469	90.9385	91.8724	92.7412	93.5922	94.4218	95.3097	96.0765	96.862	97.6189
928	Melanesia	64.4225	67.5907	69.2493	70.5654	71.6896	72.7306	73.7491	74.8979	75.9129	76.9894	78.2271	79.202	80.1889	81.1289	82.2948	83.219
242	Fiji	65.332	68.8565	70.6388	71.9833	73.1651	74.4151	75.5232	76.6766	77.9278	79.1997	80.302	81.5091	82.6375	83.7145	84.7026	85.6708
540	New Caledonia	75.9108	79.3737	81.3426	82.9335	84.3222	85.5758	86.7592	87.8179	88.8071	89.7848	90.7224	91.5002	92.3908	93.2514	94.0595	94.8507
598	Papua New Guinea	63.6607	67.2701	69.1048	70.4761	71.7549	72.8847	74.1421	75.3452	76.5651	77.6644	78.8896	80.0082	81.1085	82.2254	83.2798	84.2086
90	Solomon Islands	69.3085	72.5821	74.3504	75.8046	77.0317	78.2581	79.4436	80.6585	81.918	83.1285	84.2415	85.2519	86.1746	86.9569	87.7927	88.5188
548	Vanuatu	69.5513	72.866	74.8076	76.327	77.9085	79.3144	80.6369	82.0818	83.2675	84.4065	85.4275	86.4856	87.4346	88.3092	89.1166	90.0274
954	Micronesia	68.4733	70.7753	72.1525	73.2835	74.2593	75.1476	76.0053	76.8787	77.6736	78.5753	79.4637	80.2957	81.3621	82.2785	83.2924	83.9519
316	Guam	73.3605	76.6417	78.7111	80.4452	81.923	83.2361	84.483	85.6714	86.84	87.9662	88.9931	90.0006	91.019	92.0141	92.8298	93.6858
296	Kiribati	64.5297	68.0773	69.8279	71.2659	72.4517	73.6228	74.6976	75.7276	76.8406	78.0333	79.1913	80.2188	81.2233	82.2393	83.2872	84.2574
584	Marshall Islands	64.9079	68.3134	70.049	71.474	72.8331	73.9792	75.1557	76.2862	77.4502	78.6519	79.8276	80.9558	82.1056	83.1618	84.0617	84.963
583	Micronesia (Fed. States of)	63.764	66.9544	68.8384	70.3378	71.7825	73.0467	74.3809	75.7153	77.0425	78.341	79.7232	80.8313	81.9112	82.9544	83.9315	84.8517
520	Nauru	60.5513	64.0491	65.9832	67.4483	68.7141	69.8204	70.9318	71.9724	73.0322	73.9913	74.9528	75.9648	77.0623	78.2201	79.3687	80.5008
580	Northern Mariana Islands	77.2979	80.1376	82.0407	83.627	84.9741	86.2313	87.3858	88.3855	89.2829	90.1986	91.0976	91.9396	92.7752	93.5976	94.4684	95.2003
585	Palau	67.3054	70.4424	72.2083	73.6319	74.9783	76.2185	77.5826	78.7666	80.0331	81.2079	82.3213	83.3406	84.2851	85.2789	86.1896	86.9576
957	Polynesia	74.6195	77.1438	78.7287	79.999	81.224	82.321	83.5518	84.5911	85.693	86.4442	87.1424	87.7359	88.2114	88.5748	88.9599	89.4055
16	American Samoa	70.591	73.4309	75.3257	76.8298	78.2618	79.6896	81.0359	82.2759	83.3242	84.4449	85.4297	86.4255	87.4699	88.3019	89.1589	90.0761
184	Cook Islands	72.0665	75.1234	77.1976	79.0784	80.7355	82.139	83.3937	84.6438	85.7085	86.7982	87.8994	88.8104	89.7739	90.6523	91.6216	92.4355
258	French Polynesia	81.0788	84.628	86.2797	87.601	88.7835	89.9579	90.9931	92.0539	93.0379	93.8452	94.7065	95.5959	96.5205	97.3035	98.1081	98.8527
570	Niue	67.762	70.7121	72.5209	74.1355	75.5363	76.8505	78.1917	79.4784	80.7747	81.8711	82.9701	84.0196	85.0364	85.9246	86.811	87.6959
882	Samoa	70.1291	73.1678	74.9232	76.3133	77.7006	79.0013	80.3158	81.5822	82.8191	83.9458	85.0033	85.9577	86.8659	87.6633	88.4542	89.4153
772	Tokelau	75.323	78.0086	79.8479	81.4187	82.834	84.1254	85.2853	86.3337	87.3134	88.1604	89.0753	89.9999	90.7088	91.464	92.1613	92.997
776	Tonga	69.6194	72.5807	74.4685	76.1533	77.7236	79.1713	80.5313	81.768	82.9414	84.003	85.0494	86.0366	87.032	87.9561	88.8615	89.9041
798	Tuvalu	63.9118	67.3662	69.2952	70.9041	72.2413	73.6704	75.0702	76.4254	77.6351	78.8917	80.1856	81.5196	82.6455	83.6351	84.5875	85.4964
876	Wallis and Futuna Islands	77.7874	80.6701	82.4243	83.916	85.2958	86.3952	87.3269	88.1946	88.9985	89.7386	90.3715	91.2513	91.9886	92.7354	93.4051	94.1645
