country_code	country	2020-2025	2025-2030	2030-2035	2035-2040	2040-2045	2045-2050	2050-2055	2055-2060	2060-2065	2065-2070	2070-2075	2075-2080	2080-2085	2085-2090	2090-2095	2095-2100
900	World	70.0335	71.9206	72.9576	73.8463	74.6378	75.386	76.1087	76.7788	77.3984	78.0235	78.5896	79.1343	79.6402	80.094	80.5796	81.1236
1834	Sub-Saharan Africa	59.5539	61.5368	62.699	63.7037	64.629	65.4916	66.2888	67.1078	67.9145	68.7209	69.5172	70.368	71.1054	71.8352	72.5838	73.3417
1833	Northern Africa and Western Asia	71.0416	73.0614	74.1684	75.1802	76.1396	77.0267	77.916	78.8029	79.5677	80.3936	81.2096	81.9049	82.5703	83.2104	83.8861	84.5416
1831	Central and Southern Asia	69.2355	72.2264	73.746	75.1056	76.3177	77.443	78.683	79.8207	80.8795	81.7699	82.5337	83.207	83.9399	84.6095	85.2518	85.9419
1832	Eastern and South-Eastern Asia	74.0515	76.0204	77.3984	78.5013	79.5414	80.3914	81.2489	82.0481	82.8047	83.5865	84.3305	85.0926	85.7606	86.4145	87.1331	87.7175
1830	Latin America and the Caribbean	71.6165	74.2467	75.4235	76.5896	77.7167	78.7344	79.6768	80.5934	81.4247	82.2257	83.0383	83.7706	84.4841	85.1614	85.8247	86.5225
1835	Oceania (excluding Australia and New Zealand)	64.9584	67.3177	68.5779	69.6356	70.4236	71.1393	71.9684	72.8009	73.6275	74.6834	75.5683	76.5207	77.4018	78.3144	79.2396	80.0863
1836	Australia/New Zealand	81.7126	83.7113	85.0363	86.1414	87.0979	88.0724	88.8837	89.6752	90.4339	91.2353	91.8882	92.6128	93.3585	94.0063	94.6588	95.4235
1829	Europe and Northern America	75.4193	77.5171	78.6822	79.8154	80.835	81.734	82.6553	83.5129	84.3374	85.123	85.9543	86.7275	87.4355	88.1549	88.8533	89.5275
5502	Europe, Northern America, Australia, and New Zealand	75.5619	77.6236	78.7598	79.8738	80.8883	81.8109	82.7265	83.5665	84.3931	85.2209	86.0496	86.7941	87.4932	88.1917	88.8489	89.5291
901	More developed regions	76.1536	78.1212	79.2569	80.3186	81.2593	82.1754	83.0359	83.8402	84.6399	85.4314	86.2275	86.9478	87.6849	88.386	89.0404	89.6951
902	Less developed regions	68.855	70.8341	71.9395	72.8928	73.7336	74.5143	75.2777	75.9568	76.568	77.2313	77.8037	78.3277	78.8364	79.2908	79.7648	80.2808
941	Least developed countries	63.3351	65.3385	66.3783	67.3279	68.2319	69.0957	69.9437	70.7538	71.4884	72.2366	72.9726	73.6764	74.3834	75.1161	75.8384	76.5117
934	Less developed regions, excluding least developed countries	70.1579	72.2277	73.3969	74.4285	75.3262	76.198	77.0281	77.7702	78.4786	79.2318	79.9119	80.5154	81.0739	81.6438	82.1683	82.706
948	Less developed regions, excluding China	67.2398	69.3327	70.3644	71.3002	72.1661	72.9914	73.8326	74.5986	75.3375	76.028	76.6435	77.2151	77.8242	78.3627	78.8839	79.4768
1636	Land-locked Developing Countries (LLDC)	62.9497	65.3138	66.4527	67.5364	68.5042	69.4366	70.2947	71.159	72.0813	73.0208	73.8262	74.7028	75.481	76.2844	77.0367	77.7619
2087	LLDC: Africa	61.0895	63.6531	64.9715	66.0855	67.1551	68.1534	69.1152	70.0669	71.0817	72.0621	72.9905	73.8628	74.7207	75.5627	76.4056	77.2053
2088	LLDC: Asia	67.0767	69.484	70.6907	71.7679	72.7123	73.611	74.5351	75.4164	76.3349	77.2414	78.125	79.0697	79.9841	80.763	81.5726	82.416
2089	LLDC: Europe	69.1782	71.6336	73.0435	74.3328	75.5738	76.7823	77.9295	79.1085	80.2282	81.2526	82.2848	83.2342	84.1431	84.9521	85.7985	86.5691
2090	LLDC: Latin America	65.9166	69.7832	71.0981	72.2282	73.2581	74.3864	75.3821	76.465	77.4451	78.5452	79.572	80.6218	81.6682	82.5398	83.3982	84.2595
1637	Small Island Developing States (SIDS)	69.1404	71.0806	72.1039	72.9602	73.7349	74.4034	75.0736	75.7551	76.35	76.9609	77.6114	78.1659	78.7657	79.3909	80.0565	80.7069
2091	SIDS Caribbean	69.3066	71.5101	72.6406	73.6297	74.5569	75.4095	76.1748	76.9191	77.6904	78.3963	79.1709	80.0442	80.9044	81.7172	82.4795	83.2426
2092	SIDS Pacific	65.0004	67.2422	68.4703	69.4932	70.353	71.1895	71.9807	72.8702	73.7317	74.6732	75.4782	76.4149	77.3148	78.2919	79.2244	80.2027
2093	SIDS Atlantic, Indian Ocean and South China Sea (AIS)	73.4566	75.6866	77.0062	78.0847	78.9145	79.6396	80.3966	81.2393	81.8408	82.3926	82.9945	83.5595	84.0679	84.5832	85.147	85.7991
5503	High-and-upper-middle-income countries	74.5711	76.542	77.7165	78.7732	79.7235	80.5971	81.4423	82.1965	82.9524	83.6929	84.3606	85.062	85.6865	86.2808	86.8956	87.4904
5504	Low-and-Lower-middle-income countries	65.9262	68.1176	69.2221	70.2273	71.1224	71.9686	72.8502	73.6425	74.3728	75.0604	75.7022	76.2949	76.8257	77.3979	77.9336	78.4938
1503	High-income countries	78.2827	80.0957	81.1896	82.164	83.0145	83.8553	84.6215	85.347	86.0771	86.8176	87.5459	88.1882	88.8463	89.4879	90.1124	90.6594
1859	Low-and-middle-income countries	68.4435	70.4416	71.5303	72.5044	73.353	74.1452	74.8975	75.563	76.1596	76.8053	77.3959	77.9455	78.4429	78.915	79.4108	79.9288
1517	Middle-income countries	69.4261	71.5015	72.6994	73.7473	74.6492	75.5309	76.3451	77.0798	77.7902	78.5126	79.2015	79.7968	80.3676	80.9537	81.449	81.9733
1502	Upper-middle-income countries	72.7325	74.9809	76.3913	77.5943	78.6463	79.5859	80.5352	81.3865	82.1985	82.9188	83.6455	84.3846	85.0414	85.6441	86.2555	86.7888
1501	Lower-middle-income countries	66.9857	69.3302	70.5432	71.634	72.6422	73.5501	74.5096	75.3719	76.2071	77.0246	77.7277	78.4159	79.0423	79.6103	80.1302	80.7192
1500	Low-income countries	61.8286	63.9658	64.9939	65.9688	66.8552	67.7347	68.5303	69.3253	70.1395	70.9432	71.7282	72.4974	73.2642	74.0084	74.7735	75.5385
1518	No income group available	68.8969	71.2254	72.7882	74.0604	75.3413	76.7236	77.9915	79.2203	80.3509	81.3701	82.2119	83.0815	83.8201	84.6397	85.3822	86.2022
903	Africa	61.2512	63.1337	64.2118	65.2026	66.1092	66.9369	67.7293	68.5167	69.2867	70.0136	70.7627	71.5278	72.2733	72.9719	73.6627	74.3615
910	Eastern Africa	62.4043	64.4847	65.7349	66.8517	67.8624	68.9108	69.8199	70.7516	71.7044	72.621	73.571	74.4603	75.353	76.2102	77.1265	77.9938
108	Burundi	61.4833	64.3456	65.9685	67.2662	68.4789	69.5545	70.548	71.5416	72.4661	73.4071	74.3319	75.3665	76.3851	77.4776	78.5423	79.5288
174	Comoros	64.7662	67.7553	69.5518	71.0588	72.4142	73.6986	74.9435	76.2169	77.4861	78.7063	79.935	81.1251	82.2239	83.2743	84.2047	85.0444
262	Djibouti	63.2614	66.4317	68.2288	69.738	71.0915	72.3415	73.5281	74.7807	76.0467	77.2252	78.4495	79.7179	80.8804	82.0035	82.9496	83.8724
232	Eritrea	66.2897	69.5967	71.4974	73.143	74.6921	76.1084	77.4767	78.8149	80.1206	81.4113	82.6602	83.7042	84.6743	85.569	86.3853	87.0847
231	Ethiopia	63.9624	67.2611	69.3522	71.1415	72.7815	74.2699	75.7443	77.1912	78.6003	79.9624	81.1838	82.28	83.328	84.2411	85.1272	85.9586
404	Kenya	61.1437	64.2227	65.8648	67.179	68.26	69.2659	70.2039	71.1395	72.0965	73.0298	73.9201	74.891	75.919	76.9856	78.163	79.2732
450	Madagascar	61.9557	64.8291	66.5604	67.9116	69.1276	70.2138	71.2546	72.2475	73.2395	74.2458	75.2813	76.2603	77.2962	78.3992	79.5233	80.4754
454	Malawi	63.473	66.8448	68.5254	69.9762	71.3007	72.5338	73.8597	75.0995	76.3614	77.5459	78.7687	79.9532	81.0725	82.0853	83.048	83.9159
480	Mauritius	71.4315	74.3415	76.0036	77.5467	78.9807	80.3905	81.6642	82.8204	83.8474	84.8774	85.8509	86.7885	87.6529	88.4538	89.2827	90.1154
175	Mayotte	73.4623	76.5306	78.2083	79.6829	81.0929	82.4329	83.6475	84.6992	85.6811	86.5735	87.4455	88.2127	88.9862	89.7254	90.458	91.1878
508	Mozambique	59.8213	63.1619	64.9265	66.4139	67.691	68.8461	69.9562	71.0482	72.0342	73.12	74.1449	75.1807	76.2238	77.3739	78.5068	79.6138
638	Réunion	79.9025	82.5697	83.8701	84.9689	85.9677	86.954	87.8455	88.7041	89.5531	90.3585	91.1376	91.8992	92.7288	93.4178	94.114	94.8726
646	Rwanda	65.6285	68.4215	70.2354	71.79	73.2355	74.5377	75.8136	77.0681	78.296	79.5493	80.7149	81.8765	82.8896	83.873	84.7954	85.6493
690	Seychelles	69.9953	72.3194	73.8864	75.296	76.6202	77.8786	79.2158	80.4244	81.4927	82.5688	83.5537	84.4729	85.3665	86.2042	87.0007	87.6998
706	Somalia	55.2785	59.1394	60.7887	62.2087	63.4477	64.5974	65.6047	66.6128	67.5058	68.3606	69.1988	70.0623	70.9822	71.9288	72.8219	73.742
728	South Sudan	54.9753	57.4047	58.9643	60.2429	61.4648	62.6065	63.5929	64.484	65.4017	66.2255	67.0984	67.9109	68.7764	69.504	70.313	71.1773
800	Uganda	65.0862	68.1811	70.0365	71.6742	73.2058	74.5867	75.9728	77.3349	78.6694	79.913	81.1266	82.2375	83.295	84.2102	85.1239	85.9322
834	United Republic of Tanzania	64.3661	67.0579	68.8086	70.3396	71.7151	73.0432	74.3495	75.5605	76.7928	78.0603	79.2943	80.4978	81.5905	82.5938	83.564	84.4844
894	Zambia	63.0269	66.6806	68.3697	69.7251	70.9663	72.1152	73.2976	74.388	75.524	76.6832	77.8752	78.9092	79.9675	81.0627	82.1096	83.0453
716	Zimbabwe	60.0305	63.4485	65.5468	67.2861	68.7749	70.1492	71.4046	72.6224	73.9283	75.1375	76.2803	77.4962	78.7403	79.965	81.0848	82.1426
911	Middle Africa	58.7394	61.8417	63.1781	64.3467	65.4061	66.4483	67.2073	67.9898	68.7108	69.5394	70.3662	71.2967	72.1249	73.0058	74.0178	74.9173
24	Angola	62.0033	64.9438	66.6911	68.0443	69.2388	70.3053	71.3241	72.4098	73.4619	74.5178	75.5109	76.6348	77.6737	78.7232	79.8176	80.8971
120	Cameroon	61.0894	64.815	66.9786	68.6906	70.1937	71.6043	72.9328	74.1544	75.3632	76.5478	77.757	79.009	80.23	81.4068	82.4457	83.419
140	Central African Republic	43.206	58.6429	60.9022	62.8191	64.4406	65.9624	67.2714	68.5712	69.6625	70.7756	71.8212	72.8833	73.9587	75.0544	76.0646	77.1762
148	Chad	53.0659	56.2394	58.0372	59.4492	60.7861	61.9662	63.0543	64.0278	64.9945	65.9603	66.7325	67.5547	68.2964	69.068	69.8787	70.648
178	Congo	64.0048	67.0734	68.7997	70.271	71.5388	72.6406	73.7562	74.8225	75.9903	77.1184	78.1794	79.3238	80.4937	81.6061	82.696	83.6717
180	Democratic Republic of the Congo	59.574	62.6099	64.2945	65.6982	67.0035	68.1049	69.082	70.0033	70.8875	71.7238	72.6371	73.5136	74.4457	75.4361	76.4355	77.4737
226	Equatorial Guinea	62.0091	64.9808	66.8202	68.3462	69.7324	70.931	72.1252	73.2893	74.326	75.4007	76.4848	77.6101	78.7335	79.8766	80.9659	82.0533
266	Gabon	65.8725	68.5866	70.1437	71.4981	72.7154	73.9506	75.2136	76.3747	77.5613	78.7611	79.9085	81.1227	82.2195	83.2373	84.1111	84.9575
678	Sao Tome and Principe	66.057	68.8177	70.4914	72.0297	73.3995	74.7531	76.0089	77.3385	78.6228	79.881	81.0361	82.1197	83.0846	84.0526	84.9336	85.7526
912	Northern Africa	69.4418	71.5903	72.8434	73.9846	75.1112	76.158	77.1756	78.2875	79.2192	80.1242	81.14	81.8974	82.6492	83.4147	84.0968	84.9221
12	Algeria	74.7167	77.4311	79.1775	80.6542	82.0881	83.4513	84.6384	85.7264	86.638	87.4318	88.2424	88.9874	89.7278	90.4561	91.1482	91.8597
818	Egypt	69.1165	72.0363	73.6321	74.9931	76.3243	77.5755	78.8404	80.1458	81.3876	82.5249	83.6108	84.5565	85.4223	86.2341	87.0329	87.752
434	Libya	70.3375	74.6687	76.4093	77.8813	79.3024	80.7056	82.0133	83.1572	84.189	85.1859	86.1046	86.9046	87.6787	88.5651	89.2684	89.9984
504	Morocco	72.9038	75.6435	77.2877	78.7412	80.1442	81.4637	82.7275	83.814	84.777	85.6847	86.5206	87.2728	88.0688	88.7336	89.326	89.9532
729	Sudan	63.2603	66.0207	67.6752	69.0664	70.3293	71.571	72.7381	73.9197	75.1413	76.3498	77.6116	78.8008	79.954	81.0564	82.0784	83.0293
788	Tunisia	73.2822	76.4403	78.2514	79.8533	81.3463	82.7229	83.8908	84.9389	85.9177	86.8655	87.7325	88.5526	89.3664	90.1486	90.9015	91.6348
732	Western Sahara	69.8893	72.3098	73.9808	75.3805	76.7357	78.0036	79.2442	80.481	81.6462	82.7546	83.7664	84.6956	85.5384	86.2993	86.9448	87.6401
913	Southern Africa	61.8785	64.9333	66.4979	67.7058	69.0124	70.1015	71.2264	72.4009	73.4853	74.6603	75.8648	76.9697	77.8948	78.8608	79.9291	80.8634
72	Botswana	65.7456	69.1101	70.49	71.7019	72.8177	73.9428	75.0381	76.0757	77.097	78.3041	79.4744	80.638	81.6866	82.6724	83.5811	84.4051
748	Eswatini	59.7629	63.7835	65.3418	66.5694	67.6716	68.6718	69.6171	70.5885	71.5601	72.5125	73.4731	74.4523	75.4109	76.5175	77.6077	78.6555
426	Lesotho	54.2558	58.7016	61.6483	64.1252	66.2053	67.9821	69.5624	70.9889	72.3929	73.7505	75.0978	76.4276	77.7275	79.043	80.2888	81.3531
516	Namibia	61.6868	65.8941	67.369	68.6247	69.8693	71.0576	72.2338	73.3744	74.4828	75.6996	76.8616	77.9852	79.1689	80.2175	81.1287	82.0354
710	South Africa	62.1415	65.3122	66.9465	68.2747	69.4525	70.6197	71.7779	72.9662	74.0859	75.246	76.4172	77.5682	78.6754	79.8976	80.9662	82.0049
914	Western Africa	57.2047	59.3857	60.7335	61.8231	62.882	63.8627	64.6859	65.4953	66.3748	67.1469	67.8616	68.6175	69.2415	69.896	70.6588	71.2966
204	Benin	59.5169	62.2507	63.956	65.337	66.5817	67.7098	68.6132	69.5532	70.4118	71.2134	72.015	72.9266	73.8566	74.671	75.5485	76.4273
854	Burkina Faso	59.1489	61.8215	63.6209	65.0788	66.3474	67.5009	68.5565	69.5788	70.4781	71.398	72.2928	73.1587	74.1146	75.0897	76.0584	77.0497
132	Cabo Verde	72.4926	75.3459	77.1083	78.7492	80.2701	81.5621	82.7636	83.8331	84.8151	85.7746	86.6878	87.6092	88.4094	89.2337	90.0084	90.8045
384	Côte d'Ivoire	59.9103	62.8289	64.4589	65.8025	67.0417	68.1619	69.1233	70.0047	70.9793	71.8916	72.7583	73.7371	74.7153	75.6535	76.5692	77.5878
270	Gambia	63.8955	67.039	68.7795	70.1641	71.3351	72.4874	73.5609	74.6108	75.6338	76.6514	77.6805	78.7602	79.8577	80.9411	82.0156	82.998
288	Ghana	63.2078	65.9839	67.7269	69.1934	70.4473	71.6232	72.8014	73.9985	75.1015	76.2207	77.3219	78.4082	79.5137	80.6834	81.799	82.8002
324	Guinea	59.4773	62.3515	63.9816	65.3525	66.5086	67.5535	68.5029	69.4027	70.2628	71.1301	72.0353	72.8909	73.6731	74.5395	75.3799	76.3236
624	Guinea-Bissau	61.2703	64.4044	66.0287	67.423	68.5362	69.6243	70.6532	71.6546	72.5984	73.5872	74.5294	75.5647	76.608	77.7778	78.8427	79.905
430	Liberia	60.9893	63.624	65.1514	66.4346	67.5384	68.5676	69.4835	70.3963	71.3214	72.1228	72.9463	73.8246	74.6978	75.5725	76.4423	77.3283
466	Mali	59.0454	62.1246	64.0506	65.6278	66.9401	68.1442	69.2396	70.2686	71.1343	72.0065	72.8501	73.6977	74.5692	75.5663	76.5799	77.5539
478	Mauritania	66.4254	69.3509	71.0358	72.4076	73.7559	75.0187	76.2476	77.4188	78.697	79.927	81.1381	82.2916	83.3587	84.335	85.2436	86.0659
562	Niger	60.126	63.3565	65.2474	66.7354	68.0367	69.1941	70.2017	71.1878	72.1111	72.9868	73.872	74.8226	75.7614	76.6898	77.6797	78.6855
566	Nigeria	54.2288	57.2171	58.9324	60.3347	61.6241	62.753	63.7925	64.79	65.6798	66.5454	67.3373	68.1981	68.9817	69.7918	70.5483	71.3085
654	Saint Helena	74.1863	76.1114	77.7002	79.1242	80.4472	81.6187	82.6368	83.6294	84.5574	85.494	86.35	87.2166	88.0518	88.8851	89.6708	90.4698
686	Senegal	66.5535	69.661	71.417	72.8726	74.1982	75.447	76.6324	77.8374	79.0873	80.2368	81.3942	82.4846	83.4991	84.3714	85.2424	86.0022
694	Sierra Leone	59.9694	62.9364	64.6388	66.0573	67.3189	68.3774	69.3422	70.2266	71.1989	72.0711	72.9867	73.9469	74.8642	75.7749	76.7238	77.6614
768	Togo	62.4408	65.4758	67.2426	68.7229	70.066	71.2129	72.202	73.1857	74.1178	75.0504	75.993	76.995	77.8995	78.9177	79.9367	80.9257
935	Asia	71.7765	73.9701	75.2576	76.413	77.4028	78.3179	79.2348	80.1012	80.8669	81.6508	82.4098	83.0676	83.7007	84.4068	85.0339	85.6326
5500	Central Asia	68.8196	70.9067	72.045	73.0809	74.0612	75.1043	76.0932	77.1495	78.2373	79.1994	80.0336	80.9027	81.8107	82.6259	83.4207	84.2204
398	Kazakhstan	69.1315	72.4812	74.0788	75.5345	76.954	78.3181	79.5617	80.6996	81.7131	82.7113	83.6585	84.52	85.4182	86.3494	87.1301	87.951
417	Kyrgyzstan	67.7782	70.5619	72.0962	73.4917	74.8044	76.1051	77.3862	78.6308	79.9314	81.0769	82.1206	83.0997	83.9945	84.8929	85.7486	86.6127
762	Tajikistan	69.1329	71.8996	73.3305	74.6026	75.8	76.8906	78.0735	79.2293	80.3478	81.4443	82.4732	83.4398	84.2894	85.0536	85.8272	86.5745
795	Turkmenistan	66.9078	69.2812	70.7828	72.008	73.2397	74.446	75.6583	76.8413	78.0318	79.2133	80.3746	81.4761	82.4523	83.3434	84.1736	84.9755
860	Uzbekistan	69.5292	71.8032	73.2516	74.5613	75.7708	76.9724	78.1465	79.4239	80.6232	81.6774	82.6843	83.6747	84.5994	85.4884	86.2995	87.033
906	Eastern Asia	76.4062	78.6656	80.2955	81.7295	82.8916	83.8629	84.9711	85.9588	86.8445	87.6487	88.5593	89.4184	90.2198	90.9966	91.873	92.5319
156	China	75.6751	78.2602	80.1123	81.661	82.9889	84.1458	85.2669	86.3082	87.2577	88.1418	89.0426	89.8462	90.6062	91.4053	92.1791	92.9222
344	China, Hong Kong SAR	82.8141	84.9601	86.2554	87.3688	88.4093	89.3595	90.353	91.1885	92.0453	92.8682	93.7056	94.5388	95.2639	96.0089	96.794	97.569
446	China, Macao SAR	81.4462	83.0283	84.4665	85.6828	86.7422	87.7973	88.7903	89.7331	90.666	91.4926	92.2885	93.0327	93.7456	94.5153	95.2356	95.9715
158	China, Taiwan Province of China	77.8677	79.9883	81.6259	82.9592	84.1483	85.1947	86.2624	87.2412	88.2063	89.1391	90.025	90.8149	91.6376	92.378	93.1306	93.9327
408	Dem. People's Republic of Korea	71.5939	73.6894	75.1007	76.3851	77.6024	78.8158	80.0079	81.1683	82.3148	83.3683	84.3046	85.1845	86.0186	86.7752	87.5283	88.2163
392	Japan	81.8138	83.8662	85.2549	86.4197	87.5327	88.5594	89.5406	90.4286	91.3558	92.2454	93.0952	93.9561	94.7636	95.5201	96.3038	97.1587
496	Mongolia	66.8265	70.0874	72.1308	73.9294	75.6185	77.2285	78.7231	80.0596	81.2542	82.3118	83.2917	84.2805	85.2307	86.1255	87.0125	87.8808
410	Republic of Korea	80.9399	83.2303	84.5367	85.6414	86.6519	87.6025	88.5402	89.4166	90.2614	91.1299	91.9877	92.8064	93.634	94.4373	95.216	95.9818
5501	Southern Asia	69.2392	72.3026	73.8617	75.2473	76.497	77.6508	78.9051	80.0286	81.111	82.0038	82.7903	83.4928	84.1856	84.8508	85.5359	86.19
4	Afghanistan	62.8277	67.4826	69.2927	70.7266	71.8945	72.9918	73.9575	75.0559	76.1157	77.1551	78.1382	79.1563	80.2804	81.3316	82.3659	83.2807
50	Bangladesh	72.3003	75.887	77.8616	79.5999	81.1712	82.6707	84.0264	85.205	86.2161	87.1446	87.9663	88.8053	89.5829	90.327	91.0284	91.7283
64	Bhutan	71.5073	74.2035	76.1964	77.9414	79.4864	81.0181	82.4747	83.7197	84.8517	85.8548	86.7929	87.6081	88.4168	89.195	89.9301	90.6265
356	India	69.7384	73.2716	75.092	76.6653	78.1081	79.4604	80.8216	82.1244	83.2977	84.4425	85.4199	86.2678	87.0579	87.8122	88.5726	89.3651
364	Iran (Islamic Republic of)	74.8551	78.2899	80.083	81.6815	83.1488	84.4512	85.6303	86.6339	87.5117	88.3512	89.1822	89.9488	90.6842	91.4352	92.1445	92.8373
462	Maldives	79.1925	82.1865	83.9219	85.338	86.5384	87.5903	88.5282	89.3767	90.2183	90.9351	91.6409	92.3869	93.0871	93.774	94.4264	95.1048
524	Nepal	68.6682	71.7482	73.568	75.0991	76.4481	77.7238	79.0175	80.3281	81.6484	82.8802	83.9718	84.9814	85.8629	86.6094	87.3361	88.0966
586	Pakistan	65.1112	67.8387	69.2757	70.4415	71.572	72.6078	73.6764	74.7717	75.9064	77.073	78.2471	79.4227	80.6291	81.7202	82.7303	83.6644
144	Sri Lanka	74.2261	76.6665	78.3699	79.9084	81.3034	82.5284	83.6307	84.6653	85.6952	86.6717	87.5804	88.4426	89.3156	90.1329	90.9188	91.6805
920	South-Eastern Asia	68.7533	70.8041	71.9321	73.0442	74.0204	74.9921	75.9263	76.8756	77.7806	78.68	79.5635	80.5231	81.3721	82.2663	83.0345	83.7465
96	Brunei Darussalam	73.15	75.7068	77.2539	78.6718	80.0193	81.3425	82.5737	83.6692	84.6629	85.583	86.4807	87.2862	88.0826	88.8476	89.5621	90.3062
116	Cambodia	68.0058	70.5079	72.0995	73.4641	74.7845	76.083	77.2966	78.4723	79.7088	80.8544	81.9783	82.9535	83.8531	84.7105	85.4705	86.2469
360	Indonesia	68.438	71.4276	72.8779	74.1397	75.3302	76.5012	77.655	78.8161	80.0049	81.1585	82.2819	83.3168	84.2695	85.095	85.8931	86.6215
418	Lao People's Democratic Republic	66.846	69.6764	71.4964	73.0369	74.39	75.6752	76.9019	78.111	79.2553	80.4682	81.6194	82.6965	83.6616	84.4921	85.3313	86.0959
458	Malaysia	73.76	76.6294	78.3014	79.7756	81.1807	82.4799	83.6366	84.6986	85.6611	86.5956	87.4614	88.2976	89.0968	89.8575	90.6382	91.4058
104	Myanmar	63.821	66.6077	68.3937	69.9107	71.2487	72.5341	73.8174	75.0996	76.3604	77.6244	78.8302	80.0851	81.2723	82.3729	83.3174	84.2009
608	Philippines	66.6219	69.2242	70.594	71.7924	72.8987	74.0149	75.1454	76.3411	77.5598	78.7344	79.8817	80.9866	82.0327	82.9978	83.9262	84.7992
702	Singapore	81.3497	83.3025	84.623	85.7668	86.823	87.8095	88.7402	89.5987	90.5118	91.3535	92.1535	92.9992	93.7875	94.5427	95.3394	96.0534
764	Thailand	72.5809	74.7509	76.729	78.4387	79.9302	81.1886	82.2935	83.4111	84.3987	85.4042	86.3507	87.2434	88.1691	89.0574	89.9103	90.7336
626	Timor-Leste	66.0488	68.9315	70.6477	72.0208	73.2948	74.4296	75.5614	76.711	77.8334	78.9429	80.0569	81.1312	82.2706	83.2711	84.1772	85.0215
704	Viet Nam	70.1536	72.2971	74.0321	75.6372	77.1134	78.5168	79.7769	80.9521	82.0502	83.0463	84.036	84.9566	85.8585	86.7571	87.6277	88.4533
922	Western Asia	72.6089	74.9133	76.0558	77.0624	77.9983	78.862	79.5857	80.407	81.2207	81.9175	82.6294	83.3196	83.9267	84.5606	85.2017	85.8039
51	Armenia	70.0154	73.79	75.4784	77.014	78.4707	79.7891	81.0125	82.044	83.0747	84.0428	84.9442	85.813	86.6678	87.5106	88.3397	89.1199
31	Azerbaijan	70.7393	73.9551	75.5618	76.9929	78.3692	79.6826	80.9778	82.177	83.2659	84.2958	85.2558	86.1332	86.9611	87.8219	88.5488	89.3096
48	Bahrain	79.9691	82.905	84.4423	85.6974	86.6905	87.5049	88.2442	89.0092	89.7572	90.4727	91.1546	91.8328	92.5228	93.2282	93.8722	94.5349
196	Cyprus	79.3377	81.8775	83.44	84.6925	85.8168	86.9115	87.9548	88.8323	89.7	90.5418	91.3533	92.1148	92.8751	93.5912	94.2658	94.9429
268	Georgia	69.2468	71.9851	73.6901	75.2279	76.7072	78.119	79.3873	80.4673	81.4734	82.4199	83.3915	84.3161	85.2004	86.0386	86.8814	87.6654
368	Iraq	70.0787	72.6294	73.9396	75.0604	76.1705	77.2148	78.2612	79.3576	80.4483	81.5576	82.5765	83.5113	84.4187	85.2506	85.9939	86.7252
376	Israel	80.6944	82.337	83.792	84.9752	86.0613	87.0787	88.0029	88.9244	89.7605	90.5849	91.3443	92.137	92.8794	93.6118	94.3723	95.0548
400	Jordan	74.985	78.0393	79.6877	81.1536	82.5411	83.7473	84.7809	85.772	86.7243	87.5743	88.4484	89.2234	90.0011	90.7799	91.4993	92.219
414	Kuwait	78.5011	81.5806	83.2044	84.5867	85.7749	86.8113	87.7481	88.5758	89.352	90.1476	90.8838	91.5462	92.2722	92.9141	93.5294	94.2205
422	Lebanon	74.9871	77.966	79.4571	80.8102	82.116	83.289	84.3233	85.2895	86.1812	87.0466	87.8485	88.5869	89.3722	90.0833	90.8181	91.5029
512	Oman	77.6676	80.9439	82.7036	84.1644	85.3941	86.502	87.4533	88.3143	89.1468	89.8651	90.5405	91.2299	91.9246	92.6042	93.2476	93.9751
634	Qatar	81.3865	83.7882	85.2348	86.3899	87.3221	88.1742	88.9798	89.7296	90.4392	91.1017	91.7833	92.4014	93.0659	93.7591	94.3779	95.0642
682	Saudi Arabia	76.6846	79.5899	81.4012	82.9993	84.3067	85.4508	86.5385	87.5174	88.4149	89.2407	90.0732	90.8513	91.5837	92.3024	93.04	93.7511
275	State of Palestine	68.5413	76.501	78.5483	80.0395	81.3624	82.6075	83.7579	84.7795	85.7654	86.6011	87.3691	88.1219	88.8912	89.6317	90.3245	91.0178
760	Syrian Arab Republic	70.5234	73.1091	74.5944	75.9202	77.1871	78.3916	79.5917	80.7943	81.9163	82.9467	83.9565	84.8476	85.6631	86.4807	87.2396	87.9801
792	Türkiye	74.4528	77.4162	79.1819	80.6772	81.9592	83.1401	84.2054	85.2073	86.1767	87.0922	87.9295	88.7449	89.5209	90.2794	91.0827	91.8174
784	United Arab Emirates	80.919	84.1685	85.5613	86.721	87.7426	88.603	89.3904	90.1521	90.9313	91.6306	92.3242	93.0331	93.7056	94.3904	95.0687	95.7037
887	Yemen	66.1623	69.7135	71.0947	72.2311	73.3229	74.3808	75.3884	76.3933	77.3982	78.4667	79.517	80.5554	81.6661	82.7253	83.6279	84.4175
908	Europe	75.0946	77.0545	78.1979	79.2747	80.3297	81.2648	82.1052	82.9365	83.7118	84.4701	85.2671	85.9516	86.6202	87.2823	87.9263	88.5781
923	Eastern Europe	69.1278	71.6071	73.0263	74.4237	75.6891	76.9064	77.995	78.996	79.9685	80.8281	81.6875	82.512	83.3012	84.0943	84.9982	85.8058
112	Belarus	69.1322	72.0371	73.8342	75.4303	76.9265	78.306	79.533	80.6091	81.6489	82.6222	83.5693	84.4311	85.3432	86.1661	87.0226	87.8034
100	Bulgaria	71.1035	74.5311	76.1456	77.5827	78.9868	80.2595	81.4265	82.4564	83.4476	84.3581	85.2582	86.1616	87.0212	87.856	88.6224	89.3598
203	Czechia	76.3899	79.1767	80.7391	82.0427	83.1787	84.2371	85.2244	86.156	87.1392	88.0512	88.8776	89.6777	90.4817	91.2772	91.9978	92.7456
348	Hungary	73.1177	76.0701	77.7231	79.245	80.5884	81.8072	82.8973	83.9203	84.9309	85.8564	86.8079	87.6525	88.5092	89.3813	90.1598	90.9673
616	Poland	74.1607	77.2472	79.0324	80.4219	81.6653	82.7667	83.8186	84.7539	85.6894	86.614	87.5397	88.4267	89.2073	90.0154	90.8005	91.5973
498	Republic of Moldova	66.4486	68.9715	70.5518	71.9467	73.2931	74.5855	75.9165	77.271	78.5317	79.6691	80.7592	81.7508	82.6848	83.5719	84.4078	85.2482
642	Romania	71.7013	74.7355	76.3855	77.8661	79.2491	80.4953	81.6534	82.731	83.7366	84.6882	85.583	86.4873	87.364	88.2142	89.0785	89.8197
643	Russian Federation	67.0626	69.835	71.6617	73.379	74.9867	76.4376	77.7065	78.9053	80.0165	81.0023	81.9758	82.8865	83.7236	84.6221	85.4684	86.3166
703	Slovakia	74.1303	77.3496	79.0538	80.5392	81.8007	82.9092	83.9696	84.9593	85.9205	86.8629	87.6713	88.5409	89.3112	90.1744	90.9752	91.6958
804	Ukraine	68.2618	72.5699	74.1966	75.7229	77.1761	78.465	79.6221	80.6406	81.6612	82.6107	83.5485	84.489	85.3887	86.2373	87.0258	87.8436
924	Northern Europe	79.2065	80.9775	82.2532	83.3362	84.3122	85.2805	86.174	87.0099	87.7783	88.5186	89.2527	90.009	90.7681	91.467	92.2178	92.7807
208	Denmark	80.0605	82.16	83.6163	84.8596	85.9568	86.9799	87.904	88.7962	89.5899	90.4462	91.2266	91.9846	92.6919	93.389	94.0531	94.7674
233	Estonia	74.5279	77.2824	78.9705	80.3662	81.5952	82.6683	83.7159	84.7683	85.7045	86.6353	87.5247	88.384	89.216	90.0253	90.834	91.6763
234	Faroe Islands	78.2118	80.6004	82.3035	83.6897	84.9106	86.0406	87.1249	88.1432	89.0664	89.928	90.7637	91.5599	92.321	93.1237	93.8661	94.5683
246	Finland	79.294	81.3542	82.8175	84.0306	85.1549	86.1726	87.1084	88.0577	88.9883	89.886	90.7	91.4994	92.2929	93.0268	93.7098	94.5336
831	Guernsey	81.0601	83.0991	84.4353	85.574	86.6201	87.5335	88.3946	89.2404	90.0911	90.8818	91.6588	92.4112	93.168	93.9088	94.6504	95.3297
352	Iceland	81.2251	83.6001	85.0251	86.1134	86.9967	87.794	88.6017	89.4093	90.2307	91.0983	91.8931	92.6574	93.4612	94.2078	94.9993	95.7457
372	Ireland	80.5544	82.5762	84.0274	85.2433	86.3452	87.3203	88.309	89.2886	90.1429	90.9195	91.7158	92.4371	93.1208	93.8511	94.6292	95.3808
833	Isle of Man	79.04	81.093	82.6184	83.8666	84.9868	86.0402	86.9672	87.8962	88.7469	89.5766	90.3721	91.1437	91.8582	92.5867	93.3287	94.0205
832	Jersey	77.8687	79.9101	81.4918	82.8683	84.0584	85.1296	86.157	87.1113	88.0258	88.8768	89.7793	90.5927	91.3414	92.081	92.8425	93.4925
428	Latvia	70.8516	73.9138	75.6141	77.1443	78.5456	79.7639	80.8719	81.9065	82.8964	83.7596	84.6636	85.5357	86.3813	87.192	88.0275	88.787
440	Lithuania	70.8374	73.5963	75.2952	76.8467	78.2432	79.4805	80.6085	81.6932	82.664	83.5969	84.5821	85.4963	86.3878	87.219	88.0441	88.8027
578	Norway	81.8159	83.8372	85.2268	86.374	87.4057	88.3483	89.2111	90.0601	90.8765	91.6126	92.4082	93.126	93.8306	94.5201	95.2437	95.915
752	Sweden	81.587	83.528	84.9335	86.1448	87.2189	88.189	89.0712	89.9126	90.7412	91.5585	92.3213	93.0584	93.8346	94.5576	95.2595	95.9541
826	United Kingdom	79.3801	81.5153	83.0322	84.257	85.3504	86.3742	87.3331	88.2337	89.0791	89.8703	90.6837	91.481	92.2049	92.8996	93.5739	94.2905
925	Southern Europe	79.4434	81.5732	82.7508	83.7587	84.7273	85.5745	86.4104	87.2312	88.0027	88.6516	89.3307	90.0615	90.8514	91.53	92.1215	92.7037
8	Albania	77.0071	80.092	81.7881	83.2364	84.5026	85.6702	86.6765	87.5775	88.4833	89.36	90.0888	90.8397	91.5988	92.336	93.0363	93.6875
20	Andorra	81.4478	84.2181	85.5376	86.6799	87.7363	88.7389	89.6765	90.5397	91.3884	92.1967	92.9804	93.723	94.4738	95.2183	95.9402	96.5984
70	Bosnia and Herzegovina	73.6064	76.8966	78.6969	80.3083	81.6285	82.7846	83.8545	84.9151	85.9105	86.8464	87.7296	88.5748	89.4018	90.2629	91.0992	91.7769
191	Croatia	75.2439	77.7425	79.4317	80.8687	82.1345	83.3147	84.3253	85.2951	86.2322	87.0683	87.8904	88.7401	89.5779	90.4358	91.2081	92.0109
292	Gibraltar	80.5701	82.9879	84.3189	85.422	86.4678	87.4478	88.3506	89.2859	90.1838	90.9886	91.7627	92.564	93.3484	94.1888	94.939	95.629
300	Greece	78.7597	81.5222	83.0672	84.3409	85.4608	86.529	87.4532	88.3631	89.358	90.2329	91.073	91.8811	92.5889	93.3498	94.0573	94.7832
380	Italy	81.0959	83.6654	85.0614	86.2398	87.2818	88.3003	89.2492	90.1544	90.9868	91.8264	92.6192	93.3566	94.1744	94.9077	95.6277	96.3456
412	Kosovo (under UNSC res. 1244)	75.0478	78.2493	79.9286	81.4385	82.8113	84.0195	85.0996	86.0989	87.0259	87.8561	88.6662	89.439	90.1419	90.8251	91.485	92.1828
470	Malta	81.0665	83.3989	84.7872	85.9564	87.0373	88.0457	88.9983	89.8817	90.7744	91.5479	92.3471	93.1262	93.8633	94.6032	95.3377	96.0157
499	Montenegro	73.0815	76.0895	77.7802	79.2402	80.6633	81.9134	83.0578	84.0805	85.0515	85.9777	86.867	87.6811	88.4748	89.2677	90.0549	90.7637
807	North Macedonia	74.0447	77.3739	78.931	80.2885	81.6154	82.8345	83.928	84.9337	85.8401	86.6832	87.4974	88.2941	89.0166	89.7687	90.4871	91.2018
620	Portugal	79.1581	81.6515	83.1046	84.3092	85.4075	86.4042	87.3899	88.3719	89.2664	90.0884	90.9447	91.8112	92.5547	93.3034	94.0631	94.8302
674	San Marino	83.6205	86.2393	87.516	88.569	89.5587	90.4424	91.3149	92.1493	92.9151	93.6504	94.3961	95.0953	95.8378	96.5263	97.2499	97.9396
688	Serbia	72.5287	75.8842	77.6257	79.1871	80.6211	81.8406	82.9993	84.062	85.0296	85.9943	86.932	87.8051	88.7101	89.5632	90.368	91.1361
705	Slovenia	78.6434	81.1181	82.614	83.8679	84.9726	85.9862	86.9965	87.9837	88.8672	89.7054	90.5514	91.3474	92.1535	92.9412	93.6489	94.3833
724	Spain	80.6496	83.0615	84.4265	85.6134	86.6807	87.6592	88.6074	89.5552	90.3951	91.2175	92.0494	92.8561	93.6246	94.3804	95.1577	95.8825
926	Western Europe	79.5658	81.3229	82.4909	83.5303	84.4882	85.2812	86.095	86.8274	87.5578	88.3114	88.9294	89.5858	90.2733	90.9947	91.6755	92.4094
40	Austria	79.5892	81.7873	83.2845	84.523	85.6413	86.7045	87.7063	88.6149	89.5103	90.3634	91.1956	91.9703	92.7716	93.5218	94.2182	94.9839
56	Belgium	79.6777	82.035	83.5066	84.7201	85.8429	86.8368	87.7949	88.7859	89.6601	90.4227	91.2215	92.0131	92.7565	93.4489	94.1987	94.9567
250	France	80.1457	82.4728	83.7726	84.9472	85.9305	86.882	87.8414	88.7697	89.6657	90.4954	91.3016	92.0588	92.8101	93.5891	94.3714	95.1411
276	Germany	78.9878	81.2012	82.6918	83.9164	85.0352	86.0654	87.0159	87.9668	88.8776	89.7338	90.4908	91.2609	92.0221	92.7448	93.4453	94.1553
438	Liechtenstein	81.6702	83.9831	85.4196	86.569	87.6373	88.6116	89.5464	90.4878	91.3644	92.1464	92.8918	93.678	94.4309	95.1363	95.8705	96.5426
442	Luxembourg	80.7228	82.6921	84.0885	85.3176	86.4148	87.4133	88.3341	89.1939	89.9809	90.7132	91.4123	92.1499	92.8379	93.6172	94.2762	94.974
492	Monaco	84.333	86.4388	87.6909	88.7551	89.7801	90.6922	91.5901	92.4298	93.2246	94.0194	94.8178	95.573	96.2762	96.9896	97.6246	98.2657
528	Netherlands	80.519	82.6691	84.1152	85.3736	86.4315	87.4128	88.3586	89.2496	90.0515	90.8759	91.6606	92.3968	93.1102	93.7743	94.4573	95.1962
756	Switzerland	81.9293	84.0852	85.4396	86.5565	87.6122	88.6064	89.5184	90.391	91.2074	91.9726	92.7131	93.4748	94.2309	94.9735	95.7393	96.4368
5505	Americas	73.4592	75.9729	77.1642	78.2865	79.2849	80.2397	81.0913	81.9538	82.7874	83.6095	84.3781	85.1218	85.822	86.5235	87.2264	87.9199
904	Latin America and the Caribbean	71.6165	74.2467	75.4235	76.5896	77.7167	78.7344	79.6768	80.5934	81.4247	82.2257	83.0383	83.7706	84.4841	85.1614	85.8247	86.5225
915	Caribbean	69.3367	71.5605	72.7016	73.7011	74.6391	75.5009	76.2862	77.0447	77.8008	78.5011	79.3167	80.1883	81.0348	81.8212	82.521	83.2806
660	Anguilla	76.0478	78.3839	80.07	81.4593	82.6568	83.766	84.7864	85.7142	86.6184	87.5577	88.4712	89.4086	90.2845	91.0256	91.7352	92.5383
28	Antigua and Barbuda	74.7671	76.9169	78.5778	80.0705	81.45	82.6966	83.7554	84.7821	85.7732	86.7158	87.5798	88.4263	89.2477	90.0491	90.799	91.5422
533	Aruba	73.2738	75.9816	77.5157	78.8336	80.1443	81.4108	82.5803	83.6107	84.5707	85.4967	86.3382	87.192	88.0122	88.7869	89.5255	90.2324
44	Bahamas	70.3893	73.2423	74.8541	76.2645	77.6312	78.94	80.2189	81.3589	82.3983	83.3608	84.266	85.163	86.0822	86.8906	87.7261	88.4947
52	Barbados	74.0526	75.9302	77.5086	78.9052	80.2678	81.552	82.7203	83.7611	84.7587	85.6714	86.5388	87.4178	88.2031	89.045	89.7864	90.4505
535	Bonaire, Sint Eustatius and Saba	75.7674	77.5242	79.0909	80.5096	81.8222	82.9775	84.0442	85.0225	85.9489	86.8063	87.6355	88.3935	89.1571	89.8433	90.5456	91.2643
92	British Virgin Islands	74.4042	76.8547	78.4939	79.9453	81.2641	82.5166	83.5919	84.6253	85.5847	86.5262	87.42	88.2429	89.0715	89.814	90.506	91.2785
136	Cayman Islands	77.9002	80.3178	81.9778	83.3392	84.5716	85.6422	86.6988	87.6585	88.5666	89.4288	90.3137	91.1131	91.8608	92.6033	93.3597	94.1083
192	Cuba	74.8234	78.0303	79.704	81.2216	82.5256	83.656	84.6921	85.7305	86.6404	87.5461	88.3602	89.1714	89.9958	90.7933	91.5105	92.2236
531	Curaçao	72.5495	74.8735	76.6268	78.1457	79.5182	80.7298	81.8576	82.8777	83.845	84.7638	85.6815	86.5754	87.3587	88.1926	89.0677	89.8627
212	Dominica	68.3479	70.6237	72.1543	73.5025	74.7463	75.9641	77.1885	78.4314	79.6156	80.7961	81.8877	82.8329	83.7545	84.6098	85.4389	86.1954
214	Dominican Republic	70.2885	72.8238	74.3442	75.7038	76.9678	78.245	79.4642	80.6324	81.7344	82.6945	83.6199	84.4179	85.2522	86.0409	86.7695	87.4405
308	Grenada	72.556	74.6735	76.2223	77.6627	79.0626	80.3642	81.5172	82.5665	83.5528	84.5291	85.3656	86.2664	87.0471	87.797	88.583	89.3502
312	Guadeloupe	77.037	80.2321	81.6031	82.7985	83.8599	84.8633	85.7804	86.6519	87.4978	88.4067	89.3052	90.0912	90.804	91.5664	92.3547	93.1224
332	Haiti	61.455	64.4854	66.1669	67.4776	68.6922	69.8119	70.8703	71.9845	73.0185	74.0809	75.1653	76.2662	77.3381	78.5533	79.7124	80.8032
388	Jamaica	68.8647	71.2395	72.6498	73.867	75.06	76.2155	77.3943	78.5395	79.6743	80.823	81.8531	82.7828	83.7013	84.5259	85.3493	86.113
474	Martinique	77.9801	81.3173	82.6595	83.8511	84.8819	85.833	86.7468	87.6377	88.533	89.4151	90.1962	90.9346	91.7043	92.5269	93.2529	93.937
500	Montserrat	74.285	76.4202	77.9871	79.4224	80.7217	81.9821	83.1331	84.1576	85.1299	86.0392	86.8728	87.6423	88.4593	89.194	89.9038	90.628
630	Puerto Rico	77.0987	80.2224	81.6747	82.8769	84.0053	85.0129	85.9966	86.9297	87.8426	88.6962	89.5197	90.3653	91.148	91.9858	92.7563	93.4522
652	Saint Barthélemy	81.544	83.4713	84.6667	85.7559	86.7434	87.6829	88.5358	89.3763	90.2257	91.0106	91.7876	92.5583	93.2979	94.1162	94.7918	95.4855
659	Saint Kitts and Nevis	67.902	70.915	72.4552	73.8169	75.1527	76.4215	77.7181	78.96	80.1861	81.2748	82.2436	83.1951	84.0052	84.8892	85.7462	86.5224
662	Saint Lucia	68.8785	71.6566	73.2278	74.6688	76.0055	77.3185	78.6242	79.8494	81.022	82.0255	82.9707	83.8852	84.7262	85.5281	86.385	87.1335
663	Saint Martin (French part)	77.0093	79.0516	80.6487	81.9507	83.1306	84.1996	85.201	86.1471	87.0374	87.9077	88.7833	89.6053	90.4625	91.3127	92.1022	92.8651
670	Saint Vincent and the Grenadines	68.2177	70.9706	72.4058	73.6998	74.904	76.0639	77.2696	78.4526	79.5587	80.7468	81.767	82.7237	83.6301	84.4821	85.2964	86.0624
534	Sint Maarten (Dutch part)	73.491	75.9878	77.5436	78.9721	80.2586	81.4986	82.6049	83.634	84.5934	85.5052	86.394	87.1876	88.036	88.8361	89.6238	90.3158
780	Trinidad and Tobago	70.0881	72.6923	74.2524	75.5995	76.8987	78.162	79.4271	80.6548	81.7634	82.8151	83.7169	84.5966	85.4666	86.2879	87.1706	87.9065
796	Turks and Caicos Islands	75.9064	78.1395	79.7891	81.3171	82.6335	83.8015	84.903	85.8971	86.8121	87.7091	88.4977	89.2888	90.0604	90.8293	91.5982	92.3232
850	United States Virgin Islands	70.5288	72.9827	74.8622	76.4953	77.8884	79.1225	80.2807	81.3052	82.3438	83.2843	84.2386	85.1349	86.0145	86.9084	87.8079	88.6497
916	Central America	70.6451	74.1714	75.5878	76.9048	78.0947	79.2487	80.3349	81.3719	82.285	83.2242	84.1394	84.9316	85.7396	86.5444	87.2675	87.972
84	Belize	70.3455	73.3717	74.9868	76.3935	77.7516	79.1049	80.3733	81.6368	82.7874	83.8024	84.7506	85.6863	86.5908	87.4191	88.2446	89.0204
188	Costa Rica	77.3562	80.5373	82.1631	83.5519	84.7137	85.8023	86.8091	87.8191	88.7485	89.6237	90.4892	91.2767	92.107	92.8728	93.6106	94.3279
222	El Salvador	67.205	70.2807	72.1979	73.9476	75.5534	77.1219	78.5807	79.9163	81.07	82.1456	83.1487	84.1235	85.0797	85.9753	86.8288	87.6811
320	Guatemala	68.9748	72.7095	74.2197	75.5158	76.7708	78.0055	79.2189	80.3852	81.5532	82.6511	83.6438	84.5369	85.3669	86.1176	86.8403	87.5277
340	Honduras	69.8131	72.8089	74.4397	75.8916	77.302	78.5975	79.8989	81.1463	82.3334	83.4197	84.3732	85.2847	86.1998	86.9885	87.7426	88.4977
484	Mexico	70.6185	74.741	76.4809	78.0178	79.4592	80.7985	82.1305	83.2834	84.2746	85.2734	86.1829	87.0985	87.8802	88.6344	89.4164	90.1307
558	Nicaragua	71.1769	74.7539	76.4154	77.8228	79.2438	80.6081	81.8837	82.9976	84.0327	85.0267	85.8639	86.6782	87.4123	88.1455	88.8301	89.5802
591	Panama	76.0298	79.0593	80.7917	82.1786	83.3837	84.5018	85.5412	86.5379	87.4728	88.3856	89.2385	90.0703	90.8483	91.635	92.4735	93.2735
931	South America	72.2919	74.9617	76.2698	77.4788	78.6546	79.8126	80.8372	81.7412	82.5482	83.3555	84.158	84.8701	85.5275	86.31	87.0058	87.7087
32	Argentina	73.8975	77.0548	78.6423	80.0609	81.3749	82.5629	83.5925	84.5598	85.4882	86.411	87.3307	88.2108	88.9742	89.7809	90.5263	91.2086
68	Bolivia (Plurinational State of)	64.0957	68.6724	70.1544	71.4355	72.6229	73.758	74.9079	76.1091	77.2866	78.4722	79.5644	80.6954	81.7994	82.8145	83.7587	84.6417
76	Brazil	72.1833	75.1765	76.8843	78.3948	79.8122	81.146	82.2661	83.2979	84.293	85.207	86.08	86.9065	87.6065	88.411	89.2084	89.9497
152	Chile	78.2458	81.5466	83.192	84.5306	85.6877	86.7849	87.8054	88.7426	89.6703	90.4593	91.2138	91.9286	92.6549	93.4482	94.1638	94.8319
170	Colombia	73.5596	77.4207	79.1888	80.7353	82.0988	83.3151	84.4588	85.4686	86.4183	87.3813	88.2726	89.0822	89.9053	90.6566	91.4291	92.1343
218	Ecuador	73.2387	77.0661	78.8091	80.3267	81.6738	82.8757	83.9499	84.9516	85.9063	86.7862	87.5931	88.3939	89.1154	89.8547	90.598	91.2774
238	Falkland Islands (Malvinas)	77.3402	79.5823	81.3166	82.7986	84.0718	85.1869	86.21	87.1	87.9804	88.8297	89.609	90.3742	91.0904	91.8307	92.4769	93.1308
254	French Guiana	73.8663	76.5548	78.2734	79.8146	81.2124	82.4103	83.5096	84.566	85.5379	86.519	87.368	88.1988	88.996	89.7827	90.5525	91.3114
328	Guyana	65.4585	68.8623	70.3255	71.6015	72.7751	73.9332	75.1854	76.3583	77.5612	78.7548	79.8775	80.9362	81.9005	82.8002	83.6823	84.49
600	Paraguay	69.707	73.183	74.6512	75.9833	77.241	78.4967	79.7326	80.8508	81.9494	82.9572	83.8708	84.7019	85.4871	86.3032	87.1146	87.9159
604	Peru	73.8738	77.8634	79.5914	81.0945	82.425	83.6454	84.7731	85.7538	86.6649	87.4619	88.2359	88.9781	89.721	90.3638	91.0794	91.7453
740	Suriname	69.6679	72.8012	74.3985	75.8145	77.1352	78.4768	79.7523	80.9587	82.1073	83.135	84.1075	84.9941	85.8347	86.6397	87.4384	88.2073
858	Uruguay	73.6463	76.5302	78.2404	79.7173	80.9354	82.0348	83.0753	84.1134	85.0877	86.0213	86.8942	87.7564	88.6244	89.4561	90.2552	91.0402
862	Venezuela (Bolivarian Republic of)	68.8489	71.1749	72.8217	74.267	75.6404	76.9641	78.3066	79.6015	80.7971	81.8387	82.7821	83.7008	84.5753	85.4795	86.3417	87.0875
905	Northern America	76.3545	79.2512	80.8347	82.0531	83.175	84.1452	85.0661	86.0066	86.9443	87.8162	88.6804	89.3599	90.2315	91.0574	91.7562	92.4102
60	Bermuda	78.8559	80.9696	82.3752	83.5627	84.6153	85.633	86.569	87.5079	88.4001	89.263	90.0914	90.9638	91.7365	92.5676	93.2936	94.07
124	Canada	80.0839	82.5955	84.0668	85.2942	86.3285	87.3257	88.2477	89.2132	90.0524	90.8133	91.6009	92.3326	93.1017	93.88	94.6097	95.2877
304	Greenland	68.464	70.3433	71.6355	72.7812	73.8328	74.9138	75.9683	76.9896	78.012	79.1543	80.2658	81.2892	82.2853	83.1847	84.081	84.8669
666	Saint Pierre and Miquelon	73.0175	75.0755	76.7868	78.3004	79.5929	80.7233	81.7863	82.8444	83.804	84.7133	85.6173	86.4672	87.2965	88.1484	88.9397	89.6743
840	United States of America	75.9711	79.0854	80.661	82.0186	83.1962	84.2716	85.3014	86.2849	87.2004	88.0283	88.8844	89.708	90.4865	91.2387	91.9326	92.634
909	Oceania	76.6871	78.5959	79.6312	80.4766	81.1787	81.9496	82.6086	83.2732	83.8961	84.4857	85.0916	85.7718	86.4675	87.0383	87.7112	88.3752
927	Australia/New Zealand	81.7126	83.7113	85.0363	86.1414	87.0979	88.0724	88.8837	89.6752	90.4339	91.2353	91.8882	92.6128	93.3585	94.0063	94.6588	95.4235
36	Australia	81.9886	84.1622	85.51	86.6377	87.6316	88.5608	89.4674	90.3135	91.1488	91.9557	92.7181	93.5377	94.2853	94.9294	95.6522	96.4627
554	New Zealand	80.5828	82.5398	83.9626	85.1368	86.2026	87.191	88.1024	88.8928	89.7083	90.5057	91.2518	92.0167	92.7329	93.4681	94.1653	94.8304
928	Melanesia	64.2661	66.6962	67.9997	69.0952	69.9229	70.6741	71.57	72.46	73.3085	74.433	75.3896	76.3831	77.3376	78.2616	79.2544	80.1048
242	Fiji	65.1603	67.8487	69.2377	70.3314	71.3114	72.2459	73.2474	74.1932	75.0717	75.9843	77.018	78.0821	79.1237	80.1753	81.1996	82.2314
540	New Caledonia	75.7741	78.5968	80.2325	81.6664	82.8852	84.0063	85.0369	85.97	86.9068	87.7398	88.5538	89.3427	90.0312	90.7623	91.489	92.1826
598	Papua New Guinea	63.4774	66.1996	67.5877	68.6971	69.6501	70.6138	71.6041	72.525	73.4516	74.4477	75.4715	76.4828	77.4308	78.5548	79.5416	80.5468
90	Solomon Islands	69.1325	71.5925	72.9691	74.1077	75.137	76.128	77.11	78.2227	79.261	80.3474	81.4427	82.4911	83.4635	84.363	85.1791	85.8684
548	Vanuatu	69.3814	71.8977	73.4332	74.7722	75.9978	77.2151	78.4184	79.6864	80.8511	81.9649	83.0279	84.0424	84.9539	85.8142	86.5801	87.3832
954	Micronesia	68.3834	70.3053	71.4519	72.4168	73.2737	73.9958	74.7457	75.4193	76.129	76.8237	77.5916	78.4535	79.3794	80.3022	81.0771	81.8836
316	Guam	73.2278	75.874	77.6678	79.1959	80.5282	81.683	82.7786	83.8291	84.7793	85.7135	86.6388	87.5461	88.4122	89.2604	90.0334	90.8672
296	Kiribati	64.3526	67.0423	68.4279	69.5814	70.5332	71.4362	72.2425	73.1068	73.9206	74.808	75.6972	76.6458	77.638	78.6155	79.5986	80.583
584	Marshall Islands	64.7445	67.2763	68.6091	69.6806	70.6708	71.6029	72.5497	73.489	74.4302	75.421	76.3512	77.3809	78.4539	79.5369	80.6198	81.5697
583	Micronesia (Fed. States of)	63.5784	65.9825	67.425	68.6539	69.791	70.9121	72.0112	73.1642	74.3304	75.4758	76.6156	77.7441	78.9202	80.0283	80.9645	81.8413
520	Nauru	60.3644	62.9546	64.443	65.6229	66.6488	67.5949	68.5031	69.2765	70.0316	70.8638	71.6652	72.5157	73.3756	74.3257	75.2424	76.1638
580	Northern Mariana Islands	77.1624	79.3615	80.8677	82.2037	83.4482	84.519	85.5295	86.4844	87.2918	88.1051	88.8679	89.6516	90.3644	91.0577	91.8136	92.5003
585	Palau	67.1337	69.4366	70.7739	71.8746	72.9177	73.9696	75.0003	76.0081	77.0394	78.073	79.1674	80.2617	81.3147	82.2707	83.1578	84.0426
957	Polynesia	74.5292	76.6536	77.9746	79.0798	80.0795	81.0832	82.0996	83.0871	83.8637	84.5194	85.1596	85.7077	86.0029	86.4279	86.8432	87.2565
16	American Samoa	70.439	72.5178	73.9772	75.2479	76.4334	77.5965	78.8153	79.9526	81.0557	82.0664	82.9957	83.9115	84.8147	85.6228	86.4317	87.2344
184	Cook Islands	71.9338	74.2802	76.0205	77.6139	79.0848	80.4777	81.6957	82.7921	83.806	84.7654	85.697	86.521	87.3139	88.1196	88.8633	89.6496
258	French Polynesia	80.9457	83.8137	85.0651	86.1332	87.1381	88.1116	88.9756	89.9025	90.7106	91.461	92.2269	92.9581	93.7465	94.4972	95.1212	95.8083
570	Niue	67.5899	69.7574	71.1329	72.3446	73.5009	74.5935	75.6603	76.8246	77.8934	79.0307	80.1252	81.1776	82.1766	83.1106	83.969	84.779
882	Samoa	69.9663	72.1493	73.5335	74.6415	75.7794	76.8765	77.9737	79.0835	80.1357	81.2345	82.3166	83.3209	84.2587	85.088	85.8946	86.5781
772	Tokelau	75.1615	77.1705	78.6406	79.9342	81.1321	82.2878	83.3693	84.3527	85.23	86.0568	86.855	87.6303	88.2801	89.0131	89.7001	90.3681
776	Tonga	69.4729	71.6916	73.1941	74.5628	75.8785	77.1874	78.4874	79.6914	80.8262	81.841	82.808	83.7296	84.5708	85.42	86.2501	87.0381
798	Tuvalu	63.7461	66.3451	67.8649	69.0973	70.2273	71.3844	72.5174	73.5927	74.7563	75.8691	77.0431	78.2645	79.4277	80.5329	81.5482	82.468
876	Wallis and Futuna Islands	77.65	79.8632	81.2952	82.5581	83.7591	84.8632	85.7867	86.5592	87.2431	87.9146	88.5719	89.2424	89.9031	90.4868	91.125	91.7066
