country_code	country	2020-2025	2025-2030	2030-2035	2035-2040	2040-2045	2045-2050	2050-2055	2055-2060	2060-2065	2065-2070	2070-2075	2075-2080	2080-2085	2085-2090	2090-2095	2095-2100
900	World	69.7998	70.5805	71.0398	71.5324	72.0357	72.4596	72.9118	73.3483	73.8613	74.3094	74.6938	75.091	75.5081	75.9006	76.2674	76.6153
1834	Sub-Saharan Africa	59.2739	59.9242	60.3476	60.7883	61.3385	61.7976	62.2642	62.7412	63.2925	63.7804	64.2581	64.7723	65.2158	65.7488	66.3493	66.7825
1833	Northern Africa and Western Asia	70.754	71.4358	71.8024	72.3004	72.8204	73.309	73.7991	74.3345	74.6959	75.1986	75.7486	76.1931	76.6065	77.06	77.396	77.8933
1831	Central and Southern Asia	68.7026	68.9966	69.1362	69.3914	69.7129	70.0597	70.6268	71.112	71.5771	72.1446	72.6365	73.0715	73.5365	74.1656	74.6019	75.2633
1832	Eastern and South-Eastern Asia	73.5462	73.3886	73.6178	73.9569	74.3121	74.8525	75.3385	75.9789	76.6453	77.1615	77.6752	78.1528	78.5751	78.8308	79.3673	79.7684
1830	Latin America and the Caribbean	71.3399	72.5969	72.9759	73.5618	74.0795	74.688	75.3806	76.1242	76.7984	77.4545	78.1154	78.8121	79.3368	79.8817	80.438	81.0466
1835	Oceania (excluding Australia and New Zealand)	64.2981	63.4635	62.8294	62.4526	62.1637	61.8496	61.7577	61.8065	61.8244	61.9731	62.1144	62.2418	62.3839	62.4545	62.5542	62.4886
1836	Australia/New Zealand	81.2511	80.9413	80.9306	81.028	81.101	81.3328	81.5963	81.6842	81.8655	82.0274	82.075	82.3214	82.6997	82.9721	83.0648	83.2583
1829	Europe and Northern America	75.1917	76.1456	76.6137	77.1802	77.8226	78.4178	79.0224	79.6506	80.1715	80.7399	81.2551	81.7303	82.2665	82.8653	83.4037	83.8207
5502	Europe, Northern America, Australia, and New Zealand	75.3407	76.2804	76.7361	77.3082	77.9433	78.5644	79.1829	79.7876	80.3391	80.9222	81.4844	81.9719	82.491	83.0836	83.5973	83.9771
901	More developed regions	75.9432	76.8262	77.2844	77.8673	78.4607	79.1098	79.7123	80.293	80.8481	81.3762	81.9643	82.4474	83.0169	83.5436	84.0122	84.456
902	Less developed regions	68.5785	69.2943	69.7145	70.2133	70.7031	71.1266	71.6155	72.1302	72.6327	73.0736	73.4726	73.8374	74.2468	74.6666	75.01	75.4092
941	Least developed countries	63.1238	64.0999	64.5949	65.0706	65.5777	66.0689	66.4743	66.9162	67.4	67.92	68.3718	68.8543	69.2544	69.6981	70.0868	70.4408
934	Less developed regions, excluding least developed countries	69.833	70.3677	70.7433	71.2051	71.6828	72.0973	72.5236	72.9931	73.5204	73.9735	74.3699	74.7713	75.2159	75.6427	76.0403	76.4619
948	Less developed regions, excluding China	67.0022	67.9207	68.31	68.8235	69.3202	69.7398	70.2379	70.668	71.2113	71.7014	72.0805	72.5329	73.0276	73.5513	73.9877	74.3709
1636	Land-locked Developing Countries (LLDC)	62.6886	63.7922	64.2256	64.7333	65.226	65.7235	66.1882	66.6988	67.217	67.8491	68.3572	68.9394	69.3914	69.7584	70.3311	70.7695
2087	LLDC: Africa	60.7479	61.6376	62.0587	62.4673	62.8611	63.3069	63.7579	64.2448	64.7894	65.3759	65.888	66.3736	66.8311	67.2726	67.7604	68.1994
2088	LLDC: Asia	66.7242	67.3719	67.5667	67.9584	68.3003	68.745	69.0908	69.4665	69.9561	70.4051	70.9912	71.4074	71.659	71.8584	72.3125	72.8725
2089	LLDC: Europe	68.6183	68.2052	68.0338	68.1115	68.3538	68.669	68.6756	68.9517	69.1748	69.656	70.0498	70.3937	70.6862	70.6538	70.9165	71.4049
2090	LLDC: Latin America	65.3072	66.2271	65.8079	65.6835	65.6885	65.7877	66.0342	66.4325	66.6948	67.0084	67.3292	67.6203	68.0993	68.5918	68.8807	69.3629
1637	Small Island Developing States (SIDS)	68.8352	69.2943	69.4429	69.6551	69.8473	70.0535	70.1379	70.408	70.6346	70.7568	70.9072	71.1686	71.1665	71.2566	71.6074	71.7809
2091	SIDS Caribbean	68.9077	69.1147	69.1065	69.1966	69.3901	69.538	69.6355	69.6804	69.9134	70.1176	70.3751	70.6181	70.9117	71.0551	71.3365	71.6453
2092	SIDS Pacific	64.387	63.6533	63.1425	62.8718	62.6786	62.4776	62.492	62.5857	62.612	62.687	62.8182	62.9056	63.2418	63.4524	63.5095	63.5824
2093	SIDS Atlantic, Indian Ocean and South China Sea (AIS)	72.9982	72.9568	72.8688	72.7071	72.3299	72.1358	72.2342	72.2092	72.2539	72.0753	71.7234	71.6513	71.3397	71.1996	71.1367	71.3578
5503	High-and-upper-middle-income countries	74.2546	74.9018	75.3994	75.9862	76.5246	77.0894	77.7613	78.4133	79.1255	79.7928	80.4548	81.0822	81.6012	82.1465	82.633	83.1861
5504	Low-and-Lower-middle-income countries	65.6216	66.3374	66.6071	67.0551	67.516	67.8835	68.3372	68.7728	69.3316	69.8087	70.2475	70.646	71.1283	71.6842	72.1296	72.5261
1503	High-income countries	78.0819	78.8502	79.2849	79.7616	80.2659	80.8865	81.4307	81.9278	82.4131	82.9379	83.446	83.9489	84.3432	84.8444	85.3024	85.8284
1859	Low-and-middle-income countries	68.1712	68.9141	69.3253	69.8395	70.34	70.7609	71.2406	71.7133	72.2291	72.6388	73.0342	73.4113	73.8413	74.2487	74.6194	75.0165
1517	Middle-income countries	69.1275	69.7942	70.2329	70.7322	71.2648	71.7328	72.1998	72.7015	73.2606	73.7405	74.18	74.5273	74.9864	75.4931	75.8885	76.2704
1502	Upper-middle-income countries	72.3017	72.7313	73.1923	73.6919	74.275	74.8635	75.5728	76.2552	76.9937	77.6321	78.2395	78.8427	79.4082	79.8346	80.2763	80.7008
1501	Lower-middle-income countries	66.6263	67.1423	67.3415	67.7553	68.1781	68.51	68.9655	69.2962	69.891	70.3462	70.7903	71.1823	71.6251	72.2895	72.6681	73.2607
1500	Low-income countries	61.5725	62.4552	62.8258	63.2894	63.7626	64.2127	64.5274	64.8721	65.353	65.8499	66.2965	66.7782	67.006	67.3333	67.7082	68.135
1518	No income group available	68.204	66.8031	66.3945	66.3536	66.3059	66.6181	67.0402	67.4428	67.8888	68.339	68.7879	69.168	69.5441	70.1308	70.5789	71.1971
903	Africa	61.006	61.672	62.1249	62.5634	63.0941	63.5592	63.9267	64.3741	64.8721	65.3641	65.8195	66.3074	66.7414	67.3045	67.8317	68.3259
910	Eastern Africa	62.1004	62.6777	63.1612	63.67	64.1304	64.6459	65.0331	65.5291	66.0939	66.5944	67.1146	67.6673	68.1498	68.6414	69.1709	69.6743
108	Burundi	60.5884	59.033	58.1827	57.7762	57.4598	57.1806	57.0708	57.1142	57.0249	57.1193	57.1408	57.2342	57.3449	57.3732	57.3128	57.4022
174	Comoros	63.9037	62.6615	62.3499	62.3305	62.4306	62.6212	62.7892	63.0675	63.2972	63.5716	63.6898	64.0864	64.3247	64.6563	65.0361	65.3041
262	Djibouti	62.3895	61.2908	60.6959	60.5099	60.4265	60.3166	60.318	60.374	60.5381	60.72	61.0032	61.199	61.3601	61.5813	61.8099	62.129
232	Eritrea	65.4271	64.4764	64.0603	64.084	64.039	64.219	64.5271	64.6343	64.8162	64.8921	65.0853	65.4256	65.8882	66.1694	66.495	66.825
231	Ethiopia	63.1031	62.1412	61.8931	61.8772	62.0168	62.308	62.5252	62.7435	63.0528	63.4243	63.7128	64.028	64.3288	64.5922	64.8814	65.2825
404	Kenya	60.2725	59.1001	58.547	58.3361	58.2778	58.2424	58.3652	58.4878	58.5397	58.722	58.9148	59.2114	59.3916	59.6903	59.8772	60.1189
450	Madagascar	61.0533	59.5862	58.9979	58.7948	58.6955	58.6849	58.7387	58.9103	59.0726	59.2176	59.3249	59.5464	59.6376	59.8772	59.9851	60.1528
454	Malawi	62.6153	61.8566	61.1861	60.9926	60.8961	60.84	60.8457	60.9409	61.0978	61.2733	61.4855	61.6309	62.0046	62.1524	62.3348	62.6619
480	Mauritius	70.7643	70.1729	69.8014	69.7534	69.8175	70.089	70.4192	70.8864	71.3964	71.8724	72.325	72.9144	73.4855	74.0617	74.7064	75.5379
175	Mayotte	72.7435	72.3796	72.1167	72.1949	72.3846	72.5885	72.9492	73.3692	73.6373	74.0296	74.5624	75.1656	75.7869	76.3839	77.0239	77.661
508	Mozambique	58.9245	57.9754	57.2671	56.9918	56.8645	56.8762	56.9214	56.8951	56.9036	57.0967	57.2313	57.4033	57.4429	57.5441	57.6877	57.8765
638	Réunion	79.3355	79.1793	78.8873	78.7739	78.8426	78.9173	79.0843	79.129	79.1921	79.332	79.4645	79.7116	79.9085	80.0541	80.2136	80.3489
646	Rwanda	64.7704	63.3074	62.8082	62.5471	62.4606	62.489	62.6075	62.7809	62.9397	63.0496	63.1763	63.3216	63.5514	63.7552	64.0592	64.344
690	Seychelles	69.2442	67.8663	67.3374	67.1316	67.1554	67.1791	67.3512	67.4379	67.6404	67.8165	68.0235	68.4585	68.9033	69.2825	69.7629	70.3014
706	Somalia	54.3069	53.5974	52.532	51.9	51.6216	51.3927	51.198	51.2411	51.0885	50.9322	50.9818	50.8979	51.0182	51.0536	51.2076	51.2972
728	South Sudan	54.009	51.6932	50.6463	50.0631	49.6592	49.2448	48.991	48.8304	48.7929	48.7371	48.775	48.7583	48.6485	48.5144	48.3526	48.4373
800	Uganda	64.2297	63.2117	62.7329	62.5941	62.6678	62.7396	62.7107	62.925	63.1021	63.4168	63.7573	63.9682	64.2138	64.4941	64.7243	65.0762
834	United Republic of Tanzania	63.5104	61.987	61.4661	61.3194	61.1407	61.1669	61.1331	61.3247	61.4505	61.5646	61.7927	62.0532	62.2038	62.5253	62.6098	62.9128
894	Zambia	62.1602	61.5889	60.8326	60.4849	60.2069	60.0912	59.9949	59.9685	59.8469	59.935	60.0715	60.1566	60.3233	60.5356	60.6785	60.8088
716	Zimbabwe	59.1227	58.2084	57.912	57.9283	58.1935	58.3671	58.7518	59.1025	59.2908	59.5057	59.8397	60.0287	60.3581	60.7105	61.0607	61.5326
911	Middle Africa	58.2193	58.7254	58.5574	58.5558	58.7014	58.8384	58.8932	58.9778	59.2337	59.7733	60.0813	60.1745	60.5095	61.049	61.3899	61.7433
24	Angola	61.1227	59.7327	59.0677	58.6975	58.464	58.3428	58.2915	58.3845	58.4714	58.4935	58.4559	58.6003	58.6082	58.8891	58.977	59.0668
120	Cameroon	60.1704	59.3605	59.0196	58.8887	58.9729	59.0804	59.2152	59.3543	59.6725	59.899	60.2018	60.3365	60.5766	60.8086	61.132	61.3267
140	Central African Republic	42.1562	52.755	52.081	51.855	51.7208	51.6851	51.7018	51.8218	51.893	51.9984	52.2779	52.4767	52.7386	53.0313	53.2667	53.4859
148	Chad	52.0133	50.2745	49.2654	48.7611	48.3769	48.0874	48.0253	47.9397	47.8496	47.8133	47.9255	47.9495	48.098	48.1967	48.5142	48.4867
178	Congo	63.1145	61.8273	61.2102	60.8939	60.802	60.7014	60.6595	60.7556	60.8774	61.0217	61.0888	61.2284	61.3181	61.4398	61.584	61.6878
180	Democratic Republic of the Congo	58.6568	57.2223	56.4493	55.9421	55.6508	55.4855	55.3968	55.3113	55.4158	55.593	55.6327	55.6375	55.7237	55.8556	55.985	56.0886
226	Equatorial Guinea	61.1097	59.598	58.8451	58.451	58.2298	58.1505	58.157	58.18	58.1816	58.1814	58.3266	58.4969	58.6949	58.8715	59.1073	59.2436
266	Gabon	65.0304	63.6142	63.0292	62.7719	62.5398	62.5368	62.5731	62.5468	62.6689	62.7645	62.8357	63.0362	63.3391	63.6543	63.8638	64.0968
678	Sao Tome and Principe	65.2759	64.1288	63.5804	63.375	63.3405	63.424	63.4248	63.6063	63.8061	63.9384	64.2154	64.4905	64.7601	65.1055	65.5406	65.7235
912	Northern Africa	69.0166	69.0895	69.102	69.4056	69.6976	70.1624	70.455	70.6489	71.0085	71.3052	71.6532	72.0075	72.3358	72.809	73.2725	73.7751
12	Algeria	74.0099	73.2151	73.0474	73.1053	73.4188	73.6642	74.1122	74.5061	74.9495	75.3851	75.9524	76.6623	77.3595	78.0105	78.5927	79.1866
818	Egypt	68.3291	67.4151	66.9596	66.7718	66.8325	66.9362	67.039	67.0875	67.1919	67.4111	67.7523	68.1359	68.5004	68.8559	69.3508	69.8197
434	Libya	69.4308	69.9808	69.8391	69.8845	70.1143	70.4062	70.7171	71.1614	71.5334	72.0979	72.6657	73.2609	73.8198	74.3924	75.017	75.748
504	Morocco	72.1981	71.3231	70.9661	70.838	70.865	70.9825	71.1582	71.4207	71.8106	72.1213	72.5348	72.9463	73.4305	73.7806	74.3271	74.9041
729	Sudan	62.4235	60.9898	60.3497	60.0302	59.9703	60.1168	60.1564	60.2665	60.5121	60.6237	60.851	60.9689	61.1159	61.3599	61.5209	61.8302
788	Tunisia	72.6198	72.4201	72.2883	72.4076	72.7498	73.226	73.663	74.1472	74.6438	75.206	75.832	76.5162	77.141	77.8014	78.5213	79.1853
732	Western Sahara	69.1023	67.6457	67.191	67.0556	66.9818	67.0089	67.1705	67.2067	67.3942	67.5969	67.8402	68.0479	68.2452	68.5302	68.7939	69.2245
913	Southern Africa	61.1483	60.5911	60.1664	60.1023	60.1454	60.2051	60.4567	60.7178	60.8993	61.2679	61.6073	61.96	62.1791	62.6111	62.7837	62.8292
72	Botswana	64.9151	64.2522	63.4066	62.8855	62.6566	62.497	62.3668	62.4227	62.43	62.3699	62.3099	62.3244	62.3012	62.5171	62.7505	62.8169
748	Eswatini	58.9028	58.6369	57.6728	57.2239	56.8708	56.7309	56.6093	56.4735	56.5008	56.5345	56.404	56.4458	56.5286	56.5654	56.7197	56.8875
426	Lesotho	53.309	52.9192	52.9881	53.4091	53.7818	54.1818	54.6306	54.9682	55.3197	55.8137	56.2076	56.6991	57.0741	57.4239	57.8348	58.157
516	Namibia	60.8366	60.9964	60.2664	59.8042	59.5172	59.4684	59.463	59.342	59.4094	59.5714	59.7316	59.7957	59.9301	59.958	60.2506	60.4415
710	South Africa	61.3013	60.3465	59.7729	59.5437	59.4498	59.3937	59.5701	59.7234	59.9463	60.0611	60.2181	60.447	60.7	61.0144	61.1765	61.3543
914	Western Africa	56.6304	55.9979	55.724	55.7279	56.0178	56.2631	56.3836	56.5955	56.9817	57.2364	57.4362	57.8956	58.4234	58.5803	59.186	59.5845
204	Benin	58.5904	56.7224	55.8541	55.4375	55.2335	55.0247	54.9609	54.952	55.0019	55.1154	55.0773	54.9861	55.0817	55.3056	55.4967	55.6039
854	Burkina Faso	58.2287	56.4354	55.6977	55.3734	55.1485	55.1257	55.1244	55.1263	55.1272	55.2598	55.47	55.6268	55.7533	55.8543	56.1264	56.2855
132	Cabo Verde	71.8247	71.2402	70.894	70.9836	71.2029	71.5352	71.9201	72.3205	72.7182	73.1793	73.7446	74.2514	74.8606	75.4387	75.9792	76.6414
384	Côte d'Ivoire	58.9966	57.4251	56.7158	56.3178	56.0406	56.0179	55.8558	55.9231	55.9349	56.0858	55.9945	56.0194	56.2445	56.3772	56.4467	56.546
270	Gambia	63.0121	61.7792	61.1449	60.8053	60.6442	60.5944	60.5436	60.582	60.7728	60.758	60.943	61.0912	61.1576	61.227	61.2912	61.5308
288	Ghana	62.3469	60.7827	60.1149	59.8059	59.6651	59.5541	59.5256	59.6626	59.7745	59.875	60.0164	60.0445	60.2057	60.4104	60.5587	60.7344
324	Guinea	58.5357	56.8479	55.9895	55.4994	55.1802	55.0533	55.0765	54.966	54.7564	54.8369	54.7383	54.8342	54.9654	54.9817	55.1494	55.308
624	Guinea-Bissau	60.3917	59.182	58.4939	58.0129	57.8781	57.8024	57.7643	57.7666	57.7668	57.909	57.8486	57.9506	58.0075	58.1251	58.2228	58.3601
430	Liberia	60.0736	58.2088	57.2517	56.7318	56.5221	56.217	56.0472	55.9204	55.7598	55.8128	55.7538	55.6426	55.6306	55.7446	55.9344	55.9482
466	Mali	58.0918	56.5832	55.9082	55.7093	55.5578	55.5997	55.6577	55.7841	55.8451	55.9444	56.0728	56.1566	56.3559	56.4525	56.6508	56.8254
478	Mauritania	65.5609	64.3884	63.9091	63.7347	63.8676	63.9768	64.2093	64.3634	64.652	64.8826	65.2495	65.5496	65.8599	66.1745	66.4694	66.784
562	Niger	59.1644	57.8758	57.3879	57.3265	57.3577	57.551	57.7532	57.9283	58.0751	58.1572	58.3854	58.6002	58.8539	59.0615	59.2671	59.369
566	Nigeria	53.209	51.1069	50.041	49.2714	48.8692	48.564	48.412	48.1694	47.9398	48.052	47.9972	47.9963	47.9688	47.8386	47.8126	47.8164
654	Saint Helena	73.5878	72.2374	71.8873	71.8228	71.9162	72.0635	72.2946	72.4864	72.8763	73.1876	73.5542	74.0305	74.4613	74.9297	75.4021	75.9349
686	Senegal	65.7018	64.6787	64.3257	64.3268	64.4157	64.503	64.6053	64.6926	64.842	65.0246	65.284	65.4958	65.7122	65.8594	66.0818	66.3334
694	Sierra Leone	59.0523	57.5375	56.8821	56.53	56.3006	56.117	56.123	56.1802	56.2402	56.484	56.5773	56.7014	56.8797	57.0038	57.112	57.2998
768	Togo	61.4994	59.8224	58.9508	58.4713	58.1086	58.0016	57.8865	57.7685	57.6234	57.5374	57.4992	57.5149	57.6305	57.808	57.9088	57.9746
935	Asia	71.4029	71.8545	72.3044	72.82	73.2584	73.7088	74.2518	74.7919	75.3707	75.9267	76.4655	76.871	77.2667	77.9194	78.4318	79.01
5500	Central Asia	68.3992	68.4014	68.3297	68.5075	68.7633	68.9253	69.2393	69.5775	70.2142	70.6569	71.0225	71.4584	71.8421	72.3703	72.9837	73.6533
398	Kazakhstan	68.4405	68.2719	67.872	67.7311	67.6278	67.7322	67.9911	68.2223	68.4385	68.8152	69.2011	69.5662	69.9441	70.3057	70.9261	71.5829
417	Kyrgyzstan	67.0292	66.0213	65.3613	65.0673	64.9633	65.0691	65.1752	65.2804	65.4819	65.6846	65.8754	66.1991	66.6841	67.184	67.6144	68.0363
762	Tajikistan	68.3524	67.2629	66.5556	66.1454	65.8584	65.7487	65.7311	65.685	65.6916	65.7785	65.7678	66.0087	66.1288	66.3278	66.5872	66.8098
795	Turkmenistan	66.1119	64.571	63.8318	63.4239	63.2402	63.0434	62.9703	62.9082	63.0714	63.0995	63.1712	63.3369	63.5021	63.8116	64.0791	64.3531
860	Uzbekistan	68.7689	67.2217	66.5285	66.127	65.9137	65.7479	65.7831	65.902	66.0411	66.2161	66.4669	66.6977	66.9816	67.4015	67.7278	68.1306
906	Eastern Asia	75.7351	75.0716	75.2186	75.5468	75.8167	76.2816	76.8457	77.6589	78.3238	79.0381	79.5597	80.3242	81.0547	81.466	81.8407	82.447
156	China	74.9079	74.1455	74.2983	74.6353	75.0444	75.6035	76.1197	76.828	77.5574	78.178	78.7342	79.3265	79.916	80.3827	80.7654	81.0435
344	China, Hong Kong SAR	82.1782	81.1077	80.6668	80.5384	80.486	80.4355	80.5338	80.6281	80.725	80.9911	81.1095	81.3326	81.5338	81.739		
446	China, Macao SAR	80.9249	79.8293	79.9045	80.0786	80.2309	80.3579	80.5491	80.7379	80.9384	81.0483	81.2856	81.4483	81.5648	81.6546	81.8992	82.1568
158	China, Taiwan Province of China	77.3176	76.5919	76.7538	77.0567	77.5104	78.0463	78.4771	78.8339	79.096	79.3605	79.6392	79.9215	80.1416	80.3806	80.5624	80.8866
408	Dem. People's Republic of Korea	70.8665	69.204	68.4554	68.1128	67.8676	67.7875	67.7833	67.9207	68.1991	68.3153	68.4431	68.7818	69.0463	69.3202	69.6517	69.8785
392	Japan	81.1977	80.0665	79.7278	79.7205	79.7517	79.8849	79.982	80.2208	80.4362	80.5768	80.8295	81.1089	81.2575	81.4769	81.671	81.9502
496	Mongolia	66.0905	65.6934	65.6667	65.9417	66.3115	66.86	67.4029	67.9877	68.5453	69.1868	70.0027	70.7165	71.3796	72.2247	73.0713	73.8153
410	Republic of Korea	80.3172	79.505	79.1955	79.0615	79.0272	79.0552	79.1063	79.2095	79.4057	79.5062	79.7073	79.8731	80.0074	80.2433	80.5565	80.8124
5501	Southern Asia	68.6828	68.9348	69.0578	69.3099	69.5932	69.9212	70.4999	70.9383	71.4102	71.9399	72.4407	72.8197	73.3279	73.9772	74.4531	74.9838
4	Afghanistan	61.9118	62.3875	62.0382	61.9776	61.9299	62.1161	62.2142	62.4262	62.6548	62.81	62.8735	63.0301	63.247	63.3796	63.5922	63.6887
50	Bangladesh	71.5745	71.5205	71.4692	71.7503	72.1223	72.6504	73.1366	73.8084	74.3659	74.9891	75.697	76.5451	77.1431	77.9081	78.6244	79.2926
64	Bhutan	70.7602	69.6705	69.5861	69.7135	70.0562	70.4443	70.87	71.3081	71.9319	72.5996	73.2259	73.7839	74.5288	75.2513	75.9194	76.5615
356	India	68.9746	68.6568	68.4442	68.5078	68.7096	68.8223	69.0924	69.5397	69.8193	70.136	70.5748	71.1049	71.5769	72.1696	72.6769	73.2509
364	Iran (Islamic Republic of)	74.199	74.3345	74.2641	74.4782	74.7602	75.1568	75.6369	76.1592	76.8878	77.5636	78.2088	78.7568	79.4126	80.0994	80.6012	81.1207
462	Maldives	78.6104	78.6356	78.8347	79.3339	79.9617	80.5218	81.0772	81.4749	81.9432	82.3123	82.5329	82.7143	82.9863	83.1741	83.315	83.5498
524	Nepal	67.8785	66.9868	66.709	66.8498	66.9983	67.1416	67.541	67.7254	67.9031	68.2075	68.5842	68.8332	69.1178	69.5799	69.9231	70.3559
586	Pakistan	64.2732	62.8831	62.1606	61.8002	61.6436	61.5412	61.5332	61.6206	61.6706	61.7666	61.9339	62.1473	62.2958	62.5035	62.8513	63.2143
144	Sri Lanka	73.5936	72.8202	72.6491	72.7591	73.036	73.4613	73.9786	74.4261	75.009	75.6425	76.2576	76.8257	77.6035	78.1558	78.6833	79.1627
920	South-Eastern Asia	68.3573	68.4611	68.628	69.0406	69.3753	69.7991	70.0778	70.467	70.9017	71.3187	71.6419	72.1143	72.6264	73.1971	73.6631	74.0525
96	Brunei Darussalam	72.4603	71.4262	70.9096	70.7785	70.8199	70.9853	71.1563	71.3214	71.6854	71.9308	72.3869	72.8424	73.3694	73.8985	74.4005	74.8999
116	Cambodia	67.2185	65.7696	65.0599	64.7265	64.5032	64.384	64.2826	64.2504	64.1832	64.106	64.1908	64.3759	64.5778	64.7275	64.916	65.1082
360	Indonesia	67.6561	66.7707	66.1797	65.942	65.8344	65.7932	65.8546	65.9086	65.9532	66.1808	66.2994	66.5347	66.8161	67.169	67.4817	67.773
418	Lao People's Democratic Republic	66.02	64.8409	64.5258	64.4467	64.599	64.6776	64.8213	64.9686	65.0343	65.3027	65.452	65.6089	65.9625	66.1374	66.4519	66.8853
458	Malaysia	73.1083	72.6305	72.3177	72.3311	72.5351	72.7427	73.0524	73.4869	73.95	74.3339	74.9365	75.565	76.2002	76.6529	77.191	77.8351
104	Myanmar	63.0065	61.6801	61.1795	60.9889	61	61.0204	61.0759	61.1751	61.4287	61.5219	61.7171	62.0358	62.3819	62.5691	62.808	63.174
608	Philippines	65.8262	64.4697	63.7191	63.3828	63.1183	62.9464	63.0099	62.9946	63.1468	63.2164	63.4408	63.5836	63.8834	64.2664	64.612	64.8372
702	Singapore	80.7611	79.9414	79.6919	79.6356	79.6297	79.6589	79.8178	79.9307	80.1013	80.2442	80.4319	80.587	80.7586	80.9436	81.0789	81.2455
764	Thailand	71.965	70.9768	71.0244	71.2918	71.7375	72.3484	72.9716	73.6023	74.3248	75.0115	75.7224	76.3628	76.9642	77.5416	77.9941	78.3887
626	Timor-Leste	65.198	63.9041	63.4745	63.2578	63.1876	63.2555	63.4557	63.4794	63.6457	63.6743	63.754	63.8948	64.0223	64.2979	64.5694	64.8078
704	Viet Nam	69.5034	68.2494	67.9199	67.9443	68.1307	68.2829	68.5356	68.7653	69.295	69.7893	70.3264	70.8028	71.3282	71.9299	72.6005	73.379
922	Western Asia	72.227	72.858	73.2044	73.5706	74.0365	74.4551	74.9007	75.3962	75.8672	76.3262	76.8479	77.2304	77.5638	77.9865	78.4143	78.8995
51	Armenia	69.351	69.7746	69.4775	69.4496	69.5842	69.8573	70.1378	70.4833	70.8805	71.3402	71.9607	72.4608	72.9311	73.4617	74.0697	74.7305
31	Azerbaijan	70.0289	69.554	69.0446	68.8726	68.8523	68.9041	69.0007	69.2065	69.5698	69.8768	70.1272	70.5904	70.9774	71.3709	71.9185	72.4959
48	Bahrain	79.3477	79.204	79.019	79.1037	79.3356	79.7166	80.0632	80.4003	80.7793	81.2852	81.7399	82.1746	82.5084	82.719	82.8401	83.1059
196	Cyprus	78.7674	78.4398	78.3838	78.5941	79.0001	79.4077	79.7996	80.1636	80.4799	80.7824	81.0545	81.418	81.6671	81.9342	82.1596	82.3704
268	Georgia	68.5852	67.8657	67.5746	67.5118	67.629	67.8403	68.1546	68.5489	68.8857	69.3483	69.6976	70.1817	70.6998	71.2953	71.9236	72.524
368	Iraq	69.2949	67.9956	67.0929	66.6732	66.47	66.1774	66.0645	66.0615	66.1769	66.1933	66.257	66.4111	66.5669	66.7427	66.9055	67.1079
376	Israel	80.1327	79.0487	79.0173	79.266	79.5406	79.7663	80.0359	80.287	80.4777	80.6441	80.8136	81.0429	81.3566	81.5046	81.6894	81.8115
400	Jordan	74.3425	74.1225	73.8143	73.8582	73.9899	74.2393	74.5387	74.8611	75.3569	75.7311	76.2386	76.8045	77.3294	77.8976	78.5849	79.3155
414	Kuwait	77.8356	77.8721	77.7671	77.9768	78.2498	78.651	79.0914	79.4788	80.0142	80.4602	80.878	81.3343				
422	Lebanon	74.3279	73.9644	73.4482	73.2921	73.2006	73.2655	73.327	73.6098	73.8293	74.0211	74.3998	74.8056	75.2542	75.7294	76.1467	76.5949
512	Oman	76.9919	77.2895	77.3289	77.6741	78.076	78.6441	79.1695	79.745	80.2492	80.7749	81.1522	81.6037	81.9995	82.255	82.5457	82.8633
634	Qatar	80.7975	80.2767	80.0618	80.1693	80.2912	80.569	80.8558	81.2251	81.5952	81.8371	82.1079	82.2891	82.5398	82.7569	82.9342	83.1968
682	Saudi Arabia	76.052	75.8244	75.8094	76.1815	76.5262	77.0286	77.6283	78.2887	78.8216	79.4704	80.0127	80.5502	81.1656	81.527	81.8166	82.1944
275	State of Palestine	67.6918	72.0339	72.3094	72.291	72.4283	72.6272	72.9736	73.3157	73.8324	74.2955	74.7403	75.3182	75.839	76.3113	76.8175	77.2611
760	Syrian Arab Republic	69.5046	68.1757	67.8302	67.6564	67.693	67.8136	67.9551	68.0538	68.2303	68.4524	68.8132	69.2847	69.7632	70.2037	70.5766	71.0056
792	Türkiye	73.664	73.2136	73.2163	73.4486	73.8748	74.3489	74.7303	75.2725	75.7878	76.3005	76.8755	77.4661	77.9448	78.4608	78.9537	79.4364
784	United Arab Emirates	80.2992	80.7534	80.7339	80.9187	81.225	81.5387	81.8858	82.1693	82.4366	82.6182	82.8511	83.0119	83.1542	83.2259	83.448	83.66
887	Yemen	65.3033	64.8695	64.1933	63.874	63.6806	63.609	63.6281	63.7121	63.8805	63.9513	63.9716	64.0376	64.1527	64.2519	64.5465	64.7173
908	Europe	74.8786	75.7793	76.3532	77.0905	77.7549	78.4391	79.0463	79.7386	80.3773	80.9922	81.6376	82.2723	82.7918	83.3221	83.8098	84.2676
923	Eastern Europe	68.7197	69.2356	69.567	70.1177	70.6877	71.2559	71.8476	72.4075	72.9796	73.483	74.2574	74.8199	75.3843	75.908	76.6793	77.2645
112	Belarus	68.4816	67.9664	67.7997	67.9403	68.1961	68.567	68.9843	69.4147	69.8858	70.5129	71.1735	71.8376	72.4349	73.0761	73.8277	74.4255
100	Bulgaria	70.4606	70.5077	70.2145	70.2554	70.3096	70.5918	70.9392	71.3237	71.6888	72.1667	72.6614	73.3048	73.8262	74.3348	74.9385	75.53
203	Czechia	75.809	75.5681	75.4075	75.4525	75.6132	75.8382	76.1621	76.5764	76.9376	77.4123	77.904	78.4037	78.8978	79.2969	79.6046	79.8539
348	Hungary	72.4833	72.1037	71.786	71.8925	72.088	72.4294	72.7564	73.2116	73.7547	74.2934	75.0323	75.5919	76.1756	76.8234	77.6019	78.2427
616	Poland	73.583	73.6673	73.5737	73.8749	74.2631	74.6905	75.2604	75.8887	76.3624	76.8749	77.3229	77.7105	78.0301	78.4386	78.7356	78.8834
498	Republic of Moldova	65.7246	64.3956	63.7268	63.4616	63.3848	63.3142	63.2851	63.4296	63.7158	63.9734	64.161	64.45	64.7904	65.1207	65.3739	65.7731
642	Romania	71.0636	70.7089	70.283	70.211	70.362	70.6148	70.8968	71.3134	71.6732	72.0986	72.6151	73.1678	73.7698	74.3777	75.0084	75.6222
643	Russian Federation	66.3962	65.7046	65.5434	65.7445	66.0525	66.4901	66.9478	67.3081	67.7406	68.3783	69.0778	69.772	70.3974	71.0741	71.6913	72.2978
703	Slovakia	73.533	73.6443	73.6017	73.7613	74.1125	74.5068	74.8791	75.3397	75.8798	76.3996	77.0043	77.5253	78.0402	78.4554	78.9112	79.206
804	Ukraine	67.0738	67.0576	66.8597	66.8755	67.1315	67.3809	67.6507	68.0939	68.5563	69.1149	69.6244	70.1213	70.625	71.1378	71.7131	72.2377
924	Northern Europe	78.8499	78.7352	78.9318	79.2078	79.6824	80.1263	80.6933	81.0856	81.5369	81.9425	82.286	82.5595	82.8322	83.189	83.5448	83.7146
208	Denmark	79.5102	78.759	78.616	78.7576	78.9551	79.2201	79.5088	79.8389	80.1885	80.4702	80.6104	80.9205	81.2459	81.5389	81.7307	81.861
233	Estonia	73.9609	73.6853	73.7107	73.9221	74.3884	74.9466	75.4301	75.9459	76.3461	76.7546	77.1684	77.5053	77.9048	78.205	78.4722	78.7634
234	Faroe Islands	77.6279	77.0377	77.1775	77.5023	78.0079	78.5918	79.1314	79.6603	80.2161	80.6118	80.9322	81.1902	81.4095	81.7378	82.1115	82.3467
246	Finland	78.755	78.1059	78.1524	78.4005	78.676	78.8934	79.1423	79.3389	79.555	79.7573	79.8951	80.1252	80.3043	80.4893	80.6939	80.9132
831	Guernsey	80.518	79.8671	79.7418	79.7779	79.8635	79.8775	80.0372	80.1506	80.2389	80.4427	80.5889	80.718	80.8688	80.9308	81.0656	81.1885
352	Iceland	80.6322	79.9388	79.5718	79.4889	79.3805	79.4017	79.5279	79.7765	80.2145	80.5478	81.0595	81.5219	81.9814	82.3713	82.771	83.1122
372	Ireland	79.9958	79.2288	79.281	79.4792	79.7367	80.0521	80.3351	80.5968	80.8012	81.0469	81.2255	81.3953	81.6305	81.8761	82.1046	82.2444
833	Isle of Man	78.4828	77.5517	77.3643	77.4506	77.6413	77.9323	78.3531	78.7376	79.1629	79.564	79.8212	80.0977	80.4614	80.7674	81.1653	81.441
832	Jersey	77.2741	76.2236	75.931	75.9949	76.23	76.4421	76.7227	77.1313	77.6793	78.1552	78.5485	79.0417	79.5476	80.0861	80.3976	80.8305
428	Latvia	70.2316	70.0169	69.7825	69.9228	70.0279	70.3215	70.661	71.078	71.5562	72.0453	72.5419	73.0379	73.5857	74.204	74.7558	75.257
440	Lithuania	70.2101	69.718	69.5526	69.5965	69.8484	70.2128	70.4972	70.9977	71.5203	72.1274	72.7651	73.3134	73.8651	74.4379	75.0733	75.5809
578	Norway	81.2674	80.5534	80.518	80.6281	80.744	80.9274	81.0878	81.2797	81.4659	81.66	81.8496	82.0188	82.2275	82.3999	82.6415	82.8422
752	Sweden	81.0457	80.2884	80.2411	80.2988	80.4176	80.5914	80.7446	80.9159	80.9974	81.1226	81.3298	81.5861	81.8109	82.0384	82.1124	82.3779
826	United Kingdom	78.8182	78.0194	77.8562	77.8764	78.053	78.3309	78.7367	79.1589	79.5107	79.7686	80.0649	80.2937	80.5354	80.8314	81.1383	81.4443
925	Southern Europe	79.1665	79.8215	80.1826	80.5414	80.9575	81.3488	81.7485	82.1656	82.4922	82.905	83.3411	83.741	84.2758	84.6902	84.9876	85.3861
8	Albania	76.4111	76.3226	76.1769	76.3714	76.6429	77.0528	77.5156	78.019	78.5648	79.193	79.7342	80.2187	80.7357	81.1179	81.5344	81.8933
20	Andorra	80.8634	80.8327	80.6127	80.5693	80.5704	80.6134	80.7864	80.916	81.0748	81.2502	81.3663	81.5043	81.5778			
70	Bosnia and Herzegovina	72.9942	73.1263	73.0695	73.2164	73.5744	74.0557	74.5449	75.1352	75.7283	76.3175	76.8816	77.4232	77.9755	78.5475	79.0363	79.3527
191	Croatia	74.6551	74.0079	73.8359	73.9833	74.2633	74.6795	75.1569	75.6453	76.2221	76.6201	77.1239	77.7249	78.2316	78.6231	78.979	79.2823
292	Gibraltar	79.9977	79.6221	79.4116	79.3551	79.4572	79.4871	79.4995	79.6027	79.7336	79.918	80.0388	80.1962	80.3631	80.5595	80.7741	80.9215
300	Greece	78.2224	78.2269	78.3654	78.6558	79.027	79.3955	79.5805	79.8427	80.1012	80.3181	80.5359	80.7246	80.9501	81.1481	81.3693	81.5457
380	Italy	80.5593	80.4282	80.3146	80.2989	80.4156	80.4869	80.6051	80.7364	80.8652	80.9881	81.2312	81.4558	81.6205	81.8283	82.0659	82.2292
412	Kosovo (under UNSC res. 1244)	74.4317	74.3775	74.1766	74.3255	74.5846	74.9444	75.3293	75.8069	76.2862	76.8348	77.3803	77.8669	78.4908	78.9545	79.6189	80.1512
470	Malta	80.5317	80.2018	80.2053	80.2765	80.4209	80.6069	80.7903	80.9211	81.0742	81.2513	81.4566	81.6417	81.8567	82.0198	82.2293	82.4839
499	Montenegro	72.439	72.2069	71.9923	72.0671	72.3197	72.7211	73.1477	73.7117	74.2086	74.7429	75.2367	75.7992	76.3742	76.9548	77.5237	78.0612
807	North Macedonia	73.4083	73.3598	72.8317	72.6747	72.6724	72.7797	72.9356	73.1413	73.4061	73.6836	74.0306	74.6818	75.1528	75.638	76.271	76.8061
620	Portugal	78.6178	78.4163	78.4764	78.6384	78.8527	79.0654	79.2274	79.3364	79.5227	79.8132	80.0211	80.2131	80.37	80.5908	80.8236	81.0134
674	San Marino	82.9928	82.4693	82.0859	81.9539	81.8349	81.7721	81.8353	81.9598	82.0662	82.2374	82.3335	82.5262	82.7361	83.0008	83.1625	83.3452
688	Serbia	71.9023	71.9937	71.8194	71.9991	72.2795	72.6057	73.0043	73.5277	74.1721	74.7706	75.4971	76.1009	76.7916	77.5105	78.0479	78.5535
705	Slovenia	78.0941	77.7921	77.8306	78.0961	78.4639	78.8388	79.1019	79.4029	79.6484	79.8371	80.0094	80.1515	80.4388	80.7656	80.8995	81.0938
724	Spain	80.08	79.6342	79.4156	79.3678	79.4083	79.4998	79.6343	79.7509	79.8872	80.085	80.3413	80.5677	80.6925	80.9842	81.2277	81.4387
926	Western Europe	79.2439	79.4395	79.7672	80.1807	80.6354	81.1366	81.5986	81.9854	82.4358	82.8006	83.194	83.5416	83.7542	84.1638	84.6197	85.0181
40	Austria	79.039	78.4255	78.4934	78.7369	79.0684	79.3768	79.6667	79.8283	80.0948	80.3667	80.6802	80.9139	81.1312	81.3129	81.4572	81.7115
56	Belgium	79.1203	78.71	78.7027	78.9411	79.1587	79.3956	79.7057	79.9744	80.2433	80.4664	80.7233	80.8951	81.1812	81.3358	81.4399	81.6967
250	France	79.5979	79.1333	78.9151	78.8807	78.9491	79.053	79.0765	79.1983	79.3485	79.5157	79.6635	79.7911	79.906	80.1167	80.2807	80.4804
276	Germany	78.4387	77.7949	77.7277	77.8535	78.1223	78.5325	78.9639	79.2888	79.5684	79.8131	80.0586	80.3215	80.5762	80.8206	81.0214	81.2766
438	Liechtenstein	81.1303	80.7181	80.672	80.7968	80.9336	81.1565	81.3258	81.4908	81.6671	81.8503	82.0311	82.2524	82.5606	82.8004	82.9905	83.1458
442	Luxembourg	80.1565	79.2568	79.0632	79.1526	79.3412	79.5334	79.8627	80.1622	80.4724	80.7022	80.9922	81.2103	81.4241	81.6525	81.854	82.0624
492	Monaco	83.7077	82.6173	82.1248	81.9069	81.8545	81.8358	81.8987	81.9021	82.0026	82.1461	82.2178	82.3764	82.5338	82.8035	83.0102	83.2656
528	Netherlands	79.9714	79.2602	79.0899	79.1903	79.4385	79.7424	80.1359	80.3856	80.746	81.0545	81.3639	81.6784	81.9228	82.2869	82.4579	82.6867
756	Switzerland	81.3821	80.8123	80.6258	80.5826	80.6624	80.6823	80.7774	80.8771	81.1162	81.2458	81.4173	81.4508	81.6833	81.9626	82.1976	82.4778
5505	Americas	73.1836	74.2889	74.6058	75.0938	75.6464	76.2813	76.9777	77.5628	78.216	78.8807	79.4675	80.0611	80.6667	81.1612	81.6486	82.1481
904	Latin America and the Caribbean	71.3399	72.5969	72.9759	73.5618	74.0795	74.688	75.3806	76.1242	76.7984	77.4545	78.1154	78.8121	79.3368	79.8817	80.438	81.0466
915	Caribbean	68.9197	69.0566	68.9929	69.0597	69.221	69.3184	69.4021	69.4261	69.642	69.863	70.0676	70.2857	70.5687	70.6655	70.6998	71.0278
660	Anguilla	75.4678	74.8261	74.7864	74.9736	75.2761	75.6898	76.1572	76.7581	77.2218	77.6653	78.134	78.4441	78.7888	79.2095	79.4713	79.7862
28	Antigua and Barbuda	74.137	73.0387	72.8458	72.9601	73.2001	73.5295	73.991	74.4579	74.9648	75.4527	76.1699	76.747	77.3113	77.8108	78.3884	79.0154
533	Aruba	72.6173	71.9035	71.4216	71.2678	71.2607	71.4207	71.6798	71.9317	72.1088	72.3886	72.8214	73.1736	73.7526	74.1766	74.7381	75.2145
44	Bahamas	69.7041	69.0437	68.6063	68.3746	68.3645	68.4132	68.5448	68.8272	69.1151	69.3611	69.7762	70.1225	70.3861	70.6713	71.0704	71.589
52	Barbados	73.3808	71.7961	71.3841	71.2721	71.2569	71.4148	71.6001	71.8634	72.2109	72.7062	73.1105	73.5888	73.9981	74.5624	75.1905	75.6563
535	Bonaire, Sint Eustatius and Saba	75.1071	73.5764	73.2903	73.2614	73.3965	73.5186	73.7457	73.9818	74.2837	74.7244	75.1767	75.6228	76.1579	76.7537	77.2979	77.8333
92	British Virgin Islands	73.7437	72.8986	72.6231	72.5805	72.7671	73.0445	73.3028	73.7002	74.0298	74.4595	74.9517	75.5014	76.0205	76.5204	77.0048	77.5804
136	Cayman Islands	77.3021	76.7648	76.7577	76.9516	77.3402	77.7855	78.3592	78.8532	79.284	79.7175	80.0449	80.3161	80.6654	80.9497	81.2404	81.4493
192	Cuba	74.2063	74.1728	74.0047	74.1213	74.4053	74.7457	75.1499	75.6023	76.1665	76.6912	77.216	77.7451	78.2697	78.7937	79.2633	79.7643
531	Curaçao	71.933	71.0269	70.7811	70.8529	71.1567	71.4803	71.8778	72.3545	72.9265	73.6037	74.2273	74.7416	75.2107	75.7277	76.2758	76.7729
212	Dominica	67.6141	66.1031	65.6494	65.5311	65.6071	65.6114	65.8503	65.9363	66.1776	66.5093	66.8176	67.0431	67.3757	67.7583	68.2357	68.8061
214	Dominican Republic	69.5728	68.4122	67.6777	67.2756	67.0752	66.9213	66.8446	66.9082	66.9752	67.1353	67.3461	67.4695	67.7708	67.9836	68.2293	68.4868
308	Grenada	71.8894	70.494	70.0007	69.8562	69.8963	70.0329	70.1502	70.3999	70.59	70.8718	71.1629	71.5929	72.0265	72.5363	73.0342	73.4842
312	Guadeloupe	76.5176	77.1206	77.1078	77.2001	77.3173	77.4967	77.5873	77.6526	77.8221	77.9977	78.1989	78.356	78.4426	78.6984	78.8671	79.0304
332	Haiti	60.5969	59.3311	58.6781	58.3351	58.1741	58.0831	58.0343	57.9853	57.9019	58.0642	58.2864	58.3318	58.5341	58.7973	58.9936	59.1262
388	Jamaica	68.1243	66.6415	65.8654	65.4866	65.1937	65.077	65.0512	64.9816	65.037	65.2204	65.3603	65.4948	65.6183	65.7544	65.9647	66.2877
474	Martinique	77.4629	78.1855	78.1274	78.1934	78.3465	78.4467	78.5186	78.6379	78.7407	78.942	79.0737	79.2218	79.3575	79.5259	79.7214	79.8776
500	Montserrat	73.6324	72.3413	71.8788	71.6794	71.6884	71.7743	72.0344	72.4251	72.7976	73.1085	73.4885	74.0301	74.5421	75.0126	75.4825	76.1261
630	Puerto Rico	76.5685	77.0796	77.1955	77.41	77.5461	77.7419	77.9157	78.1381	78.2785	78.4228	78.5873	78.8049	78.9148	78.9805	79.1418	79.3404
652	Saint Barthélemy	80.9192	79.8031	79.4507	79.3178	79.3113	79.3794	79.5063	79.5691	79.6313	79.7168	79.8352	80.0043	80.1643	80.3342	80.5236	80.754
659	Saint Kitts and Nevis	67.1752	66.4284	65.8211	65.564	65.3602	65.401	65.4506	65.4446	65.547	65.807	66.1283	66.4808	66.7024	66.8658	67.1707	67.5723
662	Saint Lucia	68.1634	67.2345	66.6509	66.4504	66.3134	66.3953	66.5911	66.8269	67.0901	67.3247	67.6726	67.9815	68.3466	68.8199	69.1812	69.6794
663	Saint Martin (French part)	76.5229	75.6877	75.7066	75.9982	76.3817	76.854	77.2682	77.6494	78.0618	78.3535	78.6464	78.8748	79.0803	79.3025	79.4647	79.6847
670	Saint Vincent and the Grenadines	67.4891	66.4567	65.8102	65.5173	65.3476	65.2398	65.2813	65.365	65.3878	65.6052	65.8086	66.1066	66.3469	66.5753	66.9144	67.2509
534	Sint Maarten (Dutch part)	72.8321	71.9387	71.5352	71.3659	71.3699	71.5135	71.7252	71.8826	72.2586	72.5511	72.9431	73.3328	73.9253	74.2348	74.7192	75.1097
780	Trinidad and Tobago	69.3811	68.2949	67.5761	67.2971	67.0973	67.0917	67.1799	67.1958	67.4002	67.5778	67.8576	68.1736	68.5623	68.7877	69.047	69.4377
796	Turks and Caicos Islands	75.2757	74.228	73.9707	74.0088	74.1581	74.3882	74.8028	75.1566	75.6367	76.1045	76.4883	77.0563	77.5204	78.0072	78.6803	79.228
850	United States Virgin Islands	69.9459	69.1954	69.1626	69.4323	69.889	70.3595	70.9299	71.5769	72.2244	72.803	73.5979	74.1947	74.8584	75.3717	75.8595	76.2869
916	Central America	70.1306	71.1052	71.1333	71.4209	71.7244	72.1282	72.6745	73.1482	73.7259	74.2558	74.7546	75.4409	76.0346	76.6282	77.2844	77.9563
84	Belize	69.6027	68.9129	68.3633	68.2384	68.224	68.2829	68.4845	68.7477	69.0836	69.4873	69.9679	70.4554	70.8836	71.4503	71.8788	72.4111
188	Costa Rica	76.7915	77.0832	77.2543	77.6133	78.0536	78.5711	79.0413	79.513	79.9248	80.2704	80.4505	80.7827	80.97	81.181	81.3155	81.536
222	El Salvador	66.4839	65.8883	65.7487	65.9616	66.2764	66.6637	67.1805	67.7671	68.3184	68.9296	69.5277	70.2774	70.9202	71.4661	72.1141	72.8756
320	Guatemala	68.2149	68.1248	67.5509	67.2833	67.0932	67.0587	67.1114	67.209	67.2961	67.4144	67.5312	67.7636	68.0341	68.2428	68.5051	68.9752
340	Honduras	69.0623	68.2973	67.7609	67.6897	67.6595	67.756	67.865	68.0658	68.347	68.7313	69.016	69.3529	69.7598	70.2246	70.7086	71.243
484	Mexico	69.9262	70.5138	70.2108	70.2201	70.4432	70.7888	71.1584	71.5571	71.9523	72.494	72.9053	73.4592	74.0166	74.6556	75.3349	75.8898
558	Nicaragua	70.4588	70.3936	69.9722	69.8928	69.977	70.1333	70.1893	70.4886	70.8071	71.168	71.6688	72.1809	72.5623	73.0376	73.5422	73.9861
591	Panama	75.4289	75.4672	75.4728	75.763	76.1641	76.5611	77.0513	77.565	78.0699	78.5461	78.9075	79.3348	79.6529	80.0503	80.3346	80.6692
931	South America	71.9327	72.8211	73.0518	73.5745	74.0471	74.6577	75.3162	75.8598	76.5006	77.1589	77.7322	78.2899	78.9797	79.5405	80.1838	80.8406
32	Argentina	73.2513	73.0875	72.6097	72.4832	72.6496	72.8703	73.1295	73.3754	73.7457	74.18	74.5616	75.125	75.5934	76.1379	76.6457	77.0486
68	Bolivia (Plurinational State of)	63.261	63.8032	63.1925	62.9556	62.7266	62.6738	62.8009	62.9497	63.0809	63.3032	63.43	63.618	63.8446	63.9621	64.2501	64.4632
76	Brazil	71.5183	71.1383	70.8482	70.9044	71.0685	71.2824	71.6383	72.0223	72.3365	72.7372	73.3068	73.7976	74.1781	74.8977	75.4312	75.8552
152	Chile	77.6752	78.0389	78.0356	78.2506	78.7303	79.2156	79.694	80.1331	80.5649	80.9782	81.3123	81.6243	81.8821	82.0266	82.2315	82.4334
170	Colombia	72.9125	73.479	73.3728	73.5837	73.9111	74.3176	74.7111	75.1598	75.7703	76.3273	76.9797	77.5537	78.2795	78.881	79.3107	79.7808
218	Ecuador	72.5901	73.1889	73.0045	73.1407	73.428	73.7914	74.2537	74.8245	75.2348	75.5613	76.082	76.5357	77.1971	77.7108	78.2419	78.7821
238	Falkland Islands (Malvinas)	76.7389	75.8606	75.8279	76.141	76.5864	76.9959	77.4452	77.9278	78.4289	78.9486	79.381	79.8835	80.3223	80.7377	81.0719	81.532
254	French Guiana	73.2037	72.5923	72.4394	72.4669	72.6559	72.9725	73.3272	73.783	74.3088	74.8068	75.3629	76.0499	76.5693	77.1661	77.816	78.3926
328	Guyana	64.6916	64.2084	63.3986	63.0439	62.8963	62.789	62.8067	62.8213	62.9209	63.1134	63.2666	63.3262	63.5423	63.8274	64.0241	64.0812
600	Paraguay	68.9867	68.7404	68.0933	67.6901	67.5551	67.3996	67.5092	67.6611	67.7303	67.9015	68.1744	68.4864	68.8518	68.9923	69.3453	69.6565
604	Peru	73.2287	73.8946	73.7392	73.813	74.0753	74.4002	74.7667	75.2209	75.7324	76.2906	76.8707	77.4411	77.9554	78.4628	78.9014	79.4326
740	Suriname	68.9486	68.3817	67.7621	67.5211	67.3458	67.374	67.4136	67.5626	67.739	67.8887	68.0886	68.5094	68.8568	69.1022	69.6015	70.1277
858	Uruguay	73.0505	72.8022	72.6679	72.7719	73.0768	73.4166	73.8584	74.3489	74.8869	75.3575	75.8945	76.3835	76.9213	77.4767	77.8725	78.2069
862	Venezuela (Bolivarian Republic of)	68.1409	66.738	66.3549	66.2864	66.2917	66.5524	66.866	67.1115	67.3899	67.7693	68.1928	68.5615	69.0594	69.6288	70.023	70.5049
905	Northern America	75.8231	75.9163	75.7514	75.6232	75.8548	76.226	76.5758	77.0792	77.3341	77.9162	78.382	78.6234	79.1769	79.6285	80.0061	80.3358
60	Bermuda	78.3315	77.8051	77.73	77.7612	77.7721	77.9404	78.0324	78.1612	78.3977	78.5389	78.7154	78.8497	79.1024	79.3283	79.453	79.6983
124	Canada	79.5304	79.279	79.2459	79.381	79.6427	79.8482	80.062	80.3062	80.5005	80.6998	80.8911	81.1621	81.1809	81.4869	81.7452	81.9233
304	Greenland	67.6963	65.672	64.8756	64.4662	64.357	64.2273	64.1117	64.2087	64.2481	64.3089	64.438	64.5625	64.6748	64.8439	65.0929	65.1594
666	Saint Pierre and Miquelon	72.4358	71.2892	71.145	71.2904	71.6182	72.0225	72.3335	72.8049	73.3381	73.9538	74.4054	74.8879	75.5097	76.0946	76.5328	76.8484
840	United States of America	75.3815	75.4015	75.1251	75.0652	75.1645	75.4441	75.7927	76.0844	76.5469	77.0281	77.4912	77.9205	78.3568	78.727	79.2125	79.6164
909	Oceania	76.2363	75.8741	75.6562	75.5481	75.5922	75.5936	75.5023	75.495	75.6198	75.6925	75.7748	75.9661	76.0491	76.0051	76.042	76.1108
927	Australia/New Zealand	81.2511	80.9413	80.9306	81.028	81.101	81.3328	81.5963	81.6842	81.8655	82.0274	82.075	82.3214	82.6997	82.9721	83.0648	83.2583
36	Australia	81.4417	80.9183	80.7328	80.6999	80.6751	80.7945	80.8881	81.0088	81.159	81.3611	81.5192	81.6232	81.829	81.9454	82.0632	82.2578
554	New Zealand	80.0359	79.0922	78.9038	78.9791	79.2103	79.4693	79.7346	79.9603	80.2146	80.5155	80.7545	80.941	81.2283	81.4655	81.7214	82.0428
928	Melanesia	63.5631	62.5985	61.8882	61.4671	61.208	60.8795	60.7681	60.8998	60.8928	61.0357	61.1791	61.29	61.4789	61.4901	61.5511	61.4139
242	Fiji	64.3294	62.9282	62.2672	61.9274	61.8011	61.7524	61.666	61.7056	61.7805	62.0065	62.1292	62.2268	62.4138	62.6882	62.832	62.9554
540	New Caledonia	75.1519	74.7833	74.6199	74.6099	74.7928	75.0856	75.5125	75.8836	76.3176	76.8246	77.3575	77.8635	78.3265	78.7515	79.1808	79.6082
598	Papua New Guinea	62.6311	61.1287	60.2165	59.6764	59.1996	58.83	58.5857	58.4393	58.3334	58.3552	58.3709	58.4352	58.319	58.3925	58.4924	58.4924
90	Solomon Islands	68.3133	66.8711	66.2514	65.9241	65.7265	65.5981	65.7223	65.7392	65.6975	65.7219	65.8359	66.0933	66.304	66.5152	66.7633	67.0394
548	Vanuatu	68.585	67.3384	66.717	66.4917	66.4953	66.503	66.6112	66.6788	66.9824	67.1628	67.5853	67.8936	68.1254	68.5441	69.053	69.4035
954	Micronesia	67.9947	67.8411	67.8244	67.9122	68.135	68.2414	68.4306	68.5045	68.6462	68.8525	68.9928	69.2191	69.3128	69.4999	69.6403	69.6773
316	Guam	72.6215	72.092	72.1128	72.3101	72.6209	73.0986	73.4828	73.9645	74.4727	75.2138	75.8242	76.3133	76.8565	77.3718	77.7464	78.1472
296	Kiribati	63.5012	62.0283	61.2037	60.7359	60.4669	60.3165	60.2901	60.2873	60.2681	60.239	60.2553	60.3337	60.2929	60.2867	60.3979	60.4824
584	Marshall Islands	63.9774	62.4078	61.3901	60.8182	60.4729	60.1542	60.0642	59.8343	59.7897	59.7302	59.7742	59.7224	59.8528	59.8607	59.9351	59.9941
583	Micronesia (Fed. States of)	62.7725	61.1379	60.4189	60.1367	60.0229	59.9655	59.9109	60.0923	60.2165	60.4004	60.5639	60.8002	60.957	61.2601	61.5481	61.873
520	Nauru	59.4925	57.6979	56.8866	56.5084	56.4134	56.2721	56.3027	56.248	56.3296	56.5318	56.6614	56.9009	57.1034	57.2839	57.4477	57.4798
580	Northern Mariana Islands	76.557	75.4424	74.9974	74.9022	74.9685	75.166	75.3874	75.5423	75.9129	76.3406	76.7501	77.2216	77.6132	78.0599	78.4903	78.988
585	Palau	66.3504	64.7074	63.8171	63.2498	62.8942	62.6857	62.537	62.4999	62.4145	62.3932	62.5339	62.4334	62.4582	62.642	62.7786	62.9121
957	Polynesia	74.1496	74.3593	74.5206	74.6597	74.7583	74.9866	75.0629	75.0822	75.1504	75.0962	75.0225	74.8835	74.8248	74.8562	74.7496	74.6493
16	American Samoa	69.7451	68.0038	67.2404	66.9252	66.7419	66.5829	66.6984	66.7054	66.8179	66.9965	67.2723	67.5808	67.8732	68.222	68.6135	68.9455
184	Cook Islands	71.323	70.2518	69.9664	70.016	70.2486	70.4522	70.8639	71.2716	71.6436	72.1172	72.6002	73.1731	73.7298	74.2903	74.9324	75.7048
258	French Polynesia	80.3594	80.3339	80.0597	79.9868	79.937	79.9852	80.111	80.2033	80.267	80.3483	80.4158	80.6314	80.8424	81.0206	81.095	81.2725
570	Niue	66.816	65.0885	64.3792	63.9871	63.7679	63.6751	63.5559	63.6711	63.7482	63.8789	64.1012	64.1344	64.3542	64.5765	64.7314	64.8223
882	Samoa	69.1919	67.465	66.6876	66.3397	66.0728	65.9378	65.8334	65.8608	65.8725	65.897	66.0381	66.2974	66.4206	66.6694	66.9225	67.0271
772	Tokelau	74.4512	72.9478	72.3181	72.023	71.8557	71.8017	71.8694	72.0229	72.1961	72.4277	72.6199	72.8284	73.2498	73.5466	73.8899	74.1846
776	Tonga	68.7687	67.2826	66.7078	66.433	66.2703	66.3886	66.5266	66.6241	66.9243	67.2636	67.4937	67.9356	68.2361	68.6327	69.0123	69.4372
798	Tuvalu	62.9614	61.4366	60.7994	60.57	60.4618	60.5321	60.5983	60.6981	60.8317	60.8986	61.0447	61.247	61.4743	61.5818	61.6965	61.959
876	Wallis and Futuna Islands	77.027	75.8234	75.2613	75.1098	75.1112	75.1836	75.3301	75.5178	75.7165	75.855	76.0841	76.4107	76.721	77.0868	77.545	78.0928
