country_code	country	2020-2025	2025-2030	2030-2035	2035-2040	2040-2045	2045-2050	2050-2055	2055-2060	2060-2065	2065-2070	2070-2075	2075-2080	2080-2085	2085-2090	2090-2095	2095-2100
900	World	0.675	1.485	0.195	0.071	0.067	15.982	19.655	12.82	5.73	2.006	2.893	1.715	0.375	-0.019	-0.002	0.002
1834	Sub-Saharan Africa	199.851	-2353.538	-2302.777	-2263.872	-2731.492	-3208.633	-3309.886	-3232.317	-3417.635	-3747.674	-3720.025	-3648.145	-3916.556	-3713.04	-4097.122	-3796.76
1833	Northern Africa and Western Asia	3509.899	403.509	-1524.611	-1565.016	-1630.297	-1530.137	-1431.182	-1590.901	-1579.27	-1714.371	-1675.933	-1727.2	-1333.769	-1388.236	-1489.693	-1542.168
1831	Central and Southern Asia	-13988.65	-9781.895	-7703.801	-7674.887	-7452.038	-7081.148	-7044.415	-6822.33	-6820.8	-6559.858	-6549.195	-6756.091	-7018.464	-6887.14	-6336.292	-6184.373
1832	Eastern and South-Eastern Asia	-1526.554	-768.735	-650.51	-657.673	-627.655	-706.357	-719.086	-728.908	-678.179	-647.94	-616.993	-554.246	-535.01	-546.33	-524.043	-558.078
1830	Latin America and the Caribbean	-2212.245	-1937.559	-1667.788	-1451.54	-1337.115	-1286.538	-1251.85	-1256.894	-1255.004	-1234.481	-1129.708	-1068.555	-982.103	-942.778	-914.439	-872.516
1835	Oceania (excluding Australia and New Zealand)	-66.665	-68.176	-65.425	-61.996	-62.83	-52.005	-46.449	-41.009	-34.531	-23.279	-28.782	-22.294	-15.439	-14.902	-13.202	-29.121
1836	Australia/New Zealand	703.647	743.946	751.105	793.636	861.317	905.894	927.035	944.8	951.971	1007.872	986.181	1027.667	1049.763	1089.002	1058.895	1026.583
1829	Europe and Northern America	13381.418	13763.905	13163.976	12881.423	12980.169	12974.898	12895.535	12740.327	12839.148	12921.754	12737.326	12750.598	12751.976	12403.369	12315.855	11956.453
5502	Europe, Northern America, Australia, and New Zealand	14085.093	14507.853	13915.08	13675.049	13841.475	13880.789	13822.557	13685.151	13791.118	13929.603	13723.514	13778.264	13801.716	13492.39	13374.758	12983.032
901	More developed regions	14644.762	15149.298	14528.321	14272.526	14430.077	14463.478	14387.932	14208.116	14323.44	14424.076	14192.819	14246.407	14255.945	13925.592	13782.084	13376.081
902	Less developed regions	-14644.048	-15147.794	-14528.119	-14272.446	-14430.01	-14447.5	-14368.254	-14195.295	-14317.715	-14422.067	-14189.928	-14244.698	-14255.542	-13925.597	-13782.079	-13376.076
941	Least developed countries	-8508.869	-5771.488	-5430.001	-5535.118	-6061.045	-6418.54	-6777.465	-6523.49	-6698.291	-6891.689	-6741.818	-6929.891	-7282.038	-7115.566	-7457.53	-6884.743
934	Less developed regions, excluding least developed countries	-6135.202	-9376.299	-9098.122	-8737.314	-8368.949	-8028.951	-7590.799	-7671.81	-7619.433	-7530.405	-7448.114	-7314.812	-6973.515	-6810.039	-6324.559	-6491.317
948	Less developed regions, excluding China	-12664.008	-13946.102	-13413.71	-13263.374	-13490.67	-13469.942	-13477.134	-13374.148	-13597.579	-13762.537	-13574.554	-13714.368	-13785.935	-13456.212	-13350.682	-12946.255
1636	Land-locked Developing Countries (LLDC)	-2761.888	-3110.979	-2457.337	-2500.511	-2775.774	-3005.853	-3243.904	-3246.45	-3174.205	-3231.577	-3205.868	-3252.217	-3704.06	-3690.707	-3700.93	-3241.036
2087	LLDC: Africa	-227.785	-1678.634	-1712.606	-1668.446	-1862.047	-2219.464	-2344.992	-2503.071	-2506.92	-2600.886	-2546.935	-2506.77	-2673.912	-2697.97	-2889.068	-2521.843
2088	LLDC: Asia	-2402.375	-1244.626	-580.835	-683.082	-776.578	-662.013	-780.05	-636.659	-564.247	-532.281	-568.729	-659.631	-948.789	-917.282	-741.994	-652
2089	LLDC: Europe	-58.15	-111.561	-89.611	-78.255	-68.41	-58.921	-54.66	-47.779	-44.393	-39.394	-33.992	-31.287	-28.011	-23.632	-21.207	-18.94
2090	LLDC: Latin America	-73.601	-76.139	-74.308	-70.73	-68.751	-65.488	-64.189	-58.91	-58.66	-59.03	-56.22	-54.508	-53.342	-51.823	-48.631	-48.279
1637	Small Island Developing States (SIDS)	-406.092	-576.022	-537.376	-485.249	-429.576	-339.732	-295.886	-283.782	-282.756	-253.3	-236.515	-229.428	-226.398	-210.439	-178.679	-192.003
2091	SIDS Caribbean	-454.205	-523.689	-483.595	-428.734	-366.015	-308.484	-271.06	-262.018	-250.724	-236.577	-221.863	-205.959	-189.597	-180.797	-170.372	-162.475
2092	SIDS Pacific	-76.471	-70.53	-70.804	-63.33	-65.188	-52.87	-51.019	-39.483	-43.056	-23.214	-31.062	-26.624	-23.395	-20.811	-13.403	-25.948
2093	SIDS Atlantic, Indian Ocean and South China Sea (AIS)	124.645	18.192	17.052	6.806	1.606	21.618	26.181	17.736	11.007	6.488	16.406	3.155	-13.4	-8.839	5.112	-3.545
5503	High-and-upper-middle-income countries	21732.52	13663.102	13463.672	13595.826	13943.126	14040.853	14167.786	13979.318	14173.02	14217.902	14031.798	14179.703	14403.139	14060.727	14009.017	13570.776
5504	Low-and-Lower-middle-income countries	-20716.707	-13252.986	-13193.072	-13366.822	-13728.993	-13864.582	-13987.416	-13775.827	-13983.133	-14015.344	-13873.956	-14033.107	-14288.158	-13943.922	-13899.077	-13450.338
1503	High-income countries	22782.877	15146.021	14021.465	13650.244	13652.741	13558.747	13619.571	13365.642	13418.951	13503.494	13294.805	13323.17	13308.387	12946.519	12840.702	12428.218
1859	Low-and-middle-income countries	-21767.035	-14735.916	-13750.867	-13421.229	-13438.608	-13382.47	-13439.198	-13162.117	-13229.064	-13300.92	-13136.964	-13176.588	-13193.404	-12829.73	-12730.75	-12307.806
1517	Middle-income countries	-20955.686	-13525.541	-11228.085	-10610.336	-10036.73	-9625.597	-9439.335	-9164.392	-9022.489	-8955.949	-8858.697	-8733.252	-8495.28	-8111.132	-7792.06	-7822.154
1502	Upper-middle-income countries	-1050.348	-1482.906	-557.794	-54.407	290.39	482.103	548.229	613.683	754.07	714.424	736.997	856.542	1094.764	1114.199	1168.321	1142.529
1501	Lower-middle-income countries	-19905.351	-12042.628	-10670.287	-10555.927	-10327.093	-10107.703	-9987.556	-9778.077	-9776.551	-9670.354	-9595.71	-9589.787	-9590.048	-9225.338	-8960.389	-8964.689
1500	Low-income countries	-811.377	-1210.367	-2522.785	-2810.914	-3401.899	-3756.859	-3999.868	-3997.754	-4206.566	-4344.987	-4278.236	-4443.318	-4698.116	-4718.584	-4938.698	-4485.648
1518	No income group available	-978.998	-401.882	-265.219	-224.442	-209.453	-156.432	-157.407	-187.744	-181.232	-197.742	-152.327	-142.248	-112.1	-114.61	-107.772	-118.471
903	Africa	-1520.797	-3007.172	-3405.341	-3407.16	-3901.112	-4338.09	-4388.577	-4477.957	-4642.664	-4987.188	-4875.357	-4858.412	-5079.694	-4855.831	-5332.437	-4964.129
910	Eastern Africa	-923.174	-1524.076	-1658.774	-1559.158	-1934.342	-2354.785	-2516.962	-2364.598	-2537.893	-2753.756	-2706.353	-2642.629	-2843.501	-2718.161	-2905.697	-2525.491
108	Burundi	-59.959	-116.189	-156.315	-125.867	-154.444	-228.993	-205.451	-222.501	-189.088	-118.812	-181.801	-183.594	-215.638	-210.47	-221.372	-248.787
174	Comoros	-9.762	-10.947	-11.1	-11.146	-11.266	-11.483	-11.294	-12.2	-12.483	-12.203	-12.031	-12.232	-11.782	-11.418	-10.977	-10.588
262	Djibouti	2.63	1.838	-1.414	1.768	5.099	2.669	8.851	14.97	4	6.52	3.794	3.958	6.034	9.104	5.289	6.315
232	Eritrea	-70.909	-33.59	-36.708	-10.704	-24.988	-34.509	-32.788	-42.515	-39.217	-44.318	-47.145	-39.485	-46.082	-43.014	-49.478	-46.753
231	Ethiopia	36.167	145.31	163.791	264.675	251.982	244.045	124.976	89.236	155.618	96.992	196.519	196.325	153.254	95.431	203.229	432.726
404	Kenya	-114.566	-209.33	-295.927	-337.793	-368.601	-408.893	-436.948	-412.758	-412.169	-447.135	-478.682	-477.363	-459.593	-427.644	-445.715	-447.926
450	Madagascar	-8.1	-15.406	-21.561	-27.863	-31.386	-36.056	-41.023	-43.797	-49.294	-50.4	-52.074	-55.815	-56.343	-62.188	-68.258	-68.806
454	Malawi	-19.415	14.908	5.406	2.078	-19.971	-18.012	29.629	2.398	-61.711	-23.515	-47.728	48.148	1.007	-21.518	-49.535	40.59
480	Mauritius	-17.097	-11.796	-8.824	-8.36	-7.676	-7.147	-6.685	-6.176	-5.82	-5.28	-4.97	-4.469	-4.013	-3.664	-3.323	-3.168
175	Mayotte	3.115	-0.027	-0.315	-0.143	0.588	0.703	0.01	0.5	0.033	2.877	1.65	-0.128	-0.982	-0.663	-0.185	1.43
508	Mozambique	-178.983	-282.899	-221.625	-274.459	-367.48	-433.491	-479.675	-339.25	-533.264	-531.26	-544.005	-516.479	-503.56	-458.24	-530.359	-472.449
638	Réunion	-13.078	-9.716	-6.81	-6.398	-5.179	-5.314	-5.539	-5.227	-4.761	-5.064	-4.813	-4.931	-5.03	-5.064	-5.17	-4.969
646	Rwanda	-63.063	-45.647	-81.263	-12.881	-2.998	-114.036	-139.637	-93.064	-71.366	-127.534	-138.172	-147.603	-98.617	13.768	-109.229	-90.69
690	Seychelles	9.086	4.271	-0.878	-0.546	-0.339	-0.338	-0.257	-0.242	-0.276	-0.184	-0.164	-0.222	-0.206	-0.173	-0.186	-0.198
706	Somalia	60.813	-3.61	-60.568	0.788	-100.766	-110.763	-45.999	21.711	-15.78	-86.392	-39.519	-79.107	-107.527	-110.382	-30.717	-86.403
728	South Sudan	390.816	18.885	30.611	54.578	38.203	-2.245	29.567	26.464	32.642	51.599	81.532	38.196	53.796	44.302	-5.711	50.443
800	Uganda	-357.284	-603.799	-628.667	-670.575	-674.742	-690.153	-740.753	-800.459	-815.99	-847.374	-875.391	-855.378	-880.547	-893.085	-916.267	-932.697
834	United Republic of Tanzania	-130.162	-110.442	-45.187	-56.924	-92.325	-89.282	-135.684	-68.487	-62.171	-131.508	-108.988	-74.078	-159.083	-122.175	-137.154	-97.182
894	Zambia	23.836	25.298	-0.531	-31.926	-65.128	-78.433	-105.792	-102.927	-105.943	-114.16	-114.698	-124.286	-132.564	-140.903	-152.534	-159.957
716	Zimbabwe	-407.358	-281.155	-280.804	-307.371	-302.773	-332.985	-322.358	-370.219	-350.71	-366.583	-339.599	-353.945	-375.882	-370.116	-377.989	-386.417
911	Middle Africa	470.971	-520.144	-331.788	-335.571	-378.637	-377.873	-328.753	-290.448	-359.512	-458.045	-415.805	-438.429	-452.03	-387.57	-504.002	-565.95
24	Angola	26.492	-12.819	17.404	37.773	44.348	92.669	147.676	198.893	194.029	144.81	160.095	135.339	179.372	251.781	145.139	88.726
120	Cameroon	-45.999	-89.972	-88.733	-95.724	-107.145	-110.095	-121.746	-128.101	-138.562	-138.953	-129.63	-147.67	-149.41	-159.295	-170.833	-157.154
140	Central African Republic	-152.831	-78.757	-84.344	-93.106	-99.089	-88.92	-79.91	-84.835	-97.809	-87.853	-97.064	-92.96	-91.922	-104.663	-99.14	-91.218
148	Chad	768.797	-193.162	-30.79	-26.54	-45.69	-61.466	-55.318	-35.286	-67.003	-111.733	-60.517	-34.328	-71.742	-82.022	-82.538	-83.962
178	Congo	-12.684	-12.334	-1.764	-6.873	-1.359	-4.386	-4.222	-9.299	2.272	-11.702	-16.307	-23.402	-8.722	-1.948	-8.878	-9.745
180	Democratic Republic of the Congo	-136.057	-153.255	-168.34	-178.117	-190.077	-216.226	-237.875	-258.3	-273.53	-277.084	-305.381	-310.786	-333.761	-317.895	-319.06	-349.196
226	Equatorial Guinea	20.28	17.049	19.706	19.631	10.907	-0.212	8.673	11.215	4.645	5.587	13.018	14.077	3.583	5.735	11.004	14.036
266	Gabon	5.9	6.53	8.69	11.161	13.328	14.671	17.797	19.221	20.148	22.7	24.287	25.27	24.702	24.73	24.14	26.41
678	Sao Tome and Principe	-2.891	-3.379	-3.58	-3.757	-3.82	-3.87	-3.773	-3.927	-3.662	-3.816	-4.278	-3.947	-4.096	-3.919	-3.77	-3.795
912	Northern Africa	-1720.657	-653.63	-1102.57	-1143.282	-1169.614	-1129.465	-1078.696	-1245.649	-1225.031	-1239.524	-1155.341	-1210.266	-1163.137	-1142.788	-1235.332	-1167.356
12	Algeria	-101.854	-150.395	-149.71	-148.094	-161.08	-140.391	-145.574	-148.74	-168.434	-178.15	-132.999	-149.13	-167.856	-127.324	-122.35	-116.244
818	Egypt	423.118	-155.508	-100.478	-86.884	-110.651	-98.673	-87.874	-101.435	-99.689	-114.939	-104.516	-53.839	-99.428	-117.635	-94.974	-118.91
434	Libya	-1.679	30.91	22.895	10.068	9.815	15.507	42.508	21.596	27.918	41.804	40.293	27.531	47.684	18.336	26.302	30.709
504	Morocco	-218.817	-324.526	-376.571	-398.555	-403.997	-399.822	-390.033	-400.392	-392.409	-371.804	-365.478	-351.965	-346.563	-333.402	-325.068	-307.414
729	Sudan	-1776.491	2.764	-434.158	-447.9	-430.732	-435.385	-430.843	-548.187	-527.361	-549.561	-528.557	-618.217	-537.515	-523.332	-657.427	-598.485
788	Tunisia	-69.272	-79.684	-84.416	-88.069	-87.307	-81.655	-77.894	-77.175	-73.496	-73.75	-70.24	-70.91	-63.917	-63.131	-64.16	-59.792
732	Western Sahara	24.327	22.816	19.855	16.178	14.365	10.949	10.983	8.653	8.459	6.91	6.16	6.25	4.459	3.692	2.357	2.734
913	Southern Africa	1339.431	659.136	684.828	714.946	745.967	820.859	864.692	888.45	906.368	884.736	903.467	917.075	913.584	901.872	892.437	843.152
72	Botswana	-32.151	-20.314	-15.079	-11.872	-12.44	-6.324	-8.417	-6.274	-8.923	-11.838	-12.89	-6.771	-7.537	-4.663	-13.939	-8.887
748	Eswatini	-33.1	-28.895	-27.777	-28.335	-27.608	-26.476	-26.291	-25.651	-25.993	-24.702	-24.472	-22.408	-23.021	-21.436	-19.812	-18.822
426	Lesotho	-24.069	-24.542	-22.715	-21.784	-19.893	-17.321	-18.227	-16.864	-16.744	-14.462	-16.074	-16.313	-16.056	-12.594	-13.117	-13.526
516	Namibia	83.881	1.891	-2.218	-7.063	-5.041	-4.545	-1.232	-0.65	-4.408	-5.694	-9.291	-4.837	-7.034	-4.358	-5.821	-10.075
710	South Africa	1344.855	730.994	752.61	784.016	810.939	875.513	918.842	937.884	962.455	941.427	966.197	967.384	967.256	944.914	945.139	894.446
914	Western Africa	-687.365	-968.432	-997.021	-1084.09	-1164.454	-1296.825	-1328.88	-1465.735	-1426.601	-1420.587	-1501.365	-1484.171	-1534.608	-1509.202	-1579.864	-1548.477
204	Benin	-9.429	-40.053	-45.606	-46.534	-53.281	-58.675	-52.862	-64.258	-56.992	-63.271	-59.814	-76.908	-64.42	-68.467	-70.111	-85.668
854	Burkina Faso	-105.194	-148.789	-160.882	-178.296	-192.749	-213.084	-219.113	-221.975	-220.856	-231.792	-228.074	-235.137	-239.612	-224.078	-232.531	-215.677
132	Cabo Verde	-6.012	-6.01	-5.562	-4.863	-4.959	-4.758	-3.685	-3.158	-3.095	-3.347	-2.265	-2.073	-1.956	-1.294	-0.764	-0.308
384	Côte d'Ivoire	41.394	34.145	68.891	80.59	101.335	69.471	109.831	73.89	77.067	125.27	37.001	61.427	82.876	161.243	210.321	113.043
270	Gambia	-13.402	-14.269	-13.126	-11.626	-11.356	-11.113	-10.387	-9.484	-6.874	-8.395	-8.774	-8.152	-7.951	-6.506	-7.351	-5.329
288	Ghana	-53.065	-134.329	-158.365	-207.559	-222.115	-223.444	-233.799	-238.828	-254.101	-270.016	-260.662	-245.641	-264.379	-247.505	-271.045	-265.73
324	Guinea	-34.719	-105.308	-137.332	-134.429	-138.122	-161.626	-154.287	-168.498	-171.796	-173.255	-179.417	-174.726	-161.554	-190.416	-180.761	-157.672
624	Guinea-Bissau	-7.279	-12.693	-13.086	-11.497	-10.625	-0.927	-10.192	-12.758	-10.994	-16.446	-12.976	-14.803	-22.506	-16.344	-8.759	-10.991
430	Liberia	-39.637	-15.799	-24.157	12.853	-30.192	-34.15	-48.991	6.103	-16.431	-20.74	28.684	14.559	-35.698	-17.356	-48.554	-29.495
466	Mali	-180.487	-278.075	-329.977	-374.811	-420.882	-464.521	-475.888	-499.209	-516.622	-518.977	-530.986	-557.655	-565.92	-597.007	-618.86	-612.924
478	Mauritania	-0.934	-35.033	-41.234	-47.277	-48.599	-50.632	-57.562	-60.922	-62.174	-61.069	-66.927	-67.315	-69.604	-72.619	-76.657	-75.489
562	Niger	-12.51	-63.785	-93.311	-106.419	-113.805	-120.552	-132.059	-141.947	-146.368	-150.102	-157.528	-159.064	-162.91	-168.96	-179.733	-182.04
566	Nigeria	-245.808	52.337	161.01	188.494	217.199	237.885	242.439	194.677	271.203	267.602	250.528	288.984	267.354	265.348	238.045	318.375
654	Saint Helena	-0.001	-0.02	-0.02	-0.015	-0.015	-0.013	-0.01	-0.005	0	0	0	0	0	0	0	0
686	Senegal	32.24	-66.04	-80.485	-94.096	-108.1	-114.35	-129.984	-130.416	-135.829	-146.913	-137.634	-152.445	-151.942	-164.197	-169.778	-183.542
694	Sierra Leone	-25.544	-66.382	-61.597	-71.069	-57.514	-76.317	-70.854	-84.439	-78.571	-59.822	-81.92	-71.589	-63.595	-58.895	-64.472	-74.94
768	Togo	-26.991	-68.438	-62.229	-77.564	-70.724	-69.978	-81.418	-104.479	-94.107	-89.261	-90.693	-83.727	-72.882	-102.06	-98.791	-80.067
935	Asia	-10284.668	-9493.474	-8776.341	-8754.299	-8540.352	-8188.158	-8116.007	-7896.452	-7853.204	-7682.654	-7686.789	-7827.28	-7724.096	-7678.879	-7114.71	-7117.26
5500	Central Asia	79.54	-126.044	-197.768	-240.781	-250.954	-250.716	-223.245	-239.847	-257.026	-265.479	-266.151	-244.604	-260.69	-266.551	-228.547	-209.273
398	Kazakhstan	14.997	-41.476	-37.288	-73.31	-78.427	-72.327	-54.763	-77.394	-81.238	-96.954	-105.153	-95.99	-103.09	-97.044	-71.348	-38.818
417	Kyrgyzstan	96.309	-1.211	-19.626	-29.485	-35.468	-38.78	-36.829	-36.347	-37.59	-30.832	-28.09	-29.995	-28.923	-31.354	-28.135	-26.5
762	Tajikistan	-74.383	-95.184	-107.904	-105.126	-104.993	-111.105	-109.276	-101.267	-110.636	-104.827	-110.468	-111.38	-109.628	-108.054	-97.237	-96.627
795	Turkmenistan	78.001	34.889	-15.763	-16.542	-16.28	-16.138	-16.119	-16.194	-16.437	-16.608	-15.719	-16.097	-15.969	-15.81	-15.381	-15.201
860	Uzbekistan	-35.378	-23.037	-17.196	-16.301	-15.794	-12.366	-6.233	-8.617	-11.123	-16.249	-6.72	8.835	-3.11	-14.28	-16.46	-32.147
906	Eastern Asia	-1106.557	-294.669	-322.28	-307.945	-274.924	-324.514	-268.285	-283.958	-177.436	-143.125	-134.36	-52.827	-19.017	-46.232	-36.548	-39.398
156	China	-1740.163	-1130.208	-1104.918	-1053.308	-971.45	-974.816	-911.938	-847.798	-771.405	-697.866	-642.683	-562.193	-508.988	-489.908	-457.001	-446.444
344	China, Hong Kong SAR	-21.515	-19.393	-9.691	22.354	-5.185	-41.934	-17.112	-19.133	17.575	5.252	0.04	1.03	14.685	0.184	7.413	0.376
446	China, Macao SAR	32.005	2.328	2.029	-3.886	0.863	3.211	-0.079	4.683	3.77	-1.103	-0.22	1.16	-0.389	0.592	1.259	1.281
158	China, Taiwan Province of China	-250.381	-54.446	-1.816	25.776	36.434	36.008	38.039	41.102	29.941	34.193	27.504	29.683	25.05	19.763	16.904	15.005
408	Dem. People's Republic of Korea	-10.235	-14.673	-17.003	-16.614	-15.741	-15.394	-14.791	-14.727	-14.129	-13.424	-12.982	-12.168	-12.919	-12.923	-11.474	-10.183
392	Japan	559.66	641.43	613.238	597.458	588.594	582.683	565.358	522.971	532.317	494.466	469.296	468.155	454.225	433.2	407.331	393.027
496	Mongolia	0.125	1.033	-1.068	-0.609	1.325	1.215	2.402	3.955	3.367	3.26	1.883	3.066	0.076	-0.101	-0.61	-0.755
410	Republic of Korea	323.965	279.255	196.969	120.9	90.264	84.515	69.837	25.003	21.144	32.094	22.832	18.44	9.276	2.977	-0.399	8.324
5501	Southern Asia	-14068.196	-9655.862	-7506.013	-7434.1	-7201.066	-6830.417	-6821.194	-6582.48	-6563.77	-6294.382	-6283.057	-6511.484	-6757.767	-6620.574	-6107.742	-5975.083
4	Afghanistan	-1254.609	-256.075	-114.646	-196.308	-299.607	-196.538	-349.374	-203.494	-111.87	-76.84	-112.729	-242.606	-518.295	-484.529	-355.808	-295.98
50	Bangladesh	-3270.306	-1694.365	-1553.145	-1633.988	-1563.021	-1555.116	-1578.334	-1554.523	-1524.076	-1475.445	-1386.842	-1384.103	-1329.862	-1311.225	-1312.188	-1247.953
64	Bhutan	0.972	-0.182	0.673	0.807	1.534	0.468	1.853	1.085	0.53	-0.522	-0.889	1.202	0.509	-0.7	0.088	1.766
356	India	-3597.178	-2054.51	-1882.724	-1917.934	-1922.575	-1920.853	-1838.633	-1848.21	-1907.957	-1878.067	-1876.03	-1780.567	-1704.796	-1693.052	-1684.152	-1542.128
364	Iran (Islamic Republic of)	1158.402	94.156	-181.168	-187.341	-172.689	-170.515	-163.5	-165.331	-161.292	-152.208	-150.271	-138.591	-128.028	-127.475	-124.376	-111.337
462	Maldives	5.108	-8.374	-3.744	-1.695	-0.47	0.088	-0.315	-0.034	-0.436	-0.1	0.593	0.837	1.413	1.095	1.122	0.684
524	Nepal	-1161.671	-722.897	-148.241	-147.622	-144.461	-141.393	-144.312	-137.373	-144.436	-138.524	-138.457	-132.791	-127.671	-122.34	-116.504	-110.342
586	Pakistan	-5806.342	-4855.016	-3467.907	-3205.849	-2957.706	-2701.822	-2619.971	-2543.554	-2577.331	-2439.189	-2499.594	-2714.118	-2823.493	-2759.854	-2414.639	-2574.87
144	Sri Lanka	-142.578	-158.588	-155.093	-144.148	-142.092	-144.745	-128.628	-131.07	-136.896	-133.503	-118.859	-120.743	-127.54	-122.5	-101.279	-94.912
920	South-Eastern Asia	-420.013	-474.056	-328.234	-349.738	-352.721	-381.828	-450.804	-444.95	-500.753	-504.823	-482.645	-501.413	-516.009	-500.078	-487.508	-518.675
96	Brunei Darussalam	0.233	0.489	0.965	2.15	2.398	2.603	1.901	2.114	2.914	2.155	1.965	1.755	1.269	1.15	1.225	1.074
116	Cambodia	-138.91	-156.432	-141.564	-139.049	-139.483	-136.137	-138.491	-132.492	-138.352	-134.428	-130.938	-123.638	-121.488	-122.082	-113.628	-115.883
360	Indonesia	-153.847	-210.765	-221.536	-245.609	-240.442	-241.2	-241.429	-249.609	-258.821	-256.506	-244.657	-234.068	-214.697	-193.386	-208.203	-207.174
418	Lao People's Democratic Republic	-51.072	-55.418	-58.36	-62.608	-64.994	-63.388	-63.137	-62.864	-63.472	-61.976	-60.362	-57.149	-55.429	-57.611	-56.863	-53.494
458	Malaysia	866.759	801.48	768.458	721.672	698.425	654.642	596.436	538.781	478.442	419.375	430.797	392.013	351.074	347.081	342.08	325.357
104	Myanmar	-196.262	-216.964	-231.033	-232.186	-244.45	-256.585	-255.334	-249.169	-233.264	-215.402	-215.489	-212.487	-196.665	-196.943	-197.357	-178.04
608	Philippines	-729.75	-667.001	-586.652	-560.599	-555.995	-548.009	-546.505	-511.954	-511.271	-497.423	-488.404	-468.523	-443.73	-435.284	-412.821	-398.025
702	Singapore	153.482	67.142	63.818	48.807	40.894	50.231	62.548	56.371	47.907	47.934	52.54	40.139	29.898	27.109	31.929	24.92
764	Thailand	92.437	178.885	242.755	280.542	308.882	328.062	315.218	312.61	322.841	312.971	291.792	283.292	265.516	260.8	237.704	222.524
626	Timor-Leste	-9.96	-2.512	-5.485	-1.401	-2.449	-0.992	-4.674	1.475	-8.571	0.048	-2.306	-4.357	-7.983	-5.926	-0.204	3.149
704	Viet Nam	-253.126	-212.97	-159.579	-161.47	-155.513	-171.094	-177.357	-150.233	-139.133	-121.545	-117.585	-118.448	-123.773	-125.018	-111.311	-143.108
922	Western Asia	5230.56	1057.15	-422.042	-421.737	-460.677	-400.663	-352.481	-345.241	-354.233	-474.847	-520.607	-516.938	-170.634	-245.418	-254.386	-374.809
51	Armenia	42.55	-121.266	-88.541	-65.667	-48.741	-38.558	-31.502	-25.713	-20.643	-17.535	-14.753	-11.554	-10.87	-9.344	-7.955	-6.61
31	Azerbaijan	-58.2	36.236	27.165	29.733	29.337	26.908	27.25	27.589	29.329	25.339	22.706	24.784	23.604	23.903	24.222	22.739
48	Bahrain	80.103	39.994	5.726	6.012	6.311	6.592	6.712	6.799	6.723	6.575	6.34	6.002	5.634	5.315	5.021	4.805
196	Cyprus	43.885	35.143	30.051	26.165	20.609	17.723	14.166	14.889	13.246	11.364	10.02	9.883	9.192	8.547	8.501	6.521
268	Georgia	27.278	5.473	0.404	-6.791	-7.872	-15.093	-13.178	-8.861	-10.079	-9.327	-5.853	-7.018	-6.24	-6.714	-3.515	-4.386
368	Iraq	85.261	-117.466	-94.591	-43.675	-74.924	-57.634	-76.651	-85.683	-61.946	-156.07	-151.584	-198.394	-84.218	-79.676	-78.277	-119.071
376	Israel	101.49	67.003	70.027	82.252	92.994	78.503	111.789	110.574	102.926	98.814	69.923	115.775	110.441	80.234	93.793	64.782
400	Jordan	-332.943	-13.831	28.858	61.653	74.492	66.781	7.229	68.124	85.577	68.544	44.195	47.758	66.07	102.195	79.403	51.212
414	Kuwait	437.073	90.363	17.028	17.758	18.632	19.304	19.482	19.402	18.826	18.007	16.951	15.805	14.709	13.774	13.016	12.381
422	Lebanon	-135.266	-24.669	-23.147	-1.239	-12.223	-10.315	-13.212	-0.769	-10.662	-25.155	6.358	-8.778	0.531	-0.165	-16.718	-12.075
512	Oman	603.894	219.88	20.028	21.332	22.853	24.242	25.305	26.233	26.693	26.835	26.591	25.981	25.265	24.465	23.78	23.175
634	Qatar	183.528	73.715	12.413	12.726	13.334	13.793	14.47	14.295	14.747	14.6	14.32	12.698	10.189	8.721	7.854	7.268
682	Saudi Arabia	1341.149	438.517	114.61	122.09	130.706	138.279	143.434	147.796	149.575	150.339	149.402	146.96	144.049	140.896	138.124	135.609
275	State of Palestine	-83.278	-101.641	-72.991	-61.751	-54.244	-67.992	-68.988	-61.85	-48.802	-55.179	-51.099	-56.181	-55.655	-64.072	-47.243	-36.826
760	Syrian Arab Republic	2595.522	1199.607	286.319	-0.014	-75.059	-47.451	23.698	-81.021	-108.216	-106.852	-65.369	-48.133	104.446	1.111	4.503	-49.902
792	Türkiye	-985.422	-912.069	-601.514	-431.37	-390.248	-337.527	-303.527	-275.186	-264.731	-226.104	-276.999	-258.751	-198.796	-169.027	-146.75	-128.456
784	United Arab Emirates	1448.47	268.771	40.675	42.618	44.775	62.414	66.421	60.163	51.558	46.061	43.91	39.88	36.039	32.15	28.857	26.422
887	Yemen	-164.545	-126.578	-194.59	-233.619	-251.451	-280.661	-305.385	-301.973	-328.353	-345.054	-365.656	-373.688	-365.028	-357.727	-380.984	-372.405
908	Europe	6247.028	6375.294	5781.862	5445.739	5479.366	5428.332	5253.166	5059.702	5108.482	5008.25	4757.427	4722.482	4691.57	4424.493	4324.018	4138.334
923	Eastern Europe	-2152.952	1668.905	1351.554	1389.676	1493.917	1561.773	1463.996	1477.305	1510.665	1502.612	1435.536	1471.104	1474.938	1415.581	1390.903	1354.629
112	Belarus	-66.582	-16.04	-15.064	-13.216	-12.618	-10.695	-8.609	-8.886	-7.134	-7.6	-6.589	-6.86	-7.24	-5.872	-6.039	-5.378
100	Bulgaria	57.554	-36.702	-44.597	-47.075	-42.545	-38.194	-33.735	-30.02	-29.767	-27.029	-26.766	-25.087	-21.6	-19.504	-18.709	-18.161
203	Czechia	179.116	3.711	64.875	62.644	60.175	56.451	55.431	55.843	52.339	49.922	48.115	47.004	47.035	46.388	45.06	43.682
348	Hungary	124.1	50.844	66.498	65.872	67.484	66.302	65.786	65.78	63.497	63.912	61.345	60.525	59.923	58.23	57.684	54.947
616	Poland	560.663	-198.285	-26.332	-25.771	-24.911	-21.462	-22.288	-19.121	-14.212	-13.015	-11.59	-12.879	-12.171	-10.234	-12.136	-9.549
498	Republic of Moldova	-21.502	-85.035	-66.149	-57.439	-48.964	-42.913	-38.718	-34.418	-31.1	-26.672	-22.55	-21.567	-19.695	-16.536	-14.25	-12.074
642	Romania	-6.037	-140.642	-132.457	-131.447	-120.748	-115.87	-109.209	-105.561	-101.2	-90.962	-85.757	-84.429	-74.83	-68.872	-65.652	-63.527
643	Russian Federation	970.65	1273.748	1521.709	1546.875	1624.359	1683.433	1565.693	1562.695	1587.846	1562.844	1487.871	1522.147	1512.589	1438.42	1411.202	1370.799
703	Slovakia	54.531	-16.201	-1.667	-1.705	-1.86	-1.434	-1.256	-1.251	-1.424	-1.239	-1.409	-1.331	-0.926	-0.903	-1.089	-1.165
804	Ukraine	-4005.416	833.516	-15.257	-9.102	-6.468	-13.783	-9.102	-7.767	-8.119	-7.558	-7.131	-6.444	-8.155	-5.573	-5.14	-4.905
924	Northern Europe	3319.391	2301.996	1942.267	1669.276	1497.076	1377.015	1266.22	1156.327	1161.832	1136.404	1058.858	1014.66	972.384	899.214	844.457	794.243
208	Denmark	160.225	82.786	62.954	58	55.629	54.936	52.462	52.903	50.697	51.341	52.114	50.736	49.727	47.015	45.647	44.918
233	Estonia	39.938	-8.708	-0.246	0.842	0.683	1.156	1.734	2.113	2.058	1.83	1.384	1.518	1.238	1.342	1.221	1.574
234	Faroe Islands	2.842	1.19	0.325	0.001	0.016	0.028	-0.028	-0.062	-0.036	-0.074	-0.05	-0.039	-0.055	-0.078	-0.088	-0.103
246	Finland	165.753	60.848	56.994	56.749	58.748	59.33	56.56	56.546	55.065	54.867	52.673	50.977	51.056	48.244	45.46	43.171
831	Guernsey	1.751	0.851	0.665	0.604	0.586	0.551	0.578	0.604	0.578	0.55	0.528	0.503	0.467	0.472	0.467	0.416
352	Iceland	22.226	8.343	3.614	2.689	2.216	1.652	1.78	1.207	1.235	1.622	1.735	1.228	1.574	1.357	0.958	1.141
372	Ireland	229.464	144.312	90.482	59.071	39.639	25.348	17.762	10.214	10.342	4.589	-2.117	-1.269	3.771	-3.801	-0.972	-0.074
833	Isle of Man	0.942	0.724	0.643	0.503	0.29	0.388	0.453	0.373	0.14	0.123	0.117	0.129	0.147	0.074	0.095	0.073
832	Jersey	2.381	2.167	2.036	1.646	1.581	1.664	1.527	1.476	1.473	1.463	1.394	1.402	1.422	1.4	1.348	1.295
428	Latvia	22.243	-5.768	-1.607	-1.298	-2.481	-2.431	-2.619	-3.1	-2.292	-2.302	-1.771	-2.44	-1.485	-0.773	-0.812	-0.612
440	Lithuania	136.947	-31.741	-13.092	-13.48	-11.511	-9.078	-10.289	-10.51	-7.44	-7.556	-5.794	-6.536	-6.212	-4.999	-3.77	-3.041
578	Norway	196.547	70.174	60.777	60.108	56.985	59.675	57.727	57.586	53.625	50.775	48.856	50.65	47.508	45.422	45.731	43.566
752	Sweden	258.428	206.483	180.147	171.031	164.655	152.445	145.714	149.6	152.14	150.225	150.361	152.073	143.893	145.693	142.503	139.84
826	United Kingdom	2079.695	1770.445	1498.626	1272.544	1129.741	1031.145	942.604	837.197	844.063	828.761	759.215	715.43	679.174	617.692	566.488	522.024
925	Southern Europe	1083.397	610.316	539.846	520.093	508.866	533.532	596.422	537.768	512.551	517.89	458.464	489.229	456.46	413.43	390.846	356.913
8	Albania	-119.553	-103.579	-79.08	-63.298	-49.047	-40.161	-33.364	-26.995	-22.596	-16.535	-11.623	-6.252	-4.822	-2.753	-1.382	-0.648
20	Andorra	5.377	2.632	0.675	0.306	0.199	0.308	0.173	0.06	0.054	0.25	0.465	0.213	0.196	0.156	0.069	0.052
70	Bosnia and Herzegovina	-48.251	-31.51	-33.165	-28.299	-27.523	-21.807	-19.71	-21.523	-15.902	-13.946	-10.275	-10.307	-9.796	-6.227	-5.294	-7.898
191	Croatia	6.158	-8.519	-3.59	-0.664	-3.501	-3.169	-1.454	-2.815	-2.748	-1.175	0.077	-2.467	-1.728	-0.577	-0.475	-0.814
292	Gibraltar	2.99	2.241	1.486	0.877	0.508	0.411	0.335	0.194	0.092	0.101	0.063	0.07	0.045	0.064	0.089	0.082
300	Greece	-484.976	70.687	54.093	41.532	40.128	33.316	32.676	29.924	32.298	22.974	22.038	21.633	21.312	17.539	17.145	15.29
380	Italy	714.342	281.694	245.445	238.463	232.949	229.231	249.581	217.134	215.448	208.408	168.678	197.644	186.709	177.575	155.126	134.98
412	Kosovo (under UNSC res. 1244)	-125.894	-54.661	-27.562	-20.471	-17.509	-15.935	-14.856	-13.491	-11.578	-9.693	-9.493	-7.114	-5.963	-5.489	-4.2	-2.852
470	Malta	26.066	11.822	8.232	6.196	5.854	4.79	4.074	4.309	3.718	3.098	3.475	2.681	2.344	2.465	1.884	1.63
499	Montenegro	28.01	-16.545	-12.217	-11.49	-10.488	-9.802	-9.127	-8.48	-7.906	-7.208	-6.757	-6.293	-5.882	-5.382	-5.131	-4.862
807	North Macedonia	-36.659	-26.544	-23.467	-20.805	-19.453	-16.018	-15.947	-13.386	-13.292	-12.718	-11.459	-9.731	-8.33	-7.085	-6.942	-6.835
620	Portugal	223.317	81.561	83.041	81.216	83.498	82.79	81.386	81.245	80.96	82.226	79.815	76.617	75.453	73.562	72.639	70.594
674	San Marino	-0.753	0.597	0.593	0.67	0.593	0.624	0.654	0.648	0.65	0.581	0.545	0.553	0.572	0.538	0.542	0.486
688	Serbia	15.69	-30.803	-21.301	-18.889	-16.955	-13.684	-12.647	-11.755	-10.985	-10.076	-8.417	-8.703	-8.033	-7.775	-8.213	-8.306
705	Slovenia	35.761	11.841	10.997	10.598	10.374	12.153	10.98	10.797	10.751	10.619	10.311	10.485	10.415	9.617	9.137	9.184
724	Spain	841.692	419.326	335.509	303.93	279.007	290.199	323.47	291.644	253.427	260.704	230.794	229.936	203.711	166.895	165.703	156.675
926	Western Europe	3997.224	1794.054	1948.176	1866.697	1979.538	1956.005	1926.538	1888.315	1923.425	1851.347	1804.564	1747.503	1787.816	1696.278	1697.85	1632.56
40	Austria	248.575	73.957	77.635	83.898	88.713	85.621	88.848	89.689	91.791	85.804	86.739	84.437	81.285	75.846	73.602	67.316
56	Belgium	258.444	145.481	131.262	128.841	129.995	132.358	127.579	132.156	127.421	128.672	130.687	128.797	127.915	121.653	115.404	111.73
250	France	611.887	464.494	492.588	504.612	541.287	538.304	530.175	539.76	540.992	534.939	527.16	513.025	522.216	516.305	504.421	473.576
276	Germany	1873.015	525.302	819.77	782.598	875.87	851.963	855.725	812.724	855.776	788.801	757.455	728.337	772.31	705.64	743.536	715.214
438	Liechtenstein	1.025	0.853	0.796	0.743	0.717	0.699	0.683	0.675	0.661	0.634	0.63	0.634	0.588	0.564	0.529	0.519
442	Luxembourg	39.595	24.6	21.721	20.004	17.291	15.19	13.693	11.337	10.988	10.109	8.871	8.894	7.64	6.625	6.302	4.742
492	Monaco	2.734	0.512	0.541	0.474	0.469	0.541	0.576	0.544	0.528	0.539	0.529	0.597	0.591	0.6	0.618	0.668
528	Netherlands	683.203	396.602	260.352	215.959	194.101	191.659	177.232	158.603	153.754	161.119	161.247	150.783	153.945	151.661	141.288	141.011
756	Switzerland	278.668	162.121	143.388	129.405	130.965	139.559	131.924	142.711	141.391	140.675	131.166	131.927	121.288	117.341	112.13	117.745
5505	Americas	4922.135	5451.07	5714.348	5984.134	6163.675	6260.011	6390.494	6423.732	6475.674	6679.001	6850.199	6959.55	7078.3	7036.097	7077.396	6945.599
904	Latin America and the Caribbean	-2212.245	-1937.559	-1667.788	-1451.54	-1337.115	-1286.538	-1251.85	-1256.894	-1255.004	-1234.481	-1129.708	-1068.555	-982.103	-942.778	-914.439	-872.516
915	Caribbean	-437.762	-499.9	-464.02	-408.543	-347.344	-290.033	-253.032	-245.515	-235.733	-221.5	-206.813	-192.784	-177.837	-168.877	-159.815	-152.893
660	Anguilla	-0.348	0.045	0	-0.004	0	-0.003	0	0	0	0	0	0	0	0	0	0
28	Antigua and Barbuda	0.007	-0.028	-0.112	-0.14	-0.199	-0.196	-0.194	-0.154	-0.171	-0.219	-0.212	-0.17	-0.117	-0.112	-0.095	-0.085
533	Aruba	0.987	0.25	-0.001	-0.032	0.036	0.009	-0.065	0.004	-0.118	-0.109	-0.091	-0.06	-0.064	-0.049	-0.047	-0.052
44	Bahamas	3.966	4.635	4.934	5.415	5.836	5.879	5.839	5.861	5.565	5.186	4.862	4.996	4.678	4.192	4.286	4.216
52	Barbados	-0.255	-0.498	-0.809	-0.88	-0.96	-1.04	-0.79	-0.733	-0.886	-0.837	-0.676	-0.784	-0.746	-0.67	-0.698	-0.573
535	Bonaire, Sint Eustatius and Saba	4.713	2.096	0.965	0.552	0.502	0.323	0.258	0.359	0.211	0.249	0.247	0.14	0.076	0.057	0.044	0
92	British Virgin Islands	2.168	0.545	0.442	0.362	0.297	0.279	0.394	0.314	0.24	0.266	0.193	0.345	0.211	0.23	0.212	0.145
136	Cayman Islands	4.581	4.438	4.341	4.254	4.153	3.882	3.7	3.341	2.899	2.934	2.739	2.411	2.198	1.779	1.624	1.137
192	Cuba	-97.386	-104.35	-88.512	-73.858	-59.287	-45.895	-38.014	-34.913	-32.886	-30.824	-28.465	-26.739	-24.626	-23.3	-21.93	-20.733
531	Curaçao	2.773	2.157	1.821	1.841	1.819	1.848	1.842	1.879	1.776	1.694	1.611	1.544	1.468	1.323	1.312	1.16
212	Dominica	-1.047	-1.026	0.374	0.955	0.895	0.814	0.656	0.492	0.381	0.307	0.135	0.151	0.181	0.066	0.069	-0.045
214	Dominican Republic	-149.469	-167.634	-150.421	-133.663	-114.285	-95.469	-86.651	-84.468	-83.754	-81.012	-78.932	-77.549	-74.318	-71.095	-69.83	-67.452
308	Grenada	-0.712	-0.791	-0.623	-0.526	-0.539	-0.413	-0.392	-0.319	-0.474	-0.513	-0.466	-0.44	-0.265	-0.252	-0.18	-0.133
312	Guadeloupe	-36.165	-6.75	-5.194	-4.477	-4.607	-3.822	-3.276	-2.952	-2.925	-2.823	-2.644	-2.662	-2.531	-2.255	-2.218	-2.023
332	Haiti	-161.656	-150.767	-130.231	-110.634	-90.091	-70.728	-61.372	-61.468	-61.361	-61.02	-60.141	-58.163	-56.508	-56.119	-54.209	-53.214
388	Jamaica	-40.696	-57.35	-57.926	-58.675	-55.834	-51.848	-47.152	-45.404	-40.972	-35.554	-32.174	-26.582	-21.942	-19.064	-15.973	-13.772
474	Martinique	-14.727	-9.37	-4.996	-3.09	-2.659	-2.446	-2.254	-2.035	-1.768	-1.322	-1.13	-0.983	-0.814	-0.622	-0.559	-0.462
500	Montserrat	-0.058	0	0	0	0	0	0	0	0	0	0	0	0	0	0	0
630	Puerto Rico	39.732	-9.884	-33.73	-33.173	-30.424	-29.237	-23.189	-22.695	-19.046	-15.33	-9.363	-5.812	-2.522	-1.011	0.102	0.733
652	Saint Barthélemy	0.928	0.619	0.363	0.23	0.173	0.125	0.108	0.094	0.093	0.076	0.065	0.06	0.06	0.06	0.06	0.06
659	Saint Kitts and Nevis	-0.2	-0.009	-0.048	-0.068	-0.08	-0.068	-0.085	-0.068	-0.034	-0.038	-0.036	-0.028	-0.021	-0.02	-0.014	0
662	Saint Lucia	-0.02	-0.132	-0.209	-0.37	-0.181	-0.196	-0.19	-0.152	-0.226	-0.282	-0.225	-0.167	-0.073	-0.078	-0.067	-0.038
663	Saint Martin (French part)	-7.816	-3.826	-1.183	-0.071	0	0	0.05	0.012	0.01	0.038	0.036	0.008	0	0	0.004	0.008
670	Saint Vincent and the Grenadines	-3.796	-2.996	-2.081	-1.164	-0.725	-0.69	-0.672	-0.619	-0.556	-0.531	-0.447	-0.37	-0.297	-0.215	-0.166	-0.11
534	Sint Maarten (Dutch part)	2.706	2.444	2.211	2.053	1.783	1.506	1.075	0.753	0.655	0.349	0.341	0.227	0.208	0.124	0.053	0.012
780	Trinidad and Tobago	14.006	-1.275	-3.528	-3.415	-3.215	-2.963	-2.877	-2.748	-2.583	-2.361	-2.186	-2.113	-1.96	-1.774	-1.628	-1.588
796	Turks and Caicos Islands	1.661	0.786	0.841	0.823	0.724	0.606	0.383	0.144	0.101	0.165	0.081	0.038	0.015	0	0	0
850	United States Virgin Islands	-1.718	-1.344	-0.724	-0.489	-0.295	-0.166	-0.146	-0.134	-0.06	-0.013	-0.05	-0.018	-0.054	-0.059	-0.06	-0.06
916	Central America	-782.266	-721.958	-704.323	-696.278	-663.034	-648.894	-638.655	-611.639	-596.718	-572.862	-548.404	-513.099	-490.578	-455.504	-449.066	-417.65
84	Belize	7.059	1.393	1.165	-0.049	-0.564	-0.358	-0.714	-0.762	-0.636	-0.704	-0.932	-1.08	-0.729	-0.493	-0.46	-0.507
188	Costa Rica	5.011	5.036	5.321	5.425	5.587	5.862	5.676	5.712	5.55	5.568	5.228	5.102	5.11	4.806	4.199	4.266
222	El Salvador	-121.525	-113.792	-106.605	-93.483	-87.672	-81.488	-77.264	-72.492	-66.16	-58.554	-47.809	-45.676	-41.024	-36.012	-33.733	-30.401
320	Guatemala	-70.983	-37.943	-35.282	-36.433	-35.412	-36.863	-35.518	-37.395	-39.609	-37.471	-37.216	-32.245	-34.299	-32.954	-34.77	-32.452
340	Honduras	-26.51	-20.768	-15.219	-10.444	-6.592	-4.628	-4.479	-4.482	-4.5	-4.496	-4.48	-4.364	-4.35	-4.197	-4.157	-4.211
484	Mexico	-564.606	-539.271	-527.661	-528.926	-505.662	-499.664	-494.443	-471.702	-460.34	-447.189	-434.166	-407.967	-388.687	-362.058	-356.702	-329.901
558	Nicaragua	-43.938	-42.243	-43.102	-44.138	-44.084	-43.704	-44.367	-43.349	-43.966	-43.108	-42.374	-40.174	-39.864	-37.82	-36.613	-37.142
591	Panama	33.225	25.692	17.081	11.798	11.386	11.973	12.455	12.874	12.993	13.156	13.368	13.336	13.299	13.293	13.174	12.689
931	South America	-992.166	-715.702	-499.431	-346.71	-326.743	-347.607	-360.176	-399.743	-422.55	-440.113	-374.474	-362.676	-313.666	-318.392	-305.552	-301.966
32	Argentina	15.053	9.462	3.413	2.464	2.71	2.871	2.654	2.667	2.697	2.591	2.625	2.869	2.569	2.596	2.437	2.435
68	Bolivia (Plurinational State of)	-17.602	-15.953	-16.911	-17.534	-17.104	-16.839	-18.137	-16.907	-15.824	-15.291	-15.176	-14.783	-15.876	-15.018	-13.196	-13.029
76	Brazil	-1075.662	-903.12	-575.044	-285.801	-162.147	-164.466	-146.538	-150.056	-160.462	-151.906	-146.714	-146	-133.356	-118.555	-122.262	-109.277
152	Chile	284.71	226.707	163.853	134.508	118.484	95.549	72.855	57.773	37.306	23.386	34.171	29.338	30.409	10.026	13.507	13.453
170	Colombia	856.533	525.455	333.865	175.758	63.48	6.406	-2.532	-2.373	-2.228	-2.1	-2.226	-1.956	-1.911	-1.624	-1.617	-1.735
218	Ecuador	-107.021	-45.236	-16.251	-13.335	-11.613	-10.86	-10.874	-10.739	-10.566	-10.259	-9.96	-9.699	-9.073	-9.217	-8.628	-8.834
238	Falkland Islands (Malvinas)	-0.074	0	0	0	0	0	0	0	0	0	0	0	0	0	0	0
254	French Guiana	-6.705	-1.843	1.856	2.09	2.25	2.444	2.523	2.757	2.946	2.926	2.863	3.021	3.049	3.062	2.671	2.9
328	Guyana	-21.837	-21.408	-15.59	-14.789	-13.851	-13.673	-13.186	-11.653	-10.842	-11.114	-11.151	-9.62	-8.17	-7.802	-6.674	-6.741
600	Paraguay	-56	-60.191	-57.367	-53.219	-51.641	-48.646	-46.062	-42.012	-42.805	-43.724	-41.048	-39.749	-37.462	-36.8	-35.444	-35.267
604	Peru	152.676	6.963	-24.685	-25.411	-23.855	-23.586	-23.482	-23.8	-24.822	-22.3	-22.098	-20.939	-20.494	-19.317	-19.159	-18.943
740	Suriname	-4.263	-4.817	-4.835	-4.463	-3.405	-3.778	-3.511	-3.507	-2.999	-2.773	-2.459	-2.211	-2.709	-3.435	-3.229	-2.346
858	Uruguay	-7.238	-6.7	-6.359	-6.268	-5.884	-5.498	-5.284	-5.121	-4.943	-4.566	-4.406	-4.221	-3.87	-3.682	-3.471	-3.304
862	Venezuela (Bolivarian Republic of)	-1004.8	-424.958	-285.206	-240.572	-224.01	-167.486	-168.572	-196.798	-189.954	-204.993	-158.868	-148.794	-116.805	-118.545	-110.392	-121.354
905	Northern America	7134.384	7388.62	7382.115	7435.672	7500.778	7546.56	7642.357	7680.633	7730.671	7913.49	7979.911	8028.102	8060.406	7978.896	7991.817	7818.129
60	Bermuda	0.411	-0.064	-0.066	-0.068	-0.063	-0.062	-0.063	-0.063	-0.057	-0.052	-0.05	-0.05	-0.044	-0.042	-0.036	-0.032
124	Canada	1752.676	1417.453	1283.394	1249.803	1267.349	1273.88	1312.174	1353.6	1373.444	1357.502	1339.651	1386.285	1405.057	1397.638	1391.747	1433.036
304	Greenland	-1.538	-1.021	-0.694	-0.503	-0.439	-0.396	-0.351	-0.283	-0.308	-0.253	-0.2	-0.148	-0.137	-0.112	-0.113	-0.096
666	Saint Pierre and Miquelon	0	0	0	0	0	0	0	0	0	0	0	0	0	0	0	0
840	United States of America	5382.811	5972.369	6099.594	6186.577	6234.027	6273.2	6330.679	6327.444	6357.686	6556.405	6640.613	6642.15	6655.645	6581.489	6600.296	6385.312
909	Oceania	636.967	675.779	685.682	731.639	798.49	853.882	880.587	903.792	917.443	984.589	957.408	1005.365	1034.313	1074.111	1045.716	997.454
927	Australia/New Zealand	703.647	743.946	751.105	793.636	861.317	905.894	927.035	944.8	951.971	1007.872	986.181	1027.667	1049.763	1089.002	1058.895	1026.583
36	Australia	627.258	670.033	692.097	731.883	796.471	848.879	856.278	882.219	897.109	953.739	931.03	969.203	994.66	1028.913	998.164	972.351
554	New Zealand	76.394	73.896	59.017	61.761	64.838	57.019	70.767	62.582	54.872	54.129	55.16	58.469	55.088	60.094	60.737	54.215
928	Melanesia	0.231	-12.62	-21.905	-25.442	-31.65	-25.445	-22.438	-19.674	-15.184	-6.129	-13.316	-8.645	-2.992	-4.005	-3.257	-20.104
242	Fiji	-20.771	-15.808	-15.566	-14.295	-13.241	-12.417	-11.425	-10.439	-10.215	-9.955	-10.17	-8.592	-8.432	-7.428	-6.513	-6.674
540	New Caledonia	-0.11	2.104	1.964	1.838	1.774	1.417	1.47	1.722	1.758	1.17	1.566	1.312	1.51	0.919	1.008	1.067
598	Papua New Guinea	13.627	-5.793	-11.592	-8.297	-9.865	-3.799	-1.459	1.051	5.426	14.991	8.214	11.573	17.169	15.861	14.96	-1.202
90	Solomon Islands	7.88	7.655	4.682	-2.654	-7.824	-8.03	-8.161	-8.682	-8.716	-8.88	-9.366	-9.264	-9.333	-9.2	-8.912	-9.441
548	Vanuatu	-0.367	-0.657	-1.28	-2.035	-2.471	-2.687	-2.888	-3.314	-3.385	-3.491	-3.526	-3.706	-3.87	-4.214	-3.85	-3.884
954	Micronesia	-25.595	-19.973	-14.78	-11.681	-9.386	-7.434	-6.637	-6.122	-5.886	-5.32	-5.127	-4.301	-3.954	-3.526	-3.439	-3.386
316	Guam	-2.082	-2.228	-2.011	-1.952	-1.692	-1.501	-1.259	-1.195	-1.181	-1.091	-0.885	-0.748	-0.971	-0.806	-0.971	-0.921
296	Kiribati	-1.937	-2.221	-2.263	-2.13	-1.913	-1.645	-1.863	-1.679	-1.967	-1.944	-2.042	-1.947	-1.688	-1.514	-1.451	-1.606
584	Marshall Islands	-9.294	-7.055	-4.806	-3.276	-2.355	-1.692	-1.199	-0.937	-0.755	-0.544	-0.472	-0.308	-0.198	-0.121	-0.084	-0.064
583	Micronesia (Fed. States of)	-5.47	-5.285	-4.53	-3.972	-3.379	-2.785	-2.527	-2.232	-2.043	-1.778	-1.596	-1.353	-1.121	-0.953	-0.708	-0.63
520	Nauru	-0.703	-0.403	-0.21	-0.132	-0.044	-0.016	-0.031	-0.024	-0.013	-0.006	-0.002	0	0	-0.002	0	0
580	Northern Mariana Islands	-6.006	-2.768	-0.884	-0.145	-0.005	0.175	0.298	0.066	0.092	0.095	0.001	0.161	0.141	0.052	0	0
585	Palau	-0.061	-0.018	-0.004	0	0	0	0	0	0	0	0	0	0	0	0	0
957	Polynesia	-41.285	-35.557	-28.734	-24.864	-21.802	-19.118	-17.34	-15.222	-13.459	-11.848	-10.339	-9.33	-8.475	-7.357	-6.454	-5.636
16	American Samoa	-5.767	-4.454	-3.176	-2.423	-1.801	-1.224	-0.866	-0.727	-0.526	-0.368	-0.24	-0.161	-0.102	-0.055	-0.048	-0.039
184	Cook Islands	-2.655	-1.737	-0.776	-0.474	-0.213	-0.103	-0.002	0	0	0	0	0	0	0	0	0
258	French Polynesia	-6.587	-5.041	-3.673	-3.062	-2.727	-2.272	-2.213	-1.905	-1.65	-1.408	-1.106	-1.064	-0.848	-0.835	-0.797	-0.659
570	Niue	0.016	0	0	0	0	0	0	0	0	0	0	0	0	0	0	0
882	Samoa	-13.813	-13.438	-12.18	-11.207	-10.55	-9.788	-9.261	-8.381	-7.61	-6.743	-6.09	-5.643	-5.332	-4.657	-4.143	-3.809
772	Tokelau	0.293	0.1	0.005	0	0	0	0	-0.001	-0.006	0	-0.004	-0.007	-0.014	-0.002	-0.002	-0.003
776	Tonga	-10.735	-9.832	-8.339	-7.312	-6.204	-5.44	-4.728	-4.043	-3.461	-3.112	-2.692	-2.281	-2.042	-1.706	-1.294	-0.932
798	Tuvalu	-1.585	-0.876	-0.419	-0.209	-0.106	-0.039	-0.015	0	0	0	0	0	0	0	0	0
876	Wallis and Futuna Islands	-0.457	-0.253	-0.067	-0.026	-0.009	0	0	0	0	0	0	0	0	0	0	0
