country_code	country	2015-2020	2020-2025	2025-2030	2030-2035	2035-2040	2040-2045	2045-2050	2050-2055	2055-2060	2060-2065	2065-2070	2070-2075	2075-2080	2080-2085	2085-2090	2090-2095	2095-2100
900	World	0	1484.6105	3537.757	3178.5435	3255.8875	3130.294	3358.241	3462.551	3608.097	3561.3375	3847.4935	4034.444	4155.2545	4230.8725	4614.8935	5339.9715	6190.8135
1834	Sub-Saharan Africa	185.4475	3659.8535	10874.798	13212.474	14867.6865	16101.854	18128.3645	18987.441	21597.833	23028.187	24530.8655	26811.4935	28922.6625	31056.631	34681.552	36637.3105	39033.772
1833	Northern Africa and Western Asia	-151.645	5812.204	10469.0525	9917.3845	11235.549	11875.033	12649.5885	15119.334	15297.766	16693.621	16909.129	17262.143	19080.5005	20956.707	21119.673	22726.7325	24301.397
1831	Central and Southern Asia	-738.6715	-10205.8465	6447.127	11699.513	14390.7135	15667.8705	17887.4425	20972.6155	23475.3935	24953.7425	28312.9225	30616.566	33211.498	35885.1775	39487.2545	40332.499	41914.756
1832	Eastern and South-Eastern Asia	-54.2805	1425.7325	9090.7865	9601.5035	9834.7585	10063.8735	10628.802	10102.3995	10784.365	10796.0955	10821.006	10730.5925	10460.1215	11176.9605	10966.6725	11320.022	11670.4755
1830	Latin America and the Caribbean	-304.0095	-1585.888	1298.3195	2565.4695	3131.284	3884.3125	4474.791	4780.689	5098.553	5328.9445	5448.9945	6060.8645	6078.1585	6389.2365	6947.4295	7238.956	7574.69
1835	Oceania (excluding Australia and New Zealand)	-3.089	-21.326	223.6335	371.411	496.9655	628.162	782.916	880.101	1009.2315	1159.068	1313.025	1443.5155	1580.893	1763.235	1867.1465	2049.167	2154.779
1836	Australia/New Zealand	43.2855	1072.0365	2706.8625	2124.3185	2276.246	2407.77	2578.0205	2670.2575	2825.4055	2884.226	3056.142	3132.298	3169.512	3314.053	3495.654	3619.079	3564.405
1829	Europe and Northern America	1022.9625	16076.884	22423.843	22735.165	23344.5205	23625.662	24738.9525	24984.886	25437.623	26139.2205	27073.452	27676.875	28598.5295	29838.7585	29832.6175	31502.1315	32238.5535
5502	Europe, Northern America, Australia, and New Zealand	1066.248	17514.1895	23894.5875	23039.7955	23467.221	23575.3165	24395.0615	24842.66	25481.958	26153.6265	26845.9375	27579.606	28321.043	29569.6595	30098.303	31913.682	32706.3755
901	More developed regions	1087.2485	17415.8175	24309.2825	24527.086	25120.88	25538.5685	26483.545	26889.4315	27369.135	28310.645	29170.497	29848.99	30668.7685	32044.4605	32073.8775	33691.5265	34259.4555
902	Less developed regions	-1087.2485	-11728.788	-5938.895	-4949.0095	-3873.0515	-3617.295	-3242.5415	-2675.4255	-2222.149	-1860.345	-1526.201	-923.7865	-843.985	-228.743	205.667	769.622	1294.7705
941	Least developed countries	-412.9615	-4565.0935	9632.119	12372.6965	14282.8815	14875.7155	16386.5115	17832.7545	19674.533	20462.7865	22337.363	24922.5755	26744.1285	27943.8275	29297.3305	31616.3785	33831.428
934	Less developed regions, excluding least developed countries	-674.2875	-2188.134	5288.7105	7677.8695	9970.319	11455.477	13230.509	15545.236	17118.5925	19136.718	20035.608	22478.3245	23385.445	25282.4945	27100.979	31648.193	31671.131
948	Less developed regions, excluding China	-1034.369	-9641.7315	-3124.205	-1877.3255	-992.463	-1068.3795	-283.498	165.0815	352.9875	485.434	650.873	1026.4485	1442.419	2052.0295	2326.9175	2832.148	3290.2625
1636	Land-locked Developing Countries (LLDC)	131.9295	1020.0215	11894.519	15135.904	17250.904	19008.3515	19728.628	21506.2995	23390.142	25470.3285	27522.962	30463.5215	32091.0145	33646.7835	35643.7325	36322.6395	38254.0375
2087	LLDC: Africa	-1.65	2485.57	8451.339	10140.558	11239.4705	12713.759	13915.9905	15113.167	16004.029	17799.0425	18707.967	20022.3435	21704.9515	23521.655	23675.5845	24858.7785	26315.4135
2088	LLDC: Asia	168.455	463.4325	11326.8145	15204.674	17183.3345	19278.2175	20361.7215	23208.7895	24190.894	26986.555	30347.4805	32688.9505	36619.714	38652.695	40612.017	40158.9655	42582.285
2089	LLDC: Europe	-28.4315	-33.276	17.4385	68.6435	91.1065	114.2775	136.564	162.2855	176.826	178.784	186.9525	202	207.652	226.096	239.2365	260.9485	262.985
2090	LLDC: Latin America	-6.4445	-58.694	21.0105	69.1845	109.58	140.205	170.2045	210.5765	231.1015	259.2845	285.0245	301.8415	311.554	334.726	334.199	355.8055	371.514
1637	Small Island Developing States (SIDS)	-112.442	734.92	746.5665	990.493	1209.353	1356.8035	1582.439	1745.6185	1883.2905	2024.3885	2148.1925	2251.27	2525.211	2735.324	2815.5395	3062.509	3292.4255
2091	SIDS Caribbean	-37.956	-371.5465	-87.0135	-29.499	35.7715	114.0355	178.4525	216.006	237.4135	276.309	324.211	360.814	390.613	464.183	523.128	662.2415	775.5765
2092	SIDS Pacific	-1.1835	94.198	545.94	702.6715	821.412	946.21	1058.7485	1198.605	1279.6175	1417.521	1575.025	1654.11	1835.327	1925.752	2017.9975	2291.861	2396.917
2093	SIDS Atlantic, Indian Ocean and South China Sea (AIS)	-73.3025	1371.5005	1006.6225	1170.414	1269.628	1343.7495	1450.492	1539.282	1547.2605	1622.611	1683.6385	1719.531	1788.1565	1879.925	1911.028	2082.7615	2034.394
5503	High-and-upper-middle-income countries	1105.7935	26577.2245	28928.782	29604.228	32014.1925	32673.6775	34056.414	34954.6105	36049.2975	37347.87	38714.154	39711.999	40225.617	42324.7325	43593.4535	46493.753	48242.7615
5504	Low-and-Lower-middle-income countries	-843.537	-18167.258	-33.2875	2537.5075	3632.6605	4534.6025	5175.963	6229.8565	7217.86	7655.3345	8227.2425	8661.1795	9639.0655	10104.7385	9514.324	11148.5145	11960.066
1503	High-income countries	788.6145	25600.6995	25600.105	25400.363	26441.4775	26444.4915	26947.157	27987.699	28649.1845	29282.639	29718.664	30897.2385	31549.774	33091.582	33734.222	35644.8815	36478.3885
1859	Low-and-middle-income countries	-526.358	-19396.218	-4741.338	-1861.1695	-586.845	-53.108	649.6025	1707.268	2170.656	2330.4875	3278.7925	3420.4375	4022.1605	4796.4395	4333.8335	6103.215	6109.4815
1517	Middle-income countries	-708.538	-16897.075	1686.7885	6353.242	8609.3035	11182.4725	12514.751	15055.655	17043.807	18708.171	21669.448	23027.7695	26173.5745	28199.7755	29433.502	35564.68	36201.113
1502	Upper-middle-income countries	317.179	2044.799	8780.4385	10266.211	11804.34	12473.77	13278.063	13688.7565	14503.1405	15147.1435	15828.525	16416.505	17364.901	18192.8755	19192.5575	20379.045	21134.327
1501	Lower-middle-income countries	-1025.7165	-16744.025	941.903	4436.7285	6580.003	8072.538	9801.821	12058.996	14107.422	16172.798	18641.3425	20764.8315	23171.5015	25152.7545	26960.005	31982.488	34682.9865
1500	Low-income countries	182.1795	3028.551	14497.0275	15849.679	17314.184	18629.7785	19678.95	21240.734	22345.1625	24319.4885	26006.5095	28579.748	30114.466	30908.64	32057.05	32226.857	35155.544
1518	No income group available	-260.5025	-619.5945	1428.7935	2058.2735	2326.9945	2746.9365	2941.2905	3023.5245	3023.969	3258.095	3299.0755	3488.1185	3546.611	3844.2365	3983.1465	4590.53	4712.8645
903	Africa	124.16	1902.2705	10773.4125	12729.8825	14099.971	14984.1615	17543.828	18693.292	20932.312	22518.744	24372.2995	26156.966	27809.578	29692.252	33637.4635	35389.8495	39404.6395
910	Eastern Africa	13.4995	2256.9605	10603.5805	11820.5135	13438.73	14663.4115	16087.4775	17691.119	18654.098	20220.776	21240.9165	23300.3995	24789.0605	26579.102	27932.378	29186.638	30537.7015
108	Burundi	-5.0945	758.6215	2826.6255	3206.549	3684.6555	4084.4615	4305.7005	4747.9425	5164.1565	5671.691	6142.2705	6593.4295	6928.8815	7295.882	7951.7625	7727.343	8174.7135
174	Comoros	-0.883	-4.695	18.395	29.5395	39.424	51.3635	60.397	70.928	79.5165	87.6845	95.688	106.301	110.9015	120.6645	125.41	130.589	137.4845
262	Djibouti	0.65	81.096	397.325	459.856	533.6965	589.8	632.3655	713.9705	767.842	814.3575	916.6755	1111.876	1117.8465	1180.934	1303.7895	1463.436	1588.2735
232	Eritrea	-7.4835	174.524	850.9035	931.8495	1095.0145	1214.7005	1261.4125	1402.2565	1472.5525	1560.662	1715.849	1768.8385	1853.518	1954.077	2009.2925	2076.7435	2154.964
231	Ethiopia	19.433	2028.4465	7763.5195	8906.135	9890.2345	11094.672	12100.4715	13094.2675	14316.034	15417.0535	16611.9385	17623.2875	19279.262	19551.0795	20699.6325	22409.3985	23090.18
404	Kenya	-8.5555	53.8695	718.2705	970.2365	1182.6205	1349.769	1455.6015	1659.7825	1744.84	1834.441	1993.8595	1924.025	1790.4405	2016.333	2055.144	2037.403	2044.8765
450	Madagascar	-0.74	14.8775	116.001	180.186	237.794	293.79	344.6605	389.184	441.2885	506.7955	569.0805	606.6585	651.717	696.3165	752.841	810.378	826.986
454	Malawi	-1.3275	447.5535	2263.064	2663.2985	3067.203	3418.9335	3519.449	3956.9755	4368.039	4397.595	4963.862	5380.7615	5893.683	6145.4495	6228.2305	6923.083	7228.8135
480	Mauritius	-2.9475	-10.8125	18.3535	24.1415	25.569	25.6235	24.5745	23.5615	24.146	23.008	22.7625	21.622	20.5825	18.892	18.612	17.4615	16.517
175	Mayotte	0.613	9.918	36.414	50.343	65.479	81.208	105.477	119.64	129.1635	133.522	169.118	190.153	201.807	225.55	252.6085	311.4125	287.1275
508	Mozambique	-12.932	743.004	3873.5195	4661.6915	5245.968	5663.329	6650.7515	7281.762	7788.589	7947.3645	8884.0885	9781.3635	10419.8525	10417.4085	10625.618	11363.012	12299.1335
638	Réunion	1.136	-2.163	37.435	47.5065	51.738	56.098	54.738	54.9775	54.4315	52.6095	53.545	56.0475	54.5045	54.956	53.7975	51.557	52.464
646	Rwanda	-11.1255	1677.6355	6379.494	7238.72	8101.6525	9190.6435	10157.055	10607.29	11487.29	12012.881	12819.57	13762.9295	13946.5935	14990.945	15574.3535	15854.1285	17728.664
690	Seychelles	0.863	10.495	12.1355	9.888	12.8565	14.0145	15.1815	16.2875	17.298	17.0915	18.6485	19.644	20.4165	21.3685	20.5345	21.3695	22.3005
706	Somalia	38.6295	1238.9865	4960.328	5717.1285	6537.899	7240.077	8130.671	8575.594	9368.3575	9783.9015	11441.299	10941.2285	10736.2015	11471.0775	12716.295	12217.15	12083.031
728	South Sudan	31.4675	903.658	2181.6225	2573.158	2812.5075	2981.831	3233.2175	3554.226	3761.8205	4040.48	4339.0235	4531.159	4764.8485	5139.1175	5102.0445	5300.587	5519.733
800	Uganda	21.732	16.8955	1034.496	1202.8575	1415.41	1610.3365	1763.396	1908.862	2028.706	2158.2295	2198.209	2350.404	2473.2185	2523.05	2602.9625	2603.251	2639.296
834	United Republic of Tanzania	-9.2935	503.4775	2469.337	3097.362	3475.7855	3818.2245	4351.256	4761.542	5173.6495	5682.569	6253.53	6698.53	7442.188	7742.2735	8199.1185	8632.1905	9171.636
894	Zambia	4.078	94.581	481.251	723.003	886.9655	1102.381	1311.759	1537.4335	1772.337	2040.171	2299.598	2444.792	2782.759	3199.57	3346.1535	3808.0415	4383.0745
716	Zimbabwe	-44.72	37.2895	1339.291	1549.247	1676.9265	1913.4915	2043.9215	2115.844	2257.3385	2393.2965	2464.0035	2574.201	2724.927	2700.567	2962.0225	2937.8825	3013.6795
911	Middle Africa	2.4645	2130.287	6020.1145	7437.473	8928.3065	10220.694	11459.3465	12924.102	15099.0815	17535.9535	20415.821	22007.1415	24973.0315	26883.107	30860.8015	34393.0065	37193.8905
24	Angola	3.778	256.6485	1558.8375	2492.0285	3318.272	4446.609	5449.4705	6596.1825	8499.045	12225.6565	14589.573	16597.659	19681.448	22194.125	25626.113	28718.9265	32746.657
120	Cameroon	-4.944	156.892	638.659	726.626	835.9315	930.971	1019.829	1117.9895	1210.123	1321.8165	1466.9495	1534.5265	1630.8625	1741.344	1718.43	1887.932	1949.368
140	Central African Republic	-12.3725	-66.976	431.0165	682.615	860.0285	1012.5965	1201.1385	1445.7765	1602.769	1708.506	1951.574	2233.9845	2440.726	2667.004	2879.9935	3155.5035	3279.7255
148	Chad	18.3025	1402.0405	1986.4965	2634.669	3032.851	3494.098	3833.1355	4394.2905	4756.7225	5276.2065	5754.9215	6475.3685	7236.5995	7506.5565	8087.465	8853.494	9774.5835
178	Congo	-2.236	78.3165	374.8525	447.436	500.207	551.9075	614.696	686.9965	746.5375	803.7365	862.9595	945.763	979.0765	1071.148	1197.168	1180.3325	1284.131
180	Democratic Republic of the Congo	-0.8165	1407.2785	5974.6725	6761.2755	7895.037	8799.5715	10010.232	11098.5895	12521.0675	13452.8365	14762.113	15696.4455	17225.3415	17156.9055	18372.0485	20370.2265	21317.8295
226	Equatorial Guinea	0	58.9185	251.549	412.195	563.4735	684.563	884.067	1167.327	1371.967	1515.4165	1823.5285	2163.065	2473.5925	2645.5925	3188.714	3595.7915	4151.1175
266	Gabon	0.753	13.1325	51.1595	80.18	102.1545	123.2425	148.133	168.8705	185.638	218.69	233.098	249.5715	284.7985	319.488	344.033	396.8945	435.1535
678	Sao Tome and Principe	0	-1.2995	7.0385	11.9545	16.6885	21.584	27.9985	32.564	40.613	46.6745	50.184	56.6265	63.3435	69.024	70.282	82.459	89.445
912	Northern Africa	-61.2875	-643.7	4590.531	4833.567	5339.775	5808.904	6411.36	7008.4745	7469.6625	8048.016	8502.9565	8867.2765	9417.726	10008.5835	10168.502	10494.5805	11394.6905
12	Algeria	-5.399	363.4835	2052.9365	2380.459	2560.9065	2648.2935	2873.143	2905.2085	2880.2305	2917.143	3094.4005	3193.9	3207.601	3080.249	3121.9825	3095.5535	3221.716
818	Egypt	3.008	940.673	2315.0975	2606.192	2775.6845	2820.404	2987.0215	3108.944	3289.549	3322.0215	3435.386	3557.9575	3604.6555	3722.2975	3805.9975	3712.3975	3923.365
434	Libya	-0.347	313.492	1163.191	1240.722	1281.4065	1357.9515	1404.3685	1522.636	1587.249	1594.0565	1611.707	1651.7285	1640.6595	1770.719	1773.2315	1863.2655	1847.7815
504	Morocco	-17.737	-127.624	139.8035	191.5395	242.616	304.683	288.5535	341.1095	300.1585	320.177	316.873	329.042	366.6155	370.6445	365.056	349.3135	347.51
729	Sudan	-32.9665	-1076.523	4161.251	4422.1875	5032.2085	5508.094	5901.5725	6623.072	7171.9235	7924.6615	8114.416	8384.091	8948.261	9745.6105	9448.4885	9644.175	10447.972
788	Tunisia	-9.594	-6.143	290.3325	444.3995	538.306	628.796	711.897	773.502	795.6015	830.5975	849.2235	865.5825	855.4115	909.783	964.9065	940.1425	943.9765
732	Western Sahara	1.748	33.6235	83.5395	118.5445	143.9505	212.814	337.0885	457.633	440.5135	539.7165	666.467	852.0825	1015.9565	1191.447	1487.01	2005.3835	2146.5625
913	Southern Africa	188.968	2054.986	3367.123	3613.7535	3702.831	4057.4045	4214.294	4370.7715	4620.5055	4611.6135	4808.754	4965.855	5021.5255	5306.027	5490.6935	5619.433	5664.525
72	Botswana	-5.665	15.4245	234.3915	317.966	380.901	433.3625	486.116	507.6625	552.091	550.7795	556.6505	581.4805	607.603	652.42	626.4105	660.2315	685.36
748	Eswatini	-2.121	-6.597	72.1935	79.206	84.6975	88.683	93.3875	95.7405	94.542	91.682	96.883	99.2055	95.774	89.2895	97.2915	90.312	84.6385
426	Lesotho	-1.7245	-8.619	68.4875	110.824	146.117	185.715	220.043	255.3745	283.7985	312.656	368.123	375.393	366.5725	365.947	418.3165	434.216	473.5285
516	Namibia	13.528	153.2935	310.5465	340.232	362.537	394.554	454.7545	449.6235	493.022	529.527	547.3205	557.184	568.8715	607.1485	646.3745	669.1095	664.7015
710	South Africa	184.9505	2063.0665	3404.2805	3634.15	3667.648	4053.9555	4177.8015	4331.435	4523.8015	4585.088	4684.027	4851.145	4848.2725	5096.3645	5355.116	5376.5155	5372.5845
914	Western Africa	-19.4845	490.8075	3890.2585	4952.8725	5725.6685	6384.012	7018.349	7751.5585	8847.7265	9375.284	10799.288	11633.7855	12570.5835	13551.6435	13830.2625	16195.881	16652.9635
204	Benin	0.8645	154.978	569.7525	643.9	704.1125	772.1975	868.7015	961.585	971.969	1088.848	1162.9645	1231.9515	1246.551	1349.14	1359.3415	1506.1025	1561.9155
854	Burkina Faso	-2.8305	-50.807	182.7655	341.49	513.006	630.672	714.9565	846.401	941.826	1053.9155	1188.0475	1344.4445	1472.7795	1585.0235	1659.538	1649.2065	1723.8965
132	Cabo Verde	-1.681	-0.894	23.1865	37.294	48.615	58.879	72.1605	82.4725	85.082	93.0145	101.2625	105.7985	118.9745	128.061	149.4675	154.1655	156.3265
384	Côte d'Ivoire	-6.195	250.563	1337.8065	2045.1245	2747.785	3380.0765	4156.4325	4648.8235	5297.0545	6081.914	7039.611	8167.082	8914.736	9473.758	9806.633	11597.426	12543.3465
270	Gambia	-0.9745	-5.167	37.7805	67.9065	97.8145	121.1595	145.7915	165.826	189.6015	215.103	231.0705	263.78	291.077	293.182	312.0255	335.982	344.7225
288	Ghana	-0.1455	156.8585	801.4645	996.046	1112.5305	1276.3235	1409.5335	1531.5315	1630.975	1783.0855	1983.796	2172.532	2055.333	2041.294	2152.895	2182.795	2166.162
324	Guinea	-2.1825	128.9965	630.623	703.015	770.622	883.3205	907.2235	990.6715	1048.4595	1092.101	1196.259	1222.5655	1298.827	1293.4255	1300.431	1356.425	1416.6895
624	Guinea-Bissau	-0.697	66.732	349.637	430.846	522.8255	577.1655	633.649	678.726	715.8345	792.4015	862.5785	849.859	882.024	919.289	941.4575	1003.3025	1048.1765
430	Liberia	-5.0535	643.849	2470.195	2841.9865	3225.7195	3467.768	3760.304	3985.138	4529.1435	4666.8605	4982.562	5358.8515	5658.0465	5962.9575	6047.433	6203.7295	6373.522
466	Mali	-7.481	-82.0265	317.1885	576.6895	806.469	1043.2325	1301.12	1485.907	1587.3725	1792.206	2045.8325	2357.0965	2356.121	2456.712	2674.4625	2680.734	3000.8475
478	Mauritania	-0.7415	51.7345	172.434	188.181	215.853	242.92	273.7475	301.259	329.727	372.344	397.749	424.725	418.66	469.474	501.805	509.96	563.608
562	Niger	-2.201	20.47	84.6395	87.085	106.988	125.316	142.769	150.135	162.9305	195.01	206.343	225.8025	249.28	256.386	253.695	243.841	278.155
566	Nigeria	-7.2485	499.036	2785.4945	3430.475	3844.347	4293.642	4580.98	5439.0875	5497.8935	5998.8115	6268.78	6824.5125	7089.0885	7163.916	7141.5855	7949.6445	8236.1605
654	Saint Helena	0.0055	0.072	0.3535	0.474	0.5445	0.6115	0.683	0.704	0.7685	0.879	0.881	0.874	0.994	1.0025	1.087	1.147	1.255
686	Senegal	16.924	125.995	438.3235	678.852	888.4585	1108.36	1276.8425	1477.7975	1624.5915	1799.8835	1940.951	2169.0435	2282.264	2446.1045	2664.5715	2825.9485	3030.4095
694	Sierra Leone	0.646	277.4035	1082.848	1225.8395	1351.162	1505.892	1605.166	1674.563	1778.015	1819.453	1953.2485	2054.689	2048.051	2132.264	2121.6655	2230.831	2253.682
768	Togo	-0.493	247.0075	944.479	1093.1455	1170.252	1306.5885	1410.2535	1524.301	1644.2385	1838.2585	1946.479	2106.0585	2220.387	2350.533	2373.1105	2605.2045	2741.4095
935	Asia	-883.3095	-6129.36	6118.7775	8545.862	11394.4335	13098.031	14587.5105	17070.7035	18608.3145	20994.9875	23591.6655	26233.716	27843.2785	30775.53	33174.6575	34616.51	36504.2045
5500	Central Asia	26.5645	387.59	1708.53	2230.051	2571.068	3054.8305	3359.8645	3820.0355	4204.6495	4363.469	4829.7995	5202.605	5649.6365	6081.1175	6111.784	6647.3155	7403.794
398	Kazakhstan	-4.358	288.0115	1540.6465	2041.6375	2394.7205	2898.073	3202.918	3541.247	3894.9595	3965.2815	4322.951	4693.5525	4865.76	5302.9405	5240.258	5722.024	6137.372
417	Kyrgyzstan	27.352	170.963	424.1975	559.4505	583.281	633.914	675.0565	718.101	793.613	813.954	855.252	910.256	927.601	941.4745	1057.6995	1171.529	1143.8105
762	Tajikistan	-1.782	32.554	451.704	562.554	678.9175	772.202	788.526	873.8105	976.2505	961.599	1021.9575	1117.7755	1164.3515	1172.8785	1230.8245	1240.782	1302.8
795	Turkmenistan	9.9565	98.6015	157.052	168.419	179.845	197.7335	214.755	223.0415	239.3495	241.386	245.9685	233.62	243.208	247.2935	248.3995	250.8415	231.4185
860	Uzbekistan	-4.604	53.0315	526.786	817.7205	1044.317	1324.8115	1518.559	1733.2995	1869.463	2038.898	2290.664	2490.8795	2645.4455	2845.5685	3031.9655	3348.196	3681.4605
906	Eastern Asia	23.644	1618.956	8264.6905	8378.9185	8381.0975	7928.228	7974.0205	7577.329	7442.348	7317.334	7048.403	6773.912	6581.153	6196.938	5992.241	5913.137	5991.2855
156	China	-45.7885	555.925	6008.5155	5937.1755	5818.386	5587.317	5579.508	5246.8835	5001.923	4605.51	4352.5855	4127.572	3688.3365	3402.629	3174.5405	3000.5275	2793.553
344	China, Hong Kong SAR	-0.9	1309.726	4667.558	4606.9825	4775.5505	4883.042	4853.441	4760.688	4806.176	4650.4795	4826.4335	4640.4445	4557.022	4361.6805	4248.138	3913.4195	4228.349
446	China, Macao SAR	4.421	147.512	418.194	416.8055	427.8525	439.4585	442.498	440.192	452.8535	417.23	408.107	429.7555	416.828	387.8185	373.1855	390.233	378.048
158	China, Taiwan Province of China	-10.612	-67.7285	567.5975	606.3125	641.831	647.845	644.961	629.769	644.91	594.1995	615.2035	563.493	526.951	508.4925	485.9535	515.5085	465.7285
408	Dem. People's Republic of Korea	-0.7925	12.479	93.4975	123.621	146.427	160.6585	169.2605	181.203	180.711	178.6895	179.0555	174.424	174.2875	177.0415	172.925	176.9435	179.5215
392	Japan	21.0005	820.639	1866.212	1984.544	2027.7765	2015.38	1997.199	1982.58	1911.663	1901.174	1939.363	1836.616	1784.1825	1770.504	1779.4755	1719.113	1711.187
496	Mongolia	0	19.015	113.421	145.125	176.113	205.883	242.374	268.76	297.0765	302.09	342.2315	357.713	364.1575	364.296	384.847	393.8865	402.4215
410	Republic of Korea	56.3155	600.412	1807.1695	2101.641	2164.158	2115.0505	2201.589	2177.9365	2094.2055	1934.061	1829.1095	1741.395	1682.903	1652.1495	1553.8005	1496.3955	1369.63
5501	Southern Asia	-765.236	-10265.269	6717.6615	11805.7375	14957.94	15999.5725	18599.525	21275.7405	24194.291	25341.779	29112.2125	31108.206	33522.0685	36256.2895	39931.5375	40014.579	41967.8485
4	Afghanistan	71.817	1678.935	12524.7715	15856.1165	17737.7785	20105.2525	21429.1355	23788.089	25426.352	27901.939	30852.4705	33240.51	36547.3505	38703.0845	41274.5035	40936.408	43622.1405
50	Bangladesh	-501.261	-2657.683	1657.491	3281.002	4280.38	4820.8435	5239.2	5630.332	5972.1495	6124.194	6507.522	6943.333	6707.858	6699.573	6864.1315	6576.281	6509.137
64	Bhutan	0.1435	34.7255	129.6555	145.0385	146.645	148.8715	152.78	150.741	149.89	150.8375	151.024	144.651	146.169	147.853	136.595	128.399	123.726
356	India	-36.903	-2126.369	3651.032	4434.507	4688.7585	4878.5685	5217.3955	5197.8305	5349.8015	5303.174	5460.0615	5284.362	5461.956	5344.023	5027.26	5028.8255	5096.544
364	Iran (Islamic Republic of)	-90.34	2618.4395	5504.4455	5409.124	5811.369	5913.3295	5963.1385	6199.869	6242.7245	5895.746	5896.669	5752.984	5806.7985	5493.343	5471.107	5278.3465	5134.4025
462	Maldives	4.821	12.3165	30.3085	46.7885	53.16	60.129	66.685	78.202	89.7095	90.913	92.8155	96.804	102.2275	103.019	111.9	113.87	113.762
524	Nepal	81.0695	-851.883	713.9965	1531.0185	1759.938	1966.7955	2142.344	2234.9575	2219.203	2449.323	2575.448	2557.941	2638.562	2633.5875	2647.144	2652.6345	2558.545
586	Pakistan	-279.6455	-4055.3905	3942.266	7939.1015	9937.9415	11770.254	13586.739	15291.369	17781.4535	19028.6985	19087.839	20369.4035	21902.639	21962.817	23856.9165	24892.993	25623.28
144	Sri Lanka	-14.9375	53.8965	826.7125	1005.4715	1065.614	1129.2135	1172.307	1180.473	1175.0855	1221.8895	1214.9695	1272.3075	1181.0225	1202.3105	1213.3765	1138.97	1159.285
920	South-Eastern Asia	-77.9245	1233.375	4914.4825	6161.0315	6442.147	7018.047	7509.4895	7540.0275	8093.292	8402.792	8695.0055	8354.555	8516.094	9176.353	9348.409	9938.0335	9910.24
96	Brunei Darussalam	0.231	5.301	30.921	42.621	50.951	54.2535	56.847	58.534	60.122	62.1505	66.181	69.194	72.3055	71.0545	72.2705	77.372	79.222
116	Cambodia	0	422.2735	2439.5795	2849.35	3004.123	3355.642	3568.826	3536.111	3725.9725	3676.141	3923.314	4158.989	4091.85	4008.514	3961.4705	4065.7205	4488.848
360	Indonesia	-9.3715	124.9095	1211.35	1699.7405	2040.613	2259.716	2394.997	2535.3925	2737.65	2937.0495	3079.5335	3196.088	3371.975	3433.8425	3462.997	3536.486	3547.056
418	Lao People's Democratic Republic	-5.1525	-27.7045	83.3925	144.403	187.4695	224.3425	245.47	276.635	307.7075	337.4545	365.7425	375.2035	373.931	387.804	404.4455	411.9935	441.0865
458	Malaysia	50.9535	1043.9285	1835.0805	2197.185	2570.675	2859.789	3098.147	3469.114	3619.8475	3974.619	4408.9555	4365.948	4826.69	5080.315	5547.797	6097.5225	6223.8165
104	Myanmar	-33.1065	-96.101	344.776	557.0595	732.12	821.8155	866.814	977.163	1046.081	1092.7495	1080.2875	1045.036	1062.154	1057.69	1054.473	1085.273	1109.957
608	Philippines	-23.507	23.7835	3139.3455	4146.412	4488.624	4771.1615	5025.7815	5174.6445	5192.5155	5210.1165	5257.1375	5221.7345	5349.6735	5476.3785	5367.124	5344.8735	5148.9315
702	Singapore	-72.778	1233.957	973.857	1132.0165	1203.5785	1199.763	1295.741	1377.393	1382.669	1398.1505	1474.719	1450.2165	1517.5155	1517.0845	1513.259	1616.8645	1534.1615
764	Thailand	16.1385	197.011	782.1495	1084.4975	1162.639	1226.165	1279.919	1278.3535	1297.213	1271.885	1282.6405	1304.9135	1279.423	1205.583	1188.5635	1186.149	1195.139
626	Timor-Leste	1.8965	151.088	559.727	607.5425	673.912	721.4615	771.174	834.845	806.7655	832.4135	872.143	913.8035	957.266	932.4105	930.4945	897.884	941.035
704	Viet Nam	-3.2285	227.0165	1767.192	1938.4645	1904.7035	1982.184	2100.683	2093.4205	1970.916	1969.584	2017.4765	2011.852	2081.6585	2046.712	1910.7385	1892.878	1822.1495
922	Western Asia	-90.3575	7254.45	9749.39	9485.0355	10996.3095	11812.3415	12510.607	14339.93	15018.5875	15984.386	16044.322	16983.284	18080.135	19713.374	20094.354	21289.911	22581.5535
51	Armenia	-6.523	65.2135	17.61	120.9915	205.574	270.7585	319.4475	363.6775	406.3145	440.76	514.144	585.3075	626.288	660.763	739.6215	796.672	857.366
31	Azerbaijan	0.5365	-5.6145	238.424	221.3005	230.443	235.069	242.564	250.5665	251.1315	267.6475	261.114	263.463	259.969	249.3145	243.664	269.231	262.3655
48	Bahrain	-2.524	152.4835	423.967	463.8215	497.63	497.6055	512.074	534.9685	526.5305	539.488	560.1305	565.2225	564.6385	581.3755	579.545	579.1855	586.953
196	Cyprus	4.8265	56.1145	106.942	131.565	149.87	167.413	184.025	201.169	209.6325	233.425	245.478	247.6385	268.366	293.791	338.884	380.3445	411.1355
268	Georgia	-1.369	65.008	239.2415	332.4425	395.4275	462.1895	513.962	568.09	675.401	733.1905	806.6915	838.8205	926.0485	960.0095	976.237	1056.922	1273.7395
368	Iraq	14.929	1261.648	4206.181	4665.715	5235.5825	5832.1085	6261.973	6672.2875	6948.9955	7443.3215	7791.4155	8379.694	8452.736	8822.9645	9200.447	9415.685	9624.318
376	Israel	8.2865	269.071	992.935	1334.5735	1624.1155	1953.383	2311.2335	2538.2495	2586.798	3100.911	3457.3515	3945.014	4114.4365	4474.0065	5213.323	5764.795	6226.743
400	Jordan	3.3725	266.299	2188.1595	2490.5955	2766.538	2924.3565	3142.542	3278.8295	3519.4005	3647.957	3855.071	3935.498	3980.6	4075.0425	4249.6235	4363.208	4464.614
414	Kuwait	-84.1895	1036.8425	2877.3995	3110.884	3156.9615	3249.037	3289.1	3429.583	3532.116	3639.314	3621.762	3646.6635	3682.7295	3695.228	3730.2805	3803.24	3735.8925
422	Lebanon	-23.8935	152.2915	1167.646	1308.3615	1430.175	1517.4515	1543.994	1532.9745	1604.7605	1670.752	1750.7365	1765.5535	1783.0015	1922.0755	1867.429	1874.9235	1841.272
512	Oman	-85.8175	1024.7595	2313.3515	2348.5585	2457.491	2538.3965	2615.656	2811.3535	2848.7845	3005.6025	3137.119	3190.4845	3262.0575	3211.958	3261.7985	3421.924	3316.952
634	Qatar	-25.2165	454.191	1618.9125	1827.987	1980.5565	2057.6685	2097.2555	2264.222	2305.116	2415.472	2451.5795	2453.2535	2486.743	2499.9005	2574.102	2651.5105	2590.2565
682	Saudi Arabia	-37.3625	2032.342	4048.6325	4455.3655	4451.8565	4442.7925	4454.6035	4551.1905	4673.9305	4733.1445	4734.7505	4808.876	4851.1235	4885.704	5026.232	4916.7325	4951.7465
275	State of Palestine	-6.1845	44.4055	606.6625	983.0405	1226.376	1614.3265	1901.081	2104.4245	2440.3845	2624.8195	2768.267	3028.763	3543.5105	3699.5645	3841.022	4058.251	4414.849
760	Syrian Arab Republic	134.525	3589.661	6551.038	7413.0665	7916.6465	8661.174	9442.25	10653.735	11010.924	11484.5135	11384.0955	12463.8285	12934.959	13281.8395	13900.711	13789.8955	14751.191
792	Türkiye	18.967	-384.2665	1993.9495	2898.527	3174.042	3506.6995	3590.705	3734.297	3827.576	3866.842	3851.423	3723.717	3750.303	3639.3205	3566.1865	3446.71	3261.96
784	United Arab Emirates	46.2705	2301.122	4744.3975	5356.299	5604.001	5945.652	6438.6765	6760.7005	6985.5715	7332.2565	7344.4795	7308.632	7451.146	7660.6615	7766.4655	7981.415	7979.4685
887	Yemen	-48.991	-73.7515	427.066	611.733	748.8725	869.5995	1006.6405	1132.6055	1197.956	1412.1655	1523.799	1637.3455	1825.89	1936.9375	2014.554	2066.9665	1973.8965
908	Europe	729.803	8625.6505	12883.816	12573.045	12596.1855	12666.065	12960.9755	12933.9725	13122.2665	13445.7145	13551.361	13966.944	14020.15	14613.438	14991.3755	15427.945	15969.4805
923	Eastern Europe	150.6435	-480.3795	5536.959	5056.6255	5194.5995	5219.7795	5220.9105	5117.6305	5135.8305	5182.491	5229.3665	5018.7425	5058.115	5128.576	5059.1855	5059.3215	5030.092
112	Belarus	-16.977	-32.6275	128.187	135.905	139.0255	136.362	137.2765	129.1315	121.0595	113.1485	112.8815	108.2885	98.4935	94.5795	90.455	85.371	80.6115
100	Bulgaria	15.0835	109.0925	185.2965	178.0645	181.98	186.343	172.9915	168.4545	165.1005	149.084	147.8865	137.821	143.18	138.1215	130.2095	117.7765	110.8015
203	Czechia	2.168	215.6795	134.111	213.2125	216.9525	216.939	229.587	229.62	235.2805	242.0625	250.8475	242.7485	243.6455	239.932	243.3055	241.193	247.1955
348	Hungary	4.5735	178.1805	205.4665	191.012	187.512	186.751	184.1745	184.271	182.61	177.735	178.8855	173.2025	170.1345	166.281	166.8755	169.9795	164.2445
616	Poland	1.96	695.9235	364.9075	558.9615	552.7515	605.8605	570.5385	529.2265	503.5	468.4745	491.6845	460.56	446.5305	423.7335	381.8615	359.343	347.824
498	Republic of Moldova	-16.7025	-4.554	4.4615	47.242	76.2275	95.5375	115.3475	133.9235	148.7575	158.7225	170.991	184.843	187.964	200.1105	219.3795	222.2785	222.8855
642	Romania	-6.601	73.2335	277.1005	394.2585	401.414	434.8055	458.0455	446.6625	445.5935	421.3545	439.4835	448.7515	423.6825	433.159	396.9405	377.2595	405.5385
643	Russian Federation	167.047	2551.1245	4839.2175	4945.4375	5130.5525	5160.6985	5108.765	4913.665	4914.682	4994.8685	4995.463	4835.8135	4909.9515	4903.7595	4930.0895	4843.8625	4826.601
703	Slovakia	2.175	66.6665	25.9535	40.4	38.7	36.7355	37.041	35.23	35.4085	33.993	33.059	31.134	28.7065	29.226	29.019	26.7585	28.3585
804	Ukraine	-2.0835	-3491.5035	1491.817	468.996	432.53	427.447	407.203	388.0835	375.5715	357.9725	325.562	293.941	274.2205	251.0155	239.0565	224.751	207.793
924	Northern Europe	130.727	3688.0015	4169.9945	4397.088	4697.9055	4915.977	5291.946	5450.534	5717.6615	5818.483	6309.993	6855.993	7178.688	7335.4935	7535.7405	7839.886	8564.1115
208	Denmark	5.4255	191.5145	237.043	239.6325	230.725	233.453	240.6755	231.636	226.412	226.471	235.605	231.846	227.2875	230.1595	219.485	228.41	231.7305
233	Estonia	1.847	47.8855	31.3315	50.29	58.201	64.9895	71.568	73.562	76.5715	73.176	75.303	76.231	76.941	77.546	72.9155	83.408	82.853
234	Faroe Islands	0.274	3.833	6.69	7.3275	8.3225	9.0325	9.7045	9.769	9.9635	9.8335	10.316	11.2065	11.412	10.979	11.9945	12.9865	13.2785
246	Finland	8.752	222.8135	189.0655	183.32	212.8575	231.3475	248.822	262.779	274.0595	271.56	271.5415	279.993	283.4505	295.949	299.849	308.6225	342.3365
831	Guernsey	0.161	2.4285	3.8125	3.794	3.746	3.798	3.686	3.744	3.659	3.517	3.4405	3.44	3.4525	3.2785	3.383	3.354	3.311
352	Iceland	1.249	28.475	37.985	38.109	38.898	39.612	40.176	40.8225	38.8445	38.466	40.9475	40.0615	40.7485	41.0395	38.758	37.022	36.926
372	Ireland	7.873	299.738	533.842	657.2625	763.5845	830.2195	862.3295	947.58	1004.0665	1099.24	1222.63	1339.4835	1323.623	1417.0335	1616.777	1852.313	1954.913
833	Isle of Man	0.1095	2.142	7.515	10.3455	11.312	12.6245	13.543	16.4445	17.789	19.1685	20.5455	24.1875	25.862	29.5665	31.529	38.5005	41.4455
832	Jersey	0.268	3.0725	5.8015	6.5635	6.982	7.4255	7.65	7.4765	7.3575	7.6175	7.624	7.932	8.066	8.273	8.3035	9.173	9.1835
428	Latvia	-1.5735	41.1695	100.294	132.018	139.433	142.5695	148.8365	150.1365	143.5125	135.819	138.1335	131.18	130.665	128.648	133.307	132.046	128.871
440	Lithuania	9.942	175.776	162.776	201.306	202.022	205.5305	191.419	177.737	165.097	166.783	156.76	159.5935	138.9945	135.338	137.4975	137.128	124.5885
578	Norway	5.6385	223.658	208.439	250.525	291.195	325.5725	360.112	382.8395	398.89	412.122	442.413	469.39	503.126	519.47	527.348	536.1015	580.547
752	Sweden	18.651	315.802	523.0055	569.1295	583.5245	634.589	627.173	652.6875	703.377	696.9445	675.397	693.576	721.49	719.3415	710.6885	721.1675	720.8805
826	United Kingdom	72.1105	2365.6585	3390.3405	3769.556	4080.9065	4337.0145	4695.5285	4956.1525	5200.5645	5373.598	5409.308	5741.003	5877.023	5997.2755	6115.244	6232.894	6260.47
925	Southern Europe	166.535	1716.155	3455.628	3827.0375	3985.7575	3999.129	4182.598	4414.426	4430.233	4607.26	4590.4915	4403.514	4214.7355	4424.9555	4587.7495	4710.5285	5040.7305
8	Albania	-8.34	-93.0635	41.5355	105.232	149.1735	180.833	206.878	236.932	249.2455	258.9845	280.3655	293.2685	303.163	321.96	322.268	347.899	375.114
20	Andorra	0.286	12.327	42.412	55.7065	60.35	69.5365	73.4605	76.0355	83.2285	90.1845	93.8645	103.1135	106.449	121.1925	123.596	120.7015	137.936
70	Bosnia and Herzegovina	-13.42	91.9715	513.1475	482.018	499.363	480.3295	446.259	432.9425	388.234	411.7185	386.8155	357.4335	363.5445	330.337	344.077	337.4915	314.0155
191	Croatia	-4.276	45.7835	157.704	167.843	169.3085	164.26	162.0295	158.7405	146.375	145.3565	143.27	136.256	129.954	124.197	126.298	126.3435	116.72
292	Gibraltar	0.257	3.6535	6.0345	7.1405	7.6675	8.276	9.349	10.034	10.6265	11.909	12.666	13.8975	13.578	14.0205	15.8075	17.1645	16.415
300	Greece	3.1765	-405.7485	478.072	497.2645	459.8765	446.248	407.8085	404.2205	396.3915	395.654	395.8385	378.0305	365.4	385.591	364.54	369.4385	371.0625
380	Italy	42.6405	1158.6495	2034.0715	1988.4305	1982.3755	1937.558	1889.887	1861.662	1772.318	1703.0665	1701.037	1557.718	1548.1775	1452.985	1538.504	1398.915	1387.3235
412	Kosovo (under UNSC res. 1244)	1.4075	-71.5415	178.804	251.3625	304.859	349.703	340.0505	351.533	359.997	355.5535	350.277	382.3495	385.9815	388.113	414.2045	407.3735	424.8005
470	Malta	3.452	34.166	57.426	71.1465	81.8135	100.884	110.8785	123.1985	141.6545	157.425	181.1975	197.402	196.8005	205.9185	214.5435	239.581	233.5595
499	Montenegro	-1.655	33.594	16.3615	24.2415	21.057	16.5105	10.2605	7.871	5.94	5.557	5.5245	4.4895	4.484	4.3135	4.9065	3.5125	3.5115
807	North Macedonia	-11.729	-18.2485	71.447	92.889	107.7765	108.5225	125.332	126.566	121.394	115.1185	106.27	114.4805	105.582	108.741	111.3565	114.1585	120.7045
620	Portugal	27.038	307.152	391.493	397.0995	394.374	391.468	388.267	381.3745	388.2315	373.8825	371.118	376.632	364.5165	367.003	364.654	361.5695	370.8015
674	San Marino	0.1235	0.5335	5.3035	5.468	5.6285	5.4515	5.6545	5.536	5.737	5.5835	5.7635	5.624	5.62	5.6965	5.864	5.9355	6.001
688	Serbia	-5.11	33.71	67.2415	104.6485	123.675	135.0175	144.0685	152.923	153.518	163.5745	165.915	156.0645	162.6735	157.3845	156.0365	154.255	150.1935
705	Slovenia	14.257	54.6755	81.1765	81.595	79.234	78.774	81.5575	80.451	76.703	76.8705	73.3405	73.496	70.7445	71.098	71.2745	70.744	68.7205
724	Spain	118.427	1245.949	2504.8235	2984.1685	3116.8315	3218.5865	3409.1355	3614.5335	3698.469	3864.8115	3903.4445	3735.789	3541.0595	3716.555	3854.7965	3954.061	3944.701
926	Western Europe	281.898	5450.842	5648.515	5662.157	5692.5665	5821.794	5813.395	5789.18	5657.6935	5713.818	5642.7735	5842.9625	5709.4535	5765.845	5784.7715	5735.6825	6016.49
40	Austria	19.8005	335.0805	420.374	459.088	457.7875	485.4535	471.28	471.408	458.2225	467.8815	466.0165	460.5945	454.68	455.3095	459.3465	449.1725	444.6635
56	Belgium	21.8885	874.2545	439.9215	470.7545	501.9495	493.389	510.1375	512.453	509.6275	506.2805	516.305	523.061	516.201	547.5495	540.2055	555.182	551.837
250	France	72.7965	761.51	1233.5115	1443.927	1573.655	1686.379	1790.809	1807.282	1831.308	1785.695	1904.2975	1887.5245	1781.188	1831.8005	1865.2175	1954.9735	1987.3265
276	Germany	101.734	3048.4105	4172.4035	4119.277	4212.129	4233.792	4179.6345	4160.526	4082.954	4034.1265	3955.4075	3983.7915	3873.5945	3909.6285	3854.2955	3892.439	4094.228
438	Liechtenstein	0.1345	1.2725	2.2525	2.837	3.235	3.5625	3.788	4.2455	4.6775	5.1265	5.664	6.3115	7.059	7.368	8.0085	9.0115	10.602
442	Luxembourg	3.4835	46.7035	67.195	85.22	98.0405	111.1915	129.7505	150.763	171.0805	192.699	225.3075	236.3195	260.639	287.0355	327.361	371.7255	412.288
492	Monaco	0.4995	3.686	3.5585	4.3725	4.9685	4.6215	5.416	5.557	5.0335	5.389	5.033	5.2275	6.241	5.7325	6.6105	5.864	7.0595
528	Netherlands	33.799	806.216	1010.2775	1030.7705	1044.424	1029.1095	1038.893	931.841	953.0225	959.8325	1001.4475	1007.758	1003.756	986.6235	952.4045	993.3035	1008.4835
756	Switzerland	27.7615	365.911	595.7005	665.1695	686.703	710.44	717.6	753.6885	772.666	743.919	750.7115	747.984	763.737	787.016	759.15	793.265	828.0055
5505	Americas	-10.8505	6069.926	11716.627	13007.5805	13834.326	14918.121	15927.8475	16460.541	17645.17	18406.366	18641.4745	19459.7505	20284.9945	20783.1865	22188.1895	23402.8035	23911.1435
904	Latin America and the Caribbean	-304.0095	-1585.888	1298.3195	2565.4695	3131.284	3884.3125	4474.791	4780.689	5098.553	5328.9445	5448.9945	6060.8645	6078.1585	6389.2365	6947.4295	7238.956	7574.69
915	Caribbean	-38.0155	-350.1135	-82.453	-25.3665	24.6875	86.062	133.564	166.9155	172.0645	192.717	231.538	237.516	265.621	306.7005	338.073	411.358	515.7385
660	Anguilla	0.014	0.407	3.134	3.4275	3.367	3.724	3.7455	3.4315	3.3625	3.4055	3.474	3.5325	3.27	3.2705	3.2115	3.315	3.1685
28	Antigua and Barbuda	0	0.951	5.548	8.1565	9.4155	10.8625	12.8685	13.554	14.379	14.421	14.5265	15.9195	16.417	18.2385	20.993	21.635	22.342
533	Aruba	0	2.5805	9.2275	12.61	14.7865	17.0035	18.942	21.032	22.4735	24.5595	27.722	31.7095	32.604	32.832	36.564	39.4745	44.72
44	Bahamas	0	6.651	20.22	26.0355	30.2135	34.094	35.848	37.5955	39.0565	41.41	42.223	40.9755	43.6255	45.348	48.2225	52.5535	49.7385
52	Barbados	0	1.3495	9.547	12.7295	15.846	18.3445	20.528	23.345	25.417	27.5055	29.4475	31.654	33.9185	36.8945	39.841	42.4295	46.562
535	Bonaire, Sint Eustatius and Saba	0.382	5.861	8.771	10.538	11.4765	12.777	13.573	14.3365	15.689	17.9	17.3655	19.4845	22.0325	21.59	21.21	21.7075	22.945
92	British Virgin Islands	0.444	5.0665	10.992	11.6235	11.663	12.0085	12.1565	12.6	12.7175	11.7575	12.5695	11.9595	12.2005	11.938	11.483	11.863	11.6735
136	Cayman Islands	0.405	5.7415	12.25	17.002	22.5745	28.5285	33.786	41.938	52.4515	63.0425	74.148	95.461	107.9465	129.4755	159.565	210.3585	249.568
192	Cuba	-5.988	-79.9905	-17.0545	19.7445	41.6445	58.8065	75.141	78.437	82.4415	88.922	87.8395	85.938	88.7715	85.648	87.8985	92.2485	87.936
531	Curaçao	0.496	12.898	36.324	37.219	36.581	36.795	36.039	34.862	32.983	32.2965	32.395	30.6475	29.918	29.8415	28.4305	28.306	27.8615
212	Dominica	-0.1125	0.322	5.661	8.1245	9.137	9.078	9.002	8.663	8.45	7.9245	8.1425	7.6335	7.59	7.216	6.4855	6.3535	5.8965
214	Dominican Republic	-8.9785	-133.115	-91.366	-47.514	-15.265	16.498	43.101	65.189	80.5275	90.663	102.9425	112.0055	121.8145	125.551	132.2555	129.9105	144.1655
308	Grenada	0	0.116	4.554	7.0935	8.577	10.5045	12.608	14.0655	16.0515	17.871	20.154	21.6935	23.3505	25.799	27.1255	28.324	30.4105
312	Guadeloupe	-1.754	-26.65	34.1395	40.4265	40.8065	39.789	41.063	38.043	39.663	37.272	35.3855	37.635	34.1595	36.239	35.8075	37.276	35.041
332	Haiti	-16.925	-150.3235	-101.103	-74.1095	-48.635	-20.9985	8.473	31.2025	41.1655	52.802	60.6925	65.129	73.756	82.927	90.1005	96.7885	105.8975
388	Jamaica	0	-26.206	25.6795	56.165	75.0895	93.143	114.182	130.1905	126.5625	135.5075	141.79	139.0905	145.143	145.118	136.4365	140.937	150.6995
474	Martinique	-1.459	-10.6895	11.8695	21.6255	26.7365	31.573	33.4355	35.9535	38.886	42.972	46.2355	47.884	51.3995	55.4415	54.2895	58.8565	59.7575
500	Montserrat	-0.015	0.0915	0.9535	1.41	1.897	2.0655	2.256	1.734	2.209	3.591	2.332	2.8095	5.35	5.9445	6.603	8.2545	8.9185
630	Puerto Rico	-3.705	104.5125	301.781	295.041	289.5515	278.769	251.407	244.7325	232.2185	220.3965	208.9355	195.316	177.118	171.709	162.8955	147.6805	132.4405
652	Saint Barthélemy	0.1405	1.3285	2.988	3.8795	4.884	5.678	6.4535	7.2295	8.078	8.743	11.067	11.3295	10.959	10.432	12.8845	14.4565	15.0485
659	Saint Kitts and Nevis	-0.101	0.514	4.5715	6.805	8.471	10.4595	12.6855	14.816	18.0935	21.725	24.449	27.0495	30.6965	34.8005	37.222	39.603	45.0155
662	Saint Lucia	0	1.259	8.085	12.008	14.649	18.0095	19.9825	22.859	25.832	28.265	30.6055	33.7	37.2835	40.339	45.8245	50.3215	53.7825
663	Saint Martin (French part)	-1.4265	-5.7805	5.244	10.5075	14.3005	16.2515	17.732	19.465	21.692	25.2905	26.0795	29.4135	32.831	34.797	36.992	42.2975	49.9925
670	Saint Vincent and the Grenadines	-0.2465	-3.0105	1.442	4.041	6.3515	8.3045	9.5155	11.183	11.694	13.0735	14.5655	15.467	16.5755	17.7205	20.7	24.36	27.372
534	Sint Maarten (Dutch part)	0.2595	3.9425	10.458	15.7035	21.685	29.5855	36.801	46.0695	50.3135	57.3945	73.348	88.787	103.3985	119.0485	146.3955	175.649	216.6845
780	Trinidad and Tobago	0.2135	36.04	83.207	80.2045	80.8605	78.5605	79.488	78.364	72.4	72.518	71.92	69.169	63.394	61.5285	62.91	57.709	57.2595
796	Turks and Caicos Islands	0.341	2.6405	6.8645	10.524	13.855	17.935	21.274	24.3465	29.417	35.765	42.061	47.8155	54.6975	62.3735	72.3125	78.3385	89.593
850	United States Virgin Islands	0	0.4995	10.5135	13.9595	16.822	18.583	22.432	24.689	26.451	30.1525	34.065	37.7305	41.841	39.814	45.9085	48.213	46.9775
916	Central America	-103.306	-595.9055	395.2055	977.7745	1385.3385	1704.0865	2057.7125	2319.3325	2558.4235	2801.868	2979.032	3284.407	3428.304	3528.2045	3558.8315	3665.702	3845.3695
84	Belize	0.032	11.507	27.345	39.133	44.27	50.633	58.926	65.529	69.202	73.1355	79.056	83.6455	84.9605	90.8885	100.0295	104.381	106.0275
188	Costa Rica	0.5145	10.107	36.692	52.47	61.1215	68.267	76.543	80.5085	84.5605	89.359	92.431	90.1195	91.4585	88.545	88.529	85.905	83.4765
222	El Salvador	-12.6065	-74.354	146.296	274.895	376.045	467.1645	556.036	615.255	641.84	697.1645	756.531	808.623	862.5975	910.175	994.0615	1068.717	1039.223
320	Guatemala	-11.9635	-44.1845	97.6525	146.8425	185.2115	202.093	221.1855	241.813	253.8265	259.731	296.475	299.367	295.9435	288.609	293.418	287.239	278.635
340	Honduras	-3.0995	-17.862	28.875	57.3785	82.5475	104.7865	122.277	136.8975	147.431	153.8495	171.82	180.5505	192.927	190.9645	196.476	210.7905	214.572
484	Mexico	-73.728	-387.0965	536.943	1098.033	1496.565	1796.356	2117.675	2385.43	2625.2975	2852.8135	3053.2755	3315.275	3368.854	3412.3795	3509.8815	3598.5005	3704.7595
558	Nicaragua	-5.1915	-32.9505	25.703	56.2435	79.7225	102.616	124.836	144.566	168.8395	183.5875	200.61	216.502	233.258	254.8235	267.0375	286.388	296.6285
591	Panama	2.7365	38.551	55.3465	57.4795	58.61	63.4875	70.2735	77.0605	82.525	86.1315	90.492	94.2505	98.455	99.226	99.385	96.284	99.99
931	South America	-162.688	-430.505	2161.7275	3190.0005	3726.9285	4099.8525	4628.6885	4982.0245	5225.422	5176.719	5339.663	5569.402	5671.417	5838.925	6167.763	6334.856	6283.951
32	Argentina	0.146	55.4355	242.25	325.0375	359.8475	392.9495	394.4025	400.0145	398.251	393.7655	391.1955	399.465	412.23	385.5265	379.8245	373.7445	353.0505
68	Bolivia (Plurinational State of)	-2.3315	-9.5895	34.0855	59.9945	81.4155	103.313	117.293	135.408	152.593	172.444	187.523	197.902	205.7665	228.883	234.5695	244.672	260.286
76	Brazil	-39.2185	-799.8875	140.994	482.25	972.7845	1267.4485	1408.83	1570.98	1552.1285	1694.448	1638.0295	1676.1945	1744.42	1677.9325	1623.198	1662.9125	1675.065
152	Chile	13.021	374.737	732.6555	860.6725	957.14	1066.582	1111.342	1111.7495	1121.8255	1147.6765	1152.4795	1156.308	1112.033	1080.093	1089.141	1070.179	1125.3935
170	Colombia	113.565	1108.3705	2026.4725	2325.2525	2473.7105	2614.821	2809.7115	2980.635	3003.119	3136.8495	3372.87	3358.803	3514.1115	3259.0335	3577.8555	3607.3405	3528.7175
218	Ecuador	-5.16	-89.3305	27.9845	57.0885	65.334	79.067	87.158	92.104	103.985	117.462	118.028	119.01	121.5695	128.989	127.982	133.1925	136.125
238	Falkland Islands (Malvinas)	-0.0155	-0.039	0.2555	0.378	0.472	0.5415	0.615	0.654	0.7565	0.81	0.904	0.956	0.952	1.0105	1.1185	1.3215	1.4995
254	French Guiana	-2.1845	-1.1785	33.175	54.3995	77.604	101.7955	125.7575	154.013	194.828	230.0755	282.8905	341.053	399.9835	476.69	542.262	620.643	694.266
328	Guyana	-0.8715	2.5855	96.574	123.4745	137.332	155.298	160.9175	172.0485	175.553	175.299	181.141	200.5515	205.341	207.1145	201.3245	195.511	213.4225
600	Paraguay	-4.113	-41.8635	24.072	69.71	107.257	126.889	158.952	187.218	201.987	226.1705	244.135	247.915	255.309	264.6625	275.1615	287.791	286.947
604	Peru	27.6875	317.3575	884.3785	1200.8185	1398.4525	1553.2705	1801.5075	1879.7095	1914.58	1985.049	1953.6045	2005.6565	2032.64	2082.548	2102.237	2195.41	2314.7345
740	Suriname	-0.148	6.1545	57.42	81.594	97.9915	114.0355	123.2785	134.4105	157.098	172.4215	187.988	192.3975	218.1915	253.0725	272.9745	279.941	268.6665
858	Uruguay	-0.741	-2.479	21.022	34.5175	44.1355	52.5235	58.0115	64.252	67.294	69.2725	71.9975	74.244	78.896	81.112	81.507	81.454	81.5765
862	Venezuela (Bolivarian Republic of)	-262.3245	-645.0025	1397.9855	2036.1325	2310.55	2710.331	2879.991	3006.3905	2994.753	3185.622	3248.841	3251.625	3435.9345	3406.5735	3323.2735	3377.9945	3454.234
905	Northern America	293.1595	8160.7175	12612.533	14002.271	14623.1755	15454.306	16453.199	17041.8245	18042.2105	18551.0845	19126.424	19865.061	20904.5525	21508.2655	21970.6675	23490.0955	23865.128
60	Bermuda	0.143	0.8895	2.4315	3.1165	3.319	3.244	3.5145	3.387	3.2935	3.112	2.873	2.928	2.9575	2.8275	2.5685	2.4865	2.4475
124	Canada	128.296	2074.5535	2995.867	3215.2245	3293.8245	3507.6545	3477.378	3602.539	3732.7245	3736.5295	3753.179	3830.5195	3921.069	4050.9305	4104.822	4530.8065	4719.813
304	Greenland	-0.164	-0.972	1.725	2.6625	3.24	3.336	3.671	3.6005	3.6655	3.6985	3.8075	3.8725	3.8975	3.8535	3.7055	3.665	3.8105
666	Saint Pierre and Miquelon	0	0.085	0.327	0.351	0.36	0.3405	0.3295	0.294	0.2645	0.2435	0.232	0.2305	0.224	0.213	0.184	0.1995	0.181
840	United States of America	164.8845	6335.1985	10943.555	12286.3335	12829.646	13825.8985	14870.382	15482.57	16307.3935	16735.4325	16950.219	17918.788	18896.6205	18762.2615	19514.507	20463.442	20567.799
909	Oceania	40.1965	1016.0875	2663.3205	2168.4515	2329.511	2548.152	2768.129	2873.438	3037.6435	3220.2915	3495.5085	3613.432	3665.0525	3910.596	4123.7785	4385.273	4363.055
927	Australia/New Zealand	43.2855	1072.0365	2706.8625	2124.3185	2276.246	2407.77	2578.0205	2670.2575	2825.4055	2884.226	3056.142	3132.298	3169.512	3314.053	3495.654	3619.079	3564.405
36	Australia	22.2235	848.838	1725.9795	1983.046	2104.2895	2257.035	2431.555	2505.251	2688.7435	2697.813	2903.9755	2916.5285	2967.829	3080.0175	3312.853	3402.836	3370.813
554	New Zealand	21.062	335.0045	1586.948	513.081	527.82	555.503	579.8205	621.7	607.4925	643.1605	644.252	685.3655	673.911	690.3075	742.932	767.7715	739.293
928	Melanesia	2.4345	45.761	275.391	412.1405	524.9235	656.2935	798.916	890.3235	1026.937	1168.404	1326.617	1431.3155	1575.933	1750.702	1845.921	2036.075	2116.866
242	Fiji	-3.004	-15.361	17.111	32.719	45.856	53.1045	58.888	61.525	70.714	77.2775	90.0745	91.7005	99.206	104.9155	114.7855	124.6165	130.708
540	New Caledonia	-0.5905	3.352	23.235	30.7705	34.922	38.3135	40.31	41.818	44.8955	45.7155	46.692	50.515	50.709	51.8995	54.2365	55.866	60.0035
598	Papua New Guinea	5.3515	56.617	272.3015	409.4855	536.11	664.801	795.5045	904.588	1042.3595	1191.449	1339.57	1430.9325	1563.098	1728.058	1873.6755	2031.1315	2055.4555
90	Solomon Islands	0.778	15.47	52.48	72.271	80.8985	89.2585	101.8345	116.1335	121.363	133.53	143.801	155.778	173.0235	177.0075	189.738	211.433	210.5565
548	Vanuatu	-0.1005	1.101	3.8445	10.773	14.9085	18.6195	21.72	24.511	26.448	30.3635	37.8115	40.8965	45.102	48.2485	50.5075	60.409	62.0415
954	Micronesia	-1.9485	-20.8055	4.8805	17.1755	27.2315	31.1925	39.3865	42.8535	52.113	58.1015	63.9855	77.354	96.197	115.265	130.367	139.2625	154.7625
316	Guam	-0.122	-0.7405	5.8185	9.058	11.2715	14.0365	16.5755	17.5615	19.4235	21.621	22.4305	24.863	28.1395	29.1075	30.7675	32.108	33.176
296	Kiribati	0	0.0075	8.4755	12.3845	16.6485	18.337	21.9985	23.572	26.9545	29.215	31.706	34.4535	35.2535	37.5335	40.1415	41.9685	41.012
584	Marshall Islands	-1.002	-8.32	-2.6825	-0.1885	1.687	3.1265	4.4215	5.592	6.014	7.568	9.6625	10.453	12.9145	14.877	18.768	20.341	23.981
583	Micronesia (Fed. States of)	-0.34	-4.352	1.654	5.249	7.6685	10.2095	13.786	15.636	17.7695	20.2095	23.5165	26.7425	28.0355	32.6825	36.232	42.4345	45.897
520	Nauru	-0.107	-0.418	1.111	1.8595	2.525	3.195	3.7885	4.307	4.7775	5.7285	6.9905	7.6945	9.0695	9.903	10.605	11.631	13.583
580	Northern Mariana Islands	-0.3775	-2.4105	15.2895	24.0505	29.294	28.6415	35.824	37.3245	41.3875	43.434	45.119	52.9845	60.591	70.8285	77.63	73.0375	72.8365
585	Palau	0	0.264	1.725	2.321	2.5075	2.6125	2.9195	2.8865	2.8135	2.906	2.9395	3.027	2.996	2.94	2.956	3.0215	2.9205
957	Polynesia	-3.5755	-37.1545	-14.729	-1.524	6.67	14.9585	24.91	32.793	41.579	47.487	57.072	69.414	80.4275	93.9235	110.0255	133.9565	161.671
16	American Samoa	-0.3265	-4.831	0.449	3.0125	4.7135	6.244	7.9375	9.2085	10.2445	11.346	12.61	15.216	18.0085	20.587	22.925	27.9445	34.876
184	Cook Islands	-0.2915	-2.1305	0.7975	1.9615	2.773	3.428	4.4625	4.8025	5.506	5.9595	7.1255	8.63	9.6695	9.7165	8.6685	9.693	10.4185
258	French Polynesia	-0.7215	-4.139	7.907	13.021	15.3615	17.179	18.631	19.4495	20.6145	21.5035	22.899	23.2705	22.3605	21.4155	20.2085	19.769	20.448
570	Niue	0.0035	0.0775	0.173	0.225	0.428	0.935	0.948	1.57	2.0435	1.9995	3.023	3.474	4.0035	5.049	6.948	8.01	9.389
882	Samoa	-1.1495	-11.6755	-1.1415	4.997	10.438	16.4365	24.3665	31.3665	37.662	43.183	50.3	60.264	70.5615	79.5755	91.587	109.4285	126.556
772	Tokelau	0.0265	0.4605	1.017	1.3075	1.517	1.7225	1.8175	2.109	2.4225	2.6645	2.6135	2.7165	2.934	3.107	3.508	3.7775	3.7725
776	Tonga	-0.9035	-9.3605	-3.0375	0.651	3.4055	5.672	8.15	10.8455	12.3745	14.187	16.591	21.4535	24.1775	28.062	33.147	35.542	35.989
798	Tuvalu	-0.1775	-1.3215	0.3635	0.98	1.318	1.696	2.0015	2.3045	2.524	2.702	3.075	3.1905	3.4415	3.9155	4.2725	4.8665	4.798
876	Wallis and Futuna Islands	-0.0355	-0.094	1.61	2.325	2.962	3.3845	3.496	3.983	4.1165	4.4885	4.6105	4.909	5.2695	5.245	5.641	5.456	6.104
