country_code	country	2015-2020	2020-2025	2025-2030	2030-2035	2035-2040	2040-2045	2045-2050	2050-2055	2055-2060	2060-2065	2065-2070	2070-2075	2075-2080	2080-2085	2085-2090	2090-2095	2095-2100
900	World	0	-1235.6855	-3132.2555	-2756.517	-3021.269	-3240.728	-3426.772	-3476.502	-3703.8185	-3920.7145	-4050.1835	-4104.8975	-4568.481	-4701.289	-4988.095	-4792.7005	-4914.337
1834	Sub-Saharan Africa	185.4475	-3396.427	-15836.083	-17970.355	-19900.3745	-21588.8775	-24070.755	-26684.786	-27537.389	-29837.543	-33488.609	-34749.7535	-36296.2595	-38812.293	-41537.709	-41933.2125	-44505.65
1833	Northern Africa and Western Asia	-151.645	926.195	-9753.0735	-12443.343	-13800.946	-14404.34	-15533.8095	-16035.566	-16763.836	-18010.943	-18827.53	-20469.5375	-21216.9795	-21062.5095	-21047.3365	-22615.447	-24214.0595
1831	Central and Southern Asia	-738.6715	-17735.7485	-24696.9475	-25003.011	-27448.775	-29065.9805	-30209.2875	-32324.728	-34150.186	-37012.945	-37465.8555	-39033.841	-40937.891	-44510.151	-47943.442	-49003.637	-52150.997
1832	Eastern and South-Eastern Asia	-54.2805	-4061.3205	-9738.696	-10335.884	-11189.202	-11150.985	-11270.0115	-11335.396	-11107.8375	-11311.467	-11128.41	-11155.2	-11209.801	-11223.005	-10860.078	-10690.101	-10778.5425
1830	Latin America and the Caribbean	-304.0095	-2886.4365	-5450.6445	-5965.4005	-6276.7825	-6447.259	-6653.918	-6755.2085	-6932.3185	-7104.4395	-7313.9295	-7177.4265	-7272.0605	-6836.652	-6840.0145	-7072.386	-7059.077
1835	Oceania (excluding Australia and New Zealand)	-3.089	-116.8125	-364.729	-487.685	-574.4225	-664.475	-737.758	-815.9285	-847.699	-894.7025	-903.7525	-930.785	-960.482	-1038.0475	-1072.719	-1079.9475	-1092.353
1836	Australia/New Zealand	43.2855	421.3175	-626.0955	-720.6895	-816.9455	-780.598	-872.9675	-945.196	-843.5275	-865.9585	-933.6535	-972.3025	-987.717	-895.5855	-782.185	-830.399	-984.9095
1829	Europe and Northern America	1022.9625	10815.8395	5843.3465	4763.5145	3579.7185	3119.4795	2884.827	2178.32	1772.065	1285.5355	1187.221	1068.9535	885.471	234.6725	-64.2605	-214.74	-554.305
5502	Europe, Northern America, Australia, and New Zealand	1066.248	12160.482	6866.055	4704.124	3433.7995	2642.3865	2249.6985	1518.712	1364.2905	678.7445	523.9685	76.8935	-393.839	-1150.1675	-615.7925	-710.67	-788.7095
901	More developed regions	1087.2485	11961.6525	6828.9845	5916.994	4761.6925	4243.2945	4120.93	3446.297	3027.1345	2598.4035	2601.4805	1937.995	1781.553	1103.991	1005.1365	827.9535	379.6615
902	Less developed regions	-1087.2485	-17469.9565	-24968.4015	-25124.21	-25735.653	-26197.2545	-27228.3155	-27686.449	-27799.6675	-28870.2165	-29683.596	-29964.249	-31282.3835	-32510.957	-32653.8055	-34157.2835	-34984.193
941	Least developed countries	-412.9615	-12594.5245	-21459.4725	-23172.9465	-24898.174	-26473.555	-28982.054	-31117.542	-32235.0985	-34682.4795	-36206.2985	-37892.051	-39801.733	-42273.4495	-43207.794	-46702.822	-47721.511
934	Less developed regions, excluding least developed countries	-674.2875	-9784.2185	-23967.559	-25806.471	-27106.4605	-27586.12	-28942.935	-30139.8805	-31679.2895	-32794.9125	-33951.756	-36414.4615	-37333.747	-37918.7045	-40095.5665	-40841.352	-41677.169
948	Less developed regions, excluding China	-1034.369	-15804.098	-24883.925	-25265.212	-26279.141	-26526.543	-27566.5375	-27584.8655	-28177.345	-29158.0235	-30007.6505	-30554.154	-31702.6685	-32677.2915	-32975.786	-34157.206	-34853.1325
1636	Land-locked Developing Countries (LLDC)	131.9295	-6602.181	-17483.031	-18796.5045	-20987.8065	-22528.9565	-25527.0895	-27474.051	-29550.849	-31101.2215	-33845.261	-35203.486	-38531.3905	-40620.2125	-43535.0105	-44158.497	-47610.9495
2087	LLDC: Africa	-1.65	-3370.4965	-13254.2195	-14646.426	-15782.3925	-17166.686	-19082.075	-21033.272	-22108.9965	-23873.5555	-26634.272	-27993.1905	-30491.7045	-31788.144	-34087.9275	-34790.4355	-36649.9155
2088	LLDC: Asia	168.455	-5748.0815	-13327.443	-14423.1815	-16693.548	-18400.2855	-20455.7135	-23313.818	-25117.0245	-26423.1565	-28894.1085	-30497.8365	-33166.514	-36126.8335	-39590.209	-40775.544	-44383.718
2089	LLDC: Europe	-28.4315	-89.834	-262.8315	-264.8315	-267.466	-259.8175	-246.8745	-230.294	-219.1105	-206.5785	-197.3395	-183.8395	-177.0525	-165.0285	-149.918	-144.231	-144.98
2090	LLDC: Latin America	-6.4445	-93.275	-192.068	-236.0655	-270.7915	-297.469	-310.2715	-331.62	-353.612	-363.1145	-381.548	-401.9545	-419.3415	-418.0965	-412.023	-416.3835	-411.949
1637	Small Island Developing States (SIDS)	-112.442	-851.1215	-1873.855	-1974.7755	-2026.795	-2025.288	-2004.979	-2134.562	-2202.402	-2284.577	-2359.0145	-2288.907	-2421.0735	-2546.563	-2542.235	-2547.1015	-2679.989
2091	SIDS Caribbean	-37.956	-568.7665	-999.2815	-998.946	-946.9035	-872.6475	-779.247	-762.869	-751.285	-721.6395	-705.834	-716.981	-701.7005	-671.512	-641.0305	-633.6825	-627.5225
2092	SIDS Pacific	-1.1835	-253.934	-762.839	-837.8495	-956.0725	-1039.112	-1116.0845	-1168.0275	-1202.8415	-1278.639	-1314.774	-1311.8725	-1427.9505	-1485.0895	-1513.4905	-1554.4795	-1543.789
2093	SIDS Atlantic, Indian Ocean and South China Sea (AIS)	-73.3025	-82.465	-930.888	-1004.507	-1049.5105	-1049.002	-1074.076	-1109.541	-1158.541	-1192.4055	-1283.3555	-1355.4105	-1388.601	-1467.4265	-1426.4785	-1394.912	-1544.055
5503	High-and-upper-middle-income countries	1105.7935	18741.939	250.3875	-1024.233	-1932.148	-2500.441	-2874.0145	-3907.1195	-4658.062	-5680.778	-5837.4945	-5947.441	-7224.786	-7611.253	-7184.5585	-8276.7245	-8474.3975
5504	Low-and-Lower-middle-income countries	-843.537	-25221.4805	-28190.084	-28195.117	-30357.5095	-31054.4775	-32708.631	-33725.8685	-34510.9275	-36389.4225	-37453.329	-38763.1435	-39355.5295	-40798.064	-42680.5685	-45237.8025	-47026.502
1503	High-income countries	788.6145	19887.947	5206.475	3490.5385	2450.973	1806.6825	1039.693	187.4125	-440.053	-472.022	-1101.3445	-1107.5995	-2111.965	-2305.387	-2487.4305	-3439.9795	-3725.67
1859	Low-and-middle-income countries	-526.358	-25495.669	-26701.1455	-25566.2225	-26485.5675	-26708.225	-27259.392	-28069.1305	-28856.418	-29427.9795	-29619.854	-30835.3255	-31774.59	-32928.636	-34027.566	-35932.225	-37752.56
1517	Middle-income countries	-708.538	-24640.0975	-28793.403	-29176.531	-29939.778	-30890.6965	-32114.289	-33494.6275	-34389.319	-35674.3335	-36771.997	-39341.6845	-41384.3235	-41754.6585	-43064.0135	-42716.549	-44311.3845
1502	Upper-middle-income countries	317.179	-3691.77	-11200.589	-11360.5085	-11493.7175	-11298.042	-11806.671	-12446.724	-12811.1495	-13254.0625	-13554.6095	-13759.8535	-14194.2735	-14091.9925	-14441.966	-15081.297	-15448.7235
1501	Lower-middle-income countries	-1025.7165	-23141.2665	-25339.282	-26263.3915	-27746.954	-29280.4445	-29808.823	-31397.617	-32022.4715	-33529.245	-34378.231	-35745.0195	-38400.3365	-38370.237	-39709.121	-40674.3825	-40867.859
1500	Low-income countries	182.1795	-5026.5325	-16882.891	-20009.7515	-21907.2095	-24110.976	-26373.8935	-28533.1425	-30249.145	-32883.052	-34992.053	-36352.6215	-40275.4855	-42235.541	-44228.7905	-47273.429	-48268.5645
1518	No income group available	-260.5025	-1377.7675	-2336.266	-2610.3885	-2556.4945	-2608.132	-2614.183	-2681.0175	-2759.5255	-2631.3805	-2673.1745	-2832.877	-2837.735	-2786.245	-2802.163	-3065.724	-3076.813
903	Africa	124.16	-5202.463	-16961.689	-19583.933	-21521.8515	-23176.4515	-25218.5745	-28324.136	-29289.5055	-31782.3755	-35412.519	-36808.5965	-38371.601	-40799.2835	-42990.739	-44139.002	-46249.7095
910	Eastern Africa	13.4995	-4108.3445	-13281.743	-15257.132	-16805.044	-18208.545	-20125.3475	-21813.986	-23285.496	-25780.8235	-28191.82	-29650.212	-31783.7525	-33305.7975	-35075.362	-35686.7605	-37824.992
108	Burundi	-5.0945	-929.972	-3277.585	-3760.796	-4035.822	-4441.926	-5092.594	-5460.376	-6006.303	-6502.881	-6858.564	-7140.2375	-7975.882	-8763.541	-9357.3055	-9367.258	-10077.3175
174	Comoros	-0.883	-15.301	-42.286	-53.415	-61.389	-65.1625	-68.3875	-75.0785	-83.622	-89.8045	-92.5855	-94.9835	-97.9725	-101.98	-109.717	-111.216	-112.439
262	Djibouti	0.65	-85.5185	-327.1385	-323.386	-372.569	-414.797	-471.4635	-515.1235	-546.7975	-625.8285	-674.0695	-766.6285	-803.8205	-868.4035	-939.732	-1050.8815	-1197.66
232	Eritrea	-7.4835	-325.266	-956.956	-1056.1135	-1165.7265	-1265.871	-1393.6695	-1495.466	-1575.77	-1749.8695	-1899.56	-2074.8005	-2134.964	-2250.058	-2371.937	-2482.8375	-2613.4575
231	Ethiopia	19.433	-2068.8265	-8028.5145	-8930.248	-9815.5675	-10682.253	-11816.1465	-13238.244	-13914.57	-15283.6795	-16923.3785	-17815.364	-19854.091	-20641.779	-22589.651	-24405.887	-24652.0805
404	Kenya	-8.5555	-294.108	-1226.4405	-1563.242	-1797.4195	-1965.446	-2051.207	-2268.8215	-2439.053	-2492.3135	-2620.1775	-2751.139	-2836.34	-2794.877	-2921.5625	-3073.8795	-3259.459
450	Madagascar	-0.74	-45.9	-135.8555	-186.853	-233.3545	-293.566	-341.569	-406.309	-460.427	-520.23	-564.579	-615.151	-686.7495	-724.5845	-775.2625	-844.6085	-917.261
454	Malawi	-1.3275	-540.5425	-2228.2235	-2560.303	-2837.5005	-3222.7775	-3393.809	-3725.9625	-3985.4605	-4463.1315	-4903.1705	-5070.0895	-5413.282	-6090.399	-6496.9165	-6648.524	-6989.532
480	Mauritius	-2.9475	-24.0395	-43.287	-44.525	-43.0585	-40.6955	-39.257	-36.218	-35.1665	-32.929	-31.352	-29.974	-27.6585	-26.6155	-25.6915	-23.5285	-22.018
175	Mayotte	0.613	-3.9385	-37.593	-47.4375	-55.292	-59.7765	-71.6785	-79.5295	-82.553	-96.0075	-107.304	-121.7055	-134.616	-153.912	-165.6225	-175.9715	-203.9905
508	Mozambique	-12.932	-1195.9785	-4495.661	-4833.163	-5693.4565	-6338.269	-6904.093	-7908.8705	-8360.8055	-9731.273	-10224.9015	-11425.609	-10965.6175	-12548.099	-13578.9835	-14910.1015	-15163.472
638	Réunion	1.136	-24.739	-62.04	-60.976	-60.1975	-60.0975	-62.385	-61.9005	-61.52	-61.8055	-61.045	-61.485	-61.59	-62.9905	-61.6225	-62.928	-62.941
646	Rwanda	-11.1255	-2012.9525	-6926.69	-7663.0675	-8254.4675	-9157.4695	-10107.6005	-10922.1945	-12050.5895	-12862.7465	-14049.9745	-14623.6535	-15791.938	-16179.0185	-17655.671	-17870.2855	-18677.8615
690	Seychelles	0.863	7.964	-1.8435	-8.544	-8.785	-8.1065	-8.34	-8.0695	-7.879	-8.281	-8.328	-8.3565	-8.6055	-8.462	-8.6355	-8.822	-8.944
706	Somalia	38.6295	-1182.005	-4677.836	-5269.418	-6107.9705	-6658.909	-7270.2165	-7772.749	-8200.005	-9145.378	-9556.952	-9995.146	-10566.841	-10874.776	-11053.3655	-11344.4685	-12063.5855
728	South Sudan	31.4675	-147.375	-2053.1105	-2289.0415	-2533.004	-2692.609	-2964.1105	-3190.9275	-3465.9945	-3859.7425	-4053.479	-4178.146	-4159.152	-4601.888	-5047.502	-5043.295	-5181.6025
800	Uganda	21.732	-755.94	-2394.418	-2617.3875	-2873.5085	-3078.767	-3228.7355	-3588.929	-3985.8	-4315.1745	-4452.6905	-4662.59	-5067.9625	-5151.51	-5359.5245	-5896.3265	-5930.8995
834	United Republic of Tanzania	-9.2935	-865.007	-2890.5325	-3295.928	-3703.4965	-4187.27	-4623.6265	-5077.286	-5454.206	-6132.447	-6704.5505	-7359.1485	-8260.144	-8652.925	-9215.166	-10185.5035	-10774.4245
894	Zambia	4.078	-51.5015	-442.5755	-665.47	-888.7785	-1077.9005	-1249.831	-1416.1105	-1621.136	-1682.265	-1767.684	-2001.4775	-2234.8085	-2334.169	-2657.6245	-2816.7285	-3123.319
716	Zimbabwe	-44.72	-878.789	-2054.51	-2163.1755	-2344.1765	-2543.1175	-2725.7925	-2960.259	-3187.412	-3354.4005	-3553.992	-3674.7715	-3868.766	-4100.569	-4334.632	-4354.4835	-4570.0075
911	Middle Africa	2.4645	-1358.637	-7505.093	-8100.4885	-9702.8815	-10648.9705	-12113.8915	-13495.95	-15035.522	-16834.9355	-18194.381	-19727.6935	-20345.298	-22975.1625	-25000.4325	-25431.346	-28625.8095
24	Angola	3.778	-228.6455	-1637.3775	-2374.778	-2926.6105	-3644.9085	-4239.004	-4785.691	-5432.1145	-6183.967	-6601.432	-7199.354	-7813.3875	-8467.4985	-9635.095	-10435.0715	-11976.399
120	Cameroon	-4.944	-263.4475	-901.149	-990.9445	-1118.591	-1233.849	-1332.1495	-1452.5945	-1595.814	-1741.4075	-1848.5595	-1979.371	-2212.1075	-2271.829	-2500.0465	-2634.504	-2749.851
140	Central African Republic	-12.3725	-247.3925	-592.179	-754.607	-862.2305	-1000.6715	-1075.4275	-1179.887	-1307.0805	-1446.618	-1595.747	-1788.443	-1967.03	-2035.569	-2183.738	-2277.297	-2535.8205
148	Chad	18.3025	124.443	-2642.2585	-2765.0995	-3212.7415	-3671.38	-4171.262	-4684.1175	-5059.39	-5693.092	-6309.7735	-6814.566	-7586.656	-8298.0465	-9704.259	-10411.5485	-11124.4505
178	Congo	-2.236	-118.697	-412.542	-465.036	-517.6295	-579.396	-637.184	-712.7765	-750.533	-821.71	-924.835	-975.6105	-1067.1405	-1129.7415	-1263.2695	-1322.8165	-1428.8395
180	Democratic Republic of the Congo	-0.8165	-1757.884	-6226.793	-7054.738	-8309.9165	-9086.7585	-10275.682	-11337.57	-12363.9815	-13961.442	-15218.181	-17033.1095	-17460.5635	-19703.693	-21619.7145	-21855.492	-25087.3455
226	Equatorial Guinea	0	-20.4165	-220.976	-303.9135	-329.1735	-357.8695	-412.721	-411.0985	-454.104	-526.292	-558.6155	-623.445	-695.5695	-790.694	-856.338	-1022.2785	-1121.7735
266	Gabon	0.753	-4.6935	-53.1715	-79.195	-99.3785	-118.8975	-138.158	-157.9235	-175.017	-192.3325	-208.2715	-229.2345	-245.2185	-252.529	-271.072	-286.4125	-310.113
678	Sao Tome and Principe	0	-4.72	-13.9775	-18.185	-21.7115	-24.064	-26.2555	-27.794	-28.83	-30.607	-31.792	-33.1365	-36.3575	-37.5005	-38.592	-41.3155	-45.5525
912	Northern Africa	-61.2875	-3140.796	-6560.5705	-7150.936	-7383.498	-7726.5975	-8042.239	-8524.9515	-9172.3015	-9292.988	-10100.3895	-10605.6635	-10706.286	-11372.7005	-11825.891	-12543.7465	-13041.4835
12	Algeria	-5.399	-619.56	-2470.898	-2593.0105	-2712.695	-2960.6075	-3057.4865	-3166.8055	-3175.532	-3385.323	-3286.382	-3380.527	-3518.5185	-3521.0285	-3478.8045	-3577.2605	-3612.7465
818	Egypt	3.008	-248.862	-1632.8635	-1742.079	-1856.912	-2078.824	-2089.5395	-2191.806	-2343.0685	-2397.102	-2471.0865	-2547.722	-2587.575	-2693.878	-2789.98	-2846.603	-2878.4575
434	Libya	-0.347	-316.0655	-1144.1275	-1199.6715	-1304.116	-1398.291	-1350.9315	-1386.451	-1519.6325	-1529.204	-1514.148	-1597.3845	-1652.812	-1683.2715	-1776.5315	-1816.5275	-1836.72
504	Morocco	-17.737	-319.8925	-832.53	-979.4815	-1050.9105	-1060.0185	-1073.623	-1084.542	-1100.843	-1174.6745	-1127.0895	-1104.2595	-1093.528	-1119.771	-1115.229	-1097.593	-1113.5365
729	Sudan	-32.9665	-2789.9285	-4711.526	-5156.0265	-5141.5635	-5327.916	-5615.699	-6108.9415	-6667.0955	-6673.3735	-7711.9995	-8138.8415	-8600.127	-9035.177	-9600.1985	-10558.1375	-10993.65
788	Tunisia	-9.594	-140.789	-474.517	-591.396	-647.2945	-698.3865	-701.891	-687.373	-688.275	-677.512	-649.116	-644.5445	-634.6795	-642.8755	-661.3815	-628.542	-614.8365
732	Western Sahara	1.748	15.7845	-29.5305	-54.6665	-65.1055	-76.1835	-82.1635	-84.5045	-88.751	-88.756	-93.358	-104.168	-124.2735	-123.2465	-138.544	-154.9255	-173.183
913	Southern Africa	188.968	577.783	-2015.5565	-2230.112	-2328.452	-2468.1995	-2423.935	-2492.55	-2643.7915	-2751.173	-2686.309	-2797.871	-2984.811	-2980.977	-3104.7825	-3344.871	-3101.8395
72	Botswana	-5.665	-84.965	-286.7305	-335.9775	-348.004	-363.7375	-373.616	-395.5035	-421.1985	-424.1845	-439.6765	-482.7905	-478.473	-498.308	-478.4365	-512.1155	-533.277
748	Eswatini	-2.121	-61.1135	-136.758	-137.0865	-142.078	-146.194	-150.894	-156.5525	-152.1455	-157.094	-158.2655	-154.859	-155.4995	-155.417	-156.572	-153.938	-160.019
426	Lesotho	-1.7245	-42.4755	-124.322	-162.4535	-180.6705	-192.9695	-196.2775	-207.812	-215.502	-219.428	-222.6015	-225.855	-240.064	-236.2825	-227.9645	-238.089	-254.632
516	Namibia	13.528	0.3285	-314.408	-337.1045	-384.9935	-416.3265	-457.147	-475.6625	-496.3945	-528.975	-548.4305	-582.887	-623.6755	-636.3735	-694.089	-725.8805	-747.169
710	South Africa	184.9505	581.0035	-1964.155	-2130.5625	-2206.1335	-2313.3775	-2266.468	-2334.8395	-2540.7725	-2597.4375	-2537.773	-2623.875	-2864.4225	-2849.923	-2924.66	-3135.1915	-2993.6755
914	Western Africa	-19.4845	-1903.9745	-6029.325	-7340.2	-8431.0755	-9205.9665	-10206.033	-11072.69	-11933.0805	-12391.7995	-13482.221	-14032.1285	-15622.631	-16541.898	-17232.5575	-17264.889	-17776.4995
204	Benin	0.8645	-190.392	-688.5805	-760.4195	-824.0885	-910.772	-1001.514	-1091.79	-1192.0485	-1300.8805	-1399.4235	-1509.609	-1647.0915	-1725.786	-1865.339	-1975.6455	-2059.1145
854	Burkina Faso	-2.8305	-165.299	-507.582	-682.0185	-863.561	-1006.436	-1105.647	-1193.505	-1243.119	-1303.08	-1410.5985	-1554.519	-1674.043	-1760.8125	-1803.279	-1811.679	-1904.7055
132	Cabo Verde	-1.681	-11.605	-37.8605	-47.307	-50.052	-52.049	-51.267	-50.095	-47.817	-47.5705	-49.3395	-46.282	-47.646	-47.682	-44.3395	-44.672	-45.6365
384	Côte d'Ivoire	-6.195	-184.747	-1340.8075	-1951.9945	-2389.244	-2721.819	-3114.4445	-3494.501	-3701.764	-4097.5495	-4252.2075	-4646.1945	-5135.679	-5294.893	-5798.253	-6208.4585	-6824.754
270	Gambia	-0.9745	-22.7745	-67.7565	-97.324	-121.525	-142.545	-155.0975	-171.3535	-186.647	-205.908	-214.815	-227.804	-236.145	-234.4255	-241.8755	-255.256	-264.1525
288	Ghana	-0.1455	-237.8985	-1109.4425	-1336.216	-1530.7165	-1649.7175	-1765.5305	-1921.305	-1977.135	-2091.696	-2140.824	-2280.748	-2475.933	-2649.445	-2581.429	-2718.8395	-2806.8445
324	Guinea	-2.1825	-210.606	-859.677	-960.8675	-1078.1935	-1160.9835	-1266.8545	-1334.128	-1431.692	-1559.198	-1631.468	-1748.9415	-1876.3025	-1917.004	-2084.9895	-2054.636	-2169.883
624	Guinea-Bissau	-0.697	-85.632	-371.187	-410.3955	-456.362	-480.042	-537.481	-584.287	-645.9065	-664.024	-754.096	-802.8205	-916.512	-954.9065	-982.8115	-970.909	-1052.6475
430	Liberia	-5.0535	-785.398	-2664.8705	-2979.6145	-3261.668	-3626.0475	-3973.342	-4347.9025	-4602.3945	-4932.5145	-5518.9185	-5557.4405	-5981.067	-6231.6955	-6950.6125	-7147.396	-7627.063
466	Mali	-7.481	-293.9835	-937.012	-1218.0895	-1441.095	-1720.3345	-1959.826	-2146.3265	-2364.634	-2611.0395	-2847.419	-3125.8395	-3287.4485	-3648.862	-3986.9535	-4282.301	-4732.89
478	Mauritania	-0.7415	-56.54	-259.623	-285.3705	-330.1325	-365.5055	-404.694	-434.033	-488.188	-527.4725	-580.114	-632.5035	-691.934	-746.292	-779.741	-855.882	-905.4405
562	Niger	-2.201	-47.165	-231.6365	-304.0285	-353.5115	-395.578	-441.3655	-483.1985	-522.5935	-581.757	-650.0655	-691.7555	-735.508	-810.8845	-900.885	-1001.5835	-1016.3875
566	Nigeria	-7.2485	-854.8245	-3496.6905	-4630.9605	-5373.463	-5843.5495	-6171.1395	-6748.1725	-7413.306	-7720.08	-8191.093	-8457.31	-9746.931	-10142.079	-10521.443	-10030.083	-10228.359
654	Saint Helena	0.0055	-0.0605	-0.351	-0.416	-0.422	-0.392	-0.3605	-0.3365	-0.302	-0.3015	-0.313	-0.3115	-0.325	-0.3295	-0.3285	-0.337	-0.337
686	Senegal	16.924	-35.2855	-474.2465	-695.22	-889.712	-1001.822	-1141.812	-1236.6175	-1322.7745	-1423.0005	-1583.55	-1611.8195	-1742.4705	-1809.065	-1818.4955	-1892.956	-2121.677
694	Sierra Leone	0.646	-336.4065	-1283.795	-1401.217	-1507.869	-1607.5685	-1696.605	-1854.8715	-1943.7695	-2019.8005	-2055.6045	-2242.576	-2310.7465	-2413.409	-2530.091	-2437.5135	-2644.1265
768	Togo	-0.493	-322.7085	-1151.44	-1223.267	-1384.3565	-1528.435	-1619.929	-1788.3115	-2009.4745	-2025.892	-2270.485	-2478.6285	-2694.3125	-2766.1325	-3073.0075	-3118.359	-3315.0115
935	Asia	-883.3095	-14123.775	-24264.6375	-25791.474	-27490.0275	-28355.7455	-30332.3235	-31949.646	-34399.3585	-36023.701	-36867.2845	-38913.344	-40825.7945	-42994.323	-46323.259	-48082.107	-51608.922
5500	Central Asia	26.5645	-263.5085	-1934.9795	-2438.917	-2820.9705	-3020.55	-3166.123	-3406.102	-3602.6065	-3811.827	-4039.3695	-4072.718	-4222.987	-4541.3285	-4890.499	-5192.653	-5339.0965
398	Kazakhstan	-4.358	-277.8695	-1628.4945	-1964.189	-2151.2	-2290.6275	-2362.8025	-2463.9235	-2644.856	-2802.7945	-3009.1495	-3059.501	-3225.2665	-3445.2965	-3650.7105	-3966.828	-4171.0695
417	Kyrgyzstan	27.352	14.076	-416.257	-510.4135	-570.3885	-581.618	-635.799	-701.1545	-709.1025	-730.7615	-737.647	-790.273	-839.7235	-885.905	-879.123	-894.935	-920.2545
762	Tajikistan	-1.782	-193.1815	-659.046	-763.603	-810.5395	-897.0635	-956.122	-1015.038	-1053.908	-1115.4515	-1196.5415	-1219.4625	-1291.422	-1337.2505	-1324.488	-1343.0065	-1444.7245
795	Turkmenistan	9.9565	46.616	-147.0765	-157.892	-176.6815	-192.43	-200.256	-204.0855	-209.165	-215.536	-225.4145	-221.9245	-232.1765	-234.7755	-223.222	-210.6035	-219.2795
860	Uzbekistan	-4.604	-133.7285	-620.4945	-888.787	-1124.8	-1256.144	-1363.166	-1465.6965	-1558.6515	-1714.364	-1803.513	-1950.055	-2005.88	-2089.611	-2148.4025	-2204.0615	-2267.286
906	Eastern Asia	23.644	-3187.37	-7834.9415	-7918.3595	-8066.588	-7711.502	-7590.8385	-7414.1695	-7118.8085	-6913.612	-6741.894	-6520.1855	-6077.272	-6027.0545	-5855.3755	-5481.7855	-5156.924
156	China	-45.7885	-3246.905	-6447.1965	-6501.565	-6322.8905	-6008.4325	-5969.1975	-5843.98	-5489.1145	-5184.368	-4785.711	-4629.133	-4470.9365	-4282.8425	-3907.03	-3615.3035	-3480.267
344	China, Hong Kong SAR	-0.9	-1514.5405	-4538.7375	-4477.147	-4650.3895	-4749.3435	-4516.656	-4112.8495	-4220.032	-4226.855	-4276.601	-4174.6285	-4212.892	-4062.065	-4050.4275	-3872.5645	-3649.2275
446	China, Macao SAR	4.421	-93.4485	-408.7695	-404.412	-414.1475	-407.8795	-390.723	-376.2025	-382.0855	-384.038	-397.9615	-365.1035	-359.0225	-331.7355	-333.9555	-333.1575	-328.7775
158	China, Taiwan Province of China	-10.612	-370.4105	-656.781	-695.9005	-723.207	-684.0165	-667.4935	-642.3555	-599.048	-540.0315	-514.471	-477.2255	-468.4125	-426.344	-411.295	-381.384	-364.714
408	Dem. People's Republic of Korea	-0.7925	-30.5285	-112.5535	-144.541	-160.5315	-174.3435	-178.227	-189.807	-192.401	-196.4325	-199.8285	-201.8985	-200.0285	-200.3925	-204.164	-198.753	-202.157
392	Japan	21.0005	331.3375	-445.63	-614.4975	-739.182	-784.9475	-774.2665	-842.46	-791.6175	-796.069	-778.0345	-760.3045	-690.4475	-673.751	-589.6735	-607.6275	-697.545
496	Mongolia	0	-20.185	-114.6865	-153.672	-179.866	-184.3655	-199.538	-207.712	-208.705	-229.1875	-234.0255	-246.4625	-240.1685	-255.063	-233.3425	-250.3175	-272.243
410	Republic of Korea	56.3155	31.2765	-1207.4875	-1617.552	-1759.5725	-1733.577	-1631.465	-1479.5055	-1410.729	-1372.523	-1274.792	-1182.7365	-1069.033	-959.7085	-904.387	-878.317	-796.665
5501	Southern Asia	-765.236	-17844.763	-24495.663	-24792.079	-27165.619	-28856.6805	-29964.9695	-32595.59	-33984.831	-36783.098	-37404.6625	-39252.756	-40871.548	-45046.1385	-47876.779	-49088.87	-52267.8655
4	Afghanistan	71.817	-4513.784	-12414.012	-14000.113	-16179.0075	-17822.7175	-20134.212	-23092.6035	-24391.432	-26266.5255	-28599.238	-30751.3355	-34090.1545	-37475.1555	-40235.1355	-41347.526	-44930.036
50	Bangladesh	-501.261	-4012.388	-4903.4615	-5465.805	-6178.9355	-6242.087	-6423.374	-6825.408	-6879.3845	-6870.2865	-6793.911	-6735.3575	-6660.3565	-6670.701	-6363.195	-6263.9885	-6362.201
64	Bhutan	0.1435	-35.829	-135.1765	-137.294	-143.4175	-144.2865	-146.285	-146.968	-145.197	-147.1215	-148.6605	-142.4945	-141.5165	-136.689	-137.3605	-130.2565	-125.256
356	India	-36.903	-5089.624	-7330.9475	-7523.6085	-8003.5795	-8427.1585	-8468.6345	-8614.744	-8621.507	-8889.5145	-8615.371	-8858.868	-9032.943	-8647.728	-8597.143	-8899.9	-8615.943
364	Iran (Islamic Republic of)	-90.34	-434.6175	-5756.876	-6323.9985	-6183.281	-6396.684	-6687.6855	-6677.936	-6550.9425	-6499.384	-6463.39	-6505.957	-6429.3925	-6156.1705	-6202.851	-5898.2165	-5922.151
462	Maldives	4.821	-2.647	-49.785	-52.2475	-50.9875	-50.262	-52.139	-52.651	-49.939	-51.1485	-50.193	-48.905	-45.0395	-44.4205	-41.7565	-41.6065	-40.3615
524	Nepal	81.0695	-1540.315	-2531.3355	-2206.8235	-2375.974	-2315.5145	-2205.6115	-2263.2705	-2240.503	-2304.288	-2189.63	-2193.498	-2285.861	-2234.906	-2359.506	-2435.8265	-2310.8
586	Pakistan	-279.6455	-7615.1875	-13579.6	-14489.655	-15035.5565	-15662.003	-16203.069	-17107.2325	-17596.381	-18480.5165	-19273.779	-20524.495	-21284.8275	-21920.6085	-21866.965	-23624.639	-24789.039
144	Sri Lanka	-14.9375	-343.015	-1171.109	-1310.095	-1316.771	-1317.0115	-1283.424	-1300.785	-1338.003	-1311.518	-1272.8625	-1255.5705	-1292.138	-1271.822	-1274.778	-1270.176	-1264.787
920	South-Eastern Asia	-77.9245	-1713.448	-5617.424	-6208.2	-6943.1965	-7152.6295	-7625.525	-7984.0795	-7873.9755	-8304.1035	-8135.864	-8510.241	-8548.9645	-8750.1035	-8377.9055	-8488.358	-8595.162
96	Brunei Darussalam	0.231	-5.3755	-31.676	-38.029	-38.323	-38.6545	-39.329	-40.186	-38.812	-37.9965	-38.3025	-38.5255	-38.9125	-39.366	-39.86	-38.8935	-36.382
116	Cambodia	0	-769.666	-2710.789	-2924.4995	-3073.9485	-3183.518	-3298.2425	-3313.6465	-3523.895	-3667.1845	-3647.775	-3872.6145	-4062.141	-3941.2975	-4085.0365	-3912.5245	-4303.6555
360	Indonesia	-9.3715	-339.81	-1117.068	-1396.7895	-1768.769	-1974.9995	-2207.7655	-2408.756	-2568.197	-2637.337	-2654.793	-2674.3755	-2694.7725	-2812.9755	-2886.5625	-2834.334	-2869.689
418	Lao People's Democratic Republic	-5.1525	-75.9715	-205.308	-263.1685	-293.354	-318.9125	-339.9915	-347.6045	-368.6285	-373.9425	-367.089	-378.249	-386.855	-399.5735	-397.428	-382.3975	-381.631
458	Malaysia	50.9535	721.641	-68.496	-549.838	-857.567	-1113.7265	-1315.143	-1447.1295	-1527.1625	-1603.806	-1655.833	-1677.5815	-1636.2315	-1638.484	-1694.8995	-1526.2655	-1482.5455
104	Myanmar	-33.1065	-304.2465	-836.874	-1035.9455	-1126.414	-1201.3345	-1255.334	-1278.4425	-1318.638	-1306.9875	-1323.055	-1362.689	-1361.8675	-1372.4455	-1341.0745	-1301.493	-1282.421
608	Philippines	-23.507	-1472.624	-4096.9165	-4477.2815	-4889.881	-5003.963	-5083.33	-5342.5655	-5212.745	-5371.037	-5090.594	-5116.862	-5130.2195	-5265.8525	-4954.1795	-4675.857	-4757.548
702	Singapore	-72.778	-202.9905	-790.7785	-847.0525	-878.762	-881.935	-843.4645	-890.814	-919.924	-954.3125	-1040.252	-1012.161	-1003.5425	-1085.9035	-1057.867	-1021.3925	-1101.017
764	Thailand	16.1385	-19.6615	-457.1235	-634.73	-703.983	-765.903	-776.016	-817.649	-773.6735	-790.7615	-748.6835	-743.224	-658.8515	-654.528	-618.365	-600.141	-562.7695
626	Timor-Leste	1.8965	-179.6595	-598.4765	-641.191	-692.2455	-729.871	-811.425	-814.8735	-863.6435	-918.3515	-920.122	-927.1935	-989.796	-1055.6875	-1052.386	-1057.564	-1027.4935
704	Viet Nam	-3.2285	-772.1085	-2356.0205	-2350.4685	-2430.619	-2407.1635	-2461.844	-2487.909	-2457.317	-2460.303	-2419.7835	-2368.603	-2348.4345	-2387.1875	-2326.7965	-2265.84	-2382.9435
922	Western Asia	-90.3575	2971.8765	-7518.383	-9904.7155	-11107.599	-11876.9155	-12468.475	-12907.353	-13431.893	-14794.0915	-15743.491	-16436.328	-17063.1685	-16990.155	-17181.934	-18470.336	-19233.5885
51	Armenia	-6.523	14.442	-283.516	-274.265	-235.852	-205.783	-176.515	-161.0805	-143.1435	-130.9145	-124.5485	-115.2215	-109.7295	-111.4525	-116.2495	-123.2905	-123.49
31	Azerbaijan	0.5365	-146.2625	-366.487	-388.5395	-351.3195	-335.4965	-328.1325	-310.6195	-303.697	-287.741	-278.9255	-263.564	-271.664	-274.4455	-251.521	-248.742	-255.127
48	Bahrain	-2.524	-41.6485	-253.0065	-211.3665	-234.987	-276.5215	-286.444	-298.1375	-311.6425	-340.514	-378.5885	-384.468	-420.9175	-452.7015	-472.7535	-538.2815	-526.6905
196	Cyprus	4.8265	33.485	-28.246	-54.4605	-62.692	-74.811	-79.7545	-85.963	-86.277	-86.155	-84.4695	-79.6855	-78.7695	-88.561	-85.797	-82.112	-80.442
268	Georgia	-1.369	-13.217	-225.6695	-297.0255	-331.379	-324.141	-324.7275	-322.1175	-298.5035	-305.1265	-302.064	-297.987	-313.1465	-310.3395	-350.993	-351.343	-386.8055
368	Iraq	14.929	-1174.496	-4697.0255	-5282.243	-5527.018	-6115.213	-6636.1235	-6927.4615	-7507.4915	-7726.6775	-8517.866	-8917.4315	-9512.971	-9848.8285	-10004.9295	-10520.496	-10977.87
376	Israel	8.2865	-70.0175	-865.243	-1068.486	-1149.3325	-1231.768	-1295.822	-1387.5175	-1519.5955	-1560.1685	-1736.774	-1968.5855	-1994.492	-2319.886	-2412.0285	-2687.2125	-2764.471
400	Jordan	3.3725	-991.641	-2342.5065	-2580.2985	-2566.6905	-2857.1735	-2983.501	-3315.6245	-3279.656	-3492.8555	-3591.467	-3856.2175	-3931.472	-4223.8965	-4170.0745	-4300.625	-4424.039
414	Kuwait	-84.1895	-280.772	-1614.6675	-1427.7805	-1301.521	-1321.5025	-1503.4695	-1663.796	-2026.916	-2289.285	-2506.9625	-2565.9755	-2706.3735	-2826.703	-3143.763	-3400.7885	-3506.7145
422	Lebanon	-23.8935	-448.637	-1210.4515	-1267.151	-1322.4005	-1350.9075	-1416.506	-1495.4815	-1587.055	-1626.731	-1571.7745	-1643.5605	-1785.8455	-1730.5115	-1745.65	-1874.015	-1988.7945
512	Oman	-85.8175	280.8965	-732.491	-958.433	-1101.1425	-1214.5895	-1258.749	-1307.9055	-1404.171	-1470.361	-1430.7725	-1531.5025	-1518.7465	-1569.618	-1701.201	-1741.752	-1724.9905
634	Qatar	-25.2165	-136.188	-751.517	-733.615	-883.693	-955.9185	-1044.822	-1160.7715	-1384.1645	-1599.5285	-1895.9095	-2144.0255	-2558.1205	-2889.8295	-3171.6005	-3358.8485	-3567.902
682	Saudi Arabia	-37.3625	332.693	-2781.9355	-2401.6475	-2829.7625	-3089.834	-3550.605	-3522.19	-3734.1745	-3961.743	-4148.3165	-4649.371	-4585.749	-5138.4045	-5362.195	-5359.25	-5738.4855
275	State of Palestine	-6.1845	-217.607	-810.868	-954.1555	-1040.139	-1077.216	-1167.9815	-1257.0935	-1277.058	-1424.689	-1500.6185	-1800.944	-1965.3055	-2082.2385	-2055.957	-2252.414	-2268.7135
760	Syrian Arab Republic	134.525	1589.3665	-3561.2445	-5123.4715	-6028.364	-6731.3435	-7149.5035	-7325.708	-8065.9225	-8995.058	-9375.2655	-9627.997	-10257.4005	-10182.659	-11664.222	-11526.1225	-11816.266
792	Türkiye	18.967	-1604.2125	-3978.6375	-4249.7205	-4203.8295	-4266.6065	-4057.023	-3992.9355	-3796.537	-3677.054	-3604.607	-3424.275	-3445.127	-3153.859	-3223.7695	-3026.9645	-3014.913
784	United Arab Emirates	46.2705	16.8565	-2546.3735	-2270.8435	-2496.025	-2589.1985	-2822.3805	-3423.104	-3840.191	-4414.655	-4943.132	-5665.432	-5828.7225	-6248.2385	-6983.295	-7071.428	-7395.728
887	Yemen	-48.991	-265.9625	-668.582	-941.5395	-1106.9755	-1289.695	-1409.226	-1576.2425	-1723.2315	-1932.723	-2090.285	-2270.106	-2428.6095	-2616.3265	-2661.98	-2824.823	-3004.8525
908	Europe	729.803	4080.7915	394.8435	-503.022	-985.9185	-998.831	-1042.6255	-1415.1685	-1594.2655	-1556.04	-1608.9885	-1728.805	-1889.0305	-1808.268	-2103.824	-2224.908	-2602.7165
923	Eastern Europe	150.6435	-3477.6015	-1950.589	-2139.9335	-2001.3075	-1888.0215	-1800.2325	-1920.32	-1776.4125	-1709.1555	-1635.4015	-1603.4315	-1621.191	-1553.915	-1675.8915	-1493.386	-1595.3835
112	Belarus	-16.977	-102.1625	-173.612	-181.311	-165.9195	-161.221	-152.7105	-148.9885	-149.1805	-137.144	-124.656	-121.227	-121.522	-115.7945	-106.5895	-97.9375	-92.691
100	Bulgaria	15.0835	3.7085	-272.4995	-289.8445	-273.0615	-260.5055	-244.9425	-237.116	-228.5605	-218.257	-208.957	-198.8575	-190.9635	-186.6385	-177.7145	-175.2465	-170.525
203	Czechia	2.168	136.762	-128.4745	-114.3235	-145.774	-158.89	-161.104	-166.443	-162.449	-162.322	-158.1435	-162.097	-154.3535	-148.4435	-141.0245	-142.1845	-134.7675
348	Hungary	4.5735	91.4345	-49.642	-39.788	-41.1915	-37.2095	-36.719	-43.7905	-33.2695	-36.0155	-33.532	-35.9545	-31.4635	-33.7275	-35.41	-33.912	-32.1215
616	Poland	1.96	401.4645	-696.4365	-584.1205	-592.4235	-601.94	-599.535	-531.282	-499.8755	-483.6705	-458.979	-420.8825	-410.5095	-389.8525	-359.698	-340.045	-316.5125
498	Republic of Moldova	-16.7025	-41.9905	-188.7275	-191.0265	-188.513	-183.518	-171.8505	-165.24	-155.4005	-150.044	-142.523	-130.4345	-126.9335	-127.001	-120.662	-113.1555	-110.653
642	Romania	-6.601	-91.7935	-567.575	-632.4025	-658.571	-638.487	-592.574	-584.0025	-576.138	-552.084	-514.1575	-495.3285	-475.613	-471.412	-451.8455	-444.033	-443.905
643	Russian Federation	167.047	-65.842	-2099.8135	-1862.9085	-1743.8305	-1581.395	-1525.597	-1691.41	-1550.39	-1601.117	-1484.178	-1492.517	-1557.959	-1449.173	-1600.9155	-1428.441	-1524.603
703	Slovakia	2.175	40.387	-54.54	-43.1445	-47.524	-50.8445	-48.857	-48.966	-51.6345	-52.441	-46.993	-46.6495	-45.665	-43.2535	-40.9405	-38.6215	-38.8755
804	Ukraine	-2.0835	-4507.191	93.1615	-522.0775	-503.9335	-481.7245	-454.659	-432.0685	-389.3215	-383.994	-365.479	-338.857	-316.018	-294.379	-274.728	-254.102	-237.571
924	Northern Europe	130.727	3001.6655	799.9335	11.376	-432.347	-656.4845	-977.946	-1207.2895	-1325.6455	-1474.5215	-1496.0185	-1579.1275	-1585.294	-1667.8925	-1668.8535	-1706.6255	-1691.668
208	Denmark	5.4255	132.588	-45.0735	-82.349	-95.7415	-101.8585	-99.687	-108.3125	-108.2325	-108.629	-108.646	-111.2235	-108.3825	-102.34	-110.569	-110.4225	-106.712
233	Estonia	1.847	31.018	-48.486	-46.5645	-46.9875	-50.5715	-48.5955	-47.377	-44.3015	-45.09	-43.457	-42.7475	-39.7405	-39.7165	-39.5255	-37.422	-35.8895
234	Faroe Islands	0.274	1.838	-3.733	-5.2665	-5.9965	-5.926	-6.2545	-6.3205	-6.661	-6.9665	-7.35	-7.309	-7.0965	-8.0785	-7.882	-8.1635	-8.4255
246	Finland	8.752	113.845	-51.6605	-26.5505	-30.075	-27.3885	-30.75	-34.558	-39.272	-44.642	-47.54	-50.111	-53.549	-52.409	-56.0565	-57.938	-63.4535
831	Guernsey	0.161	1.1855	-1.8075	-2.3345	-2.376	-2.334	-2.3835	-2.1605	-2.234	-2.2195	-2.2095	-2.0165	-2.06	-2.079	-2.02	-1.937	-1.9505
352	Iceland	1.249	16.6865	-19.3355	-26.732	-29.9715	-30.7355	-32.1195	-32.759	-33.4755	-31.4145	-30.173	-30.881	-32.2385	-30.109	-29.714	-29.8235	-28.568
372	Ireland	7.873	170.7665	-203.9665	-353.0065	-399.553	-434.1935	-456.4015	-485.498	-507.681	-510.7235	-499.796	-498.331	-525.174	-535.457	-531.998	-505.674	-528.339
833	Isle of Man	0.1095	-0.225	-5.638	-7.1815	-7.7125	-7.5705	-7.303	-6.425	-6.4965	-6.7645	-6.987	-6.682	-7.1745	-6.8645	-7.4095	-7.8855	-7.528
832	Jersey	0.268	1.6875	-1.67	-2.7615	-3.409	-3.5425	-3.407	-3.721	-3.553	-3.461	-3.189	-3.0965	-3.205	-3.426	-3.4035	-3.3275	-3.237
428	Latvia	-1.5735	0.1635	-106.7645	-114.895	-114.726	-113.172	-107.637	-105.9535	-97.46	-97.554	-90.541	-86.5365	-88.0575	-82.053	-80.271	-81.776	-83.0665
440	Lithuania	9.942	90.8045	-203.3055	-184.4865	-171.8355	-167.2435	-159.2565	-158.4455	-148.1465	-137.958	-137.1295	-133.349	-129.6405	-129.2795	-121.083	-109.0835	-99.723
578	Norway	5.6385	174.853	-45.552	-86.169	-100.8535	-113.393	-107.648	-118.3015	-120.7605	-132.383	-135.9775	-139.981	-135.1155	-140.9645	-146.731	-147.4495	-148.433
752	Sweden	18.651	208.074	-53.2665	-155.2425	-204.046	-235.34	-271.7275	-288.524	-297.8825	-298.106	-277.27	-266.995	-275.4715	-273.4695	-267.7315	-268.4145	-258.28
826	United Kingdom	72.1105	1840.2015	430.642	-262.878	-625.272	-874.5825	-1172.1575	-1367.1655	-1421.938	-1559.299	-1576.1125	-1620.752	-1655.4335	-1755.54	-1747.388	-1730.78	-1732.6395
925	Southern Europe	166.535	432.255	-2149.8915	-2511.573	-2688.2125	-2698.1925	-2459.084	-2571.585	-2548.344	-2454.1855	-2197.9055	-2314.689	-2098.2905	-2101.1945	-2251.661	-2324.482	-2475.113
8	Albania	-8.34	-150.5835	-262.6125	-282.101	-269.531	-240.1115	-220.5705	-197.4045	-182.194	-176.047	-162.155	-154.888	-146.808	-144.9105	-137.1685	-130.2015	-131.582
20	Andorra	0.286	-1.591	-28.707	-29.298	-32.643	-35.383	-37.911	-42.757	-46.93	-51.804	-61.2415	-65.425	-66.7945	-75.2995	-71.7135	-76.2225	-75.482
70	Bosnia and Herzegovina	-13.42	-199.951	-556.897	-533.2005	-518.167	-494.7045	-472.5405	-459.8515	-441.006	-401.865	-405.315	-401.2065	-377.795	-358.3755	-379.1545	-348.3765	-352.437
191	Croatia	-4.276	-38.7685	-178.5725	-168.779	-164.061	-160.438	-148.1925	-143.209	-140.994	-135.8685	-127.6395	-121.4385	-124.3195	-116.6545	-109.287	-108.2205	-107.1245
292	Gibraltar	0.257	2.4095	-0.9995	-2.6635	-3.749	-4.2245	-4.2515	-4.523	-4.6365	-5.1565	-5.247	-5.2375	-5.5765	-5.753	-5.556	-5.9915	-6.1845
300	Greece	3.1765	-565.6375	-343.982	-504.144	-557.725	-523.77	-460.1875	-369.3675	-320.8905	-280.5085	-256.9305	-251.129	-224.4795	-219.023	-217.97	-220.6715	-210.386
380	Italy	42.6405	224.5985	-1498.551	-1547.1915	-1468.888	-1436.054	-1349.91	-1378.8395	-1268.8695	-1226.574	-1184.4375	-1187.764	-1129.9105	-1082.6725	-1078.316	-1108.2275	-1105.176
412	Kosovo (under UNSC res. 1244)	1.4075	-184.4075	-316.102	-290.9155	-269.66	-268.4025	-255.0925	-254.995	-255.6675	-254.44	-273.1405	-280.942	-265.6165	-261.3065	-277.675	-271.7095	-265.8795
470	Malta	3.452	19.4825	-24.4665	-36.145	-38.447	-39.4725	-42.8415	-40.7215	-37.814	-39.728	-38.6975	-39.3495	-38.041	-35.6895	-37.234	-36.0195	-37.795
499	Montenegro	-1.655	22.3405	-37.1345	-28.109	-25.6965	-24.9205	-23.4775	-23.157	-21.851	-20.7155	-19.759	-19.0075	-17.994	-17.4375	-16.598	-16.822	-16.416
807	North Macedonia	-11.729	-56.8165	-124.9645	-137.708	-135.7895	-129.605	-119.5795	-110.8855	-106.1835	-105.0405	-98.933	-94.5455	-88.504	-84.3855	-79.5165	-86.646	-89.8545
620	Portugal	27.038	138.4575	-225.5665	-217.499	-224.1265	-213.731	-206.9715	-203.7825	-194.786	-190.521	-181.2935	-182.5395	-190.2995	-186.0455	-186.5595	-193.2865	-198.6075
674	San Marino	0.1235	-2.231	-4.117	-4.076	-4.094	-4.151	-4.1135	-3.9045	-3.802	-3.8785	-3.831	-3.921	-3.8585	-3.9015	-3.889	-4.1365	-4.3285
688	Serbia	-5.11	-5.069	-127.519	-139.097	-142.3335	-140.2875	-134.6635	-139.8975	-135.0185	-128.8815	-120.724	-115.125	-111.2915	-107.746	-104.6565	-101.0885	-96.4765
705	Slovenia	14.257	15.519	-57.2825	-58.815	-56.073	-56.421	-54.194	-56.19	-52.6255	-51.876	-50.567	-50.3	-52.4835	-49.407	-49.2395	-50.198	-49.49
724	Spain	118.427	472.0785	-1597.93	-2035.682	-2238.5225	-2250.6405	-2087.7815	-2129.7485	-2122.061	-2043.9895	-1824.518	-1907.761	-1846.846	-1795.9845	-1949.312	-2020.744	-2120.567
926	Western Europe	281.898	2845.32	-1568.2675	-1585.6945	-1620.049	-1675.684	-1647.778	-1524.902	-1602.5315	-1450.6925	-1542.5875	-1626.236	-1581.1195	-1632.2205	-1657.4775	-1635.53	-1823.419
40	Austria	19.8005	161.079	-288.0765	-301.064	-303.77	-279.384	-296.579	-291.004	-255.057	-253.771	-264.198	-240.473	-245.567	-269.9735	-256.324	-254.041	-246.3205
56	Belgium	21.8885	-348.401	-118.766	-175.5555	-186.281	-194.6175	-214.313	-212.7595	-192.214	-203.1265	-221.6655	-216.186	-217.7295	-221.0815	-210.0325	-223.4155	-222.36
250	France	72.7965	477.7375	-317.0105	-534.5225	-658.761	-682.724	-724.202	-820.301	-839.845	-776.8635	-822.339	-805.9285	-880.073	-837.6965	-873.222	-841.253	-815.7785
276	Germany	101.734	999.9905	-2646.734	-2485.4765	-2338.105	-2311.1675	-2334.8545	-2135.877	-2262.8425	-2088.767	-2090.676	-2154.069	-2142.79	-2124.6015	-2154.899	-2078.1735	-2238.521
438	Liechtenstein	0.1345	0.856	-0.1845	-0.654	-0.967	-1.1895	-1.3105	-1.474	-1.41	-1.418	-1.394	-1.3985	-1.509	-1.5965	-1.6605	-1.6705	-1.609
442	Luxembourg	3.4835	33.1835	-12.1125	-29.046	-37.4345	-44.024	-46.932	-47.0925	-48.992	-51.5475	-51.077	-54.047	-54.987	-59.822	-63.662	-62.4975	-63.171
492	Monaco	0.4995	1.7515	-3.5705	-3.6445	-3.658	-3.476	-3.3795	-3.586	-3.4705	-3.6185	-3.663	-3.967	-4.125	-4.1965	-4.3495	-4.584	-4.8355
528	Netherlands	33.799	582.638	-76.329	-310.211	-382.3925	-430.489	-441.1555	-497.5245	-512.016	-509.544	-499.269	-485.3105	-490.0135	-465.515	-489.8485	-480.351	-452.9755
756	Switzerland	27.7615	192.0515	-260.701	-352.3725	-397.909	-413.5805	-408.7845	-385.827	-384.9505	-386.006	-381.8115	-372.735	-382.18	-377.8695	-368.7615	-398.6935	-394.0465
5505	Americas	-10.8505	3584.5875	-510.088	-2273.173	-3268.9325	-3584.0085	-4301.987	-4894.971	-4756.5065	-5279.3545	-5739.1095	-6066.0645	-6369.06	-6550.097	-5762.6135	-6163.845	-6022.069
904	Latin America and the Caribbean	-304.0095	-2886.4365	-5450.6445	-5965.4005	-6276.7825	-6447.259	-6653.918	-6755.2085	-6932.3185	-7104.4395	-7313.9295	-7177.4265	-7272.0605	-6836.652	-6840.0145	-7072.386	-7059.077
915	Caribbean	-38.0155	-531.608	-920.3245	-912.1425	-866.136	-781.333	-695.345	-663.288	-660.011	-641.8865	-618.6195	-619.9765	-603.856	-575.949	-579.186	-562.065	-552.4095
660	Anguilla	0.014	-1.0945	-3.0255	-3.063	-3.217	-3.063	-3.223	-3.153	-3.1205	-3.1745	-3.1585	-2.985	-3.094	-3.2045	-2.8185	-2.955	-3.04
28	Antigua and Barbuda	0	-1.016	-5.633	-7.2665	-8.182	-8.48	-7.8985	-7.722	-7.553	-7.4385	-7.506	-7.081	-7.444	-7.3665	-7.3225	-7.857	-8.3325
533	Aruba	0	-0.685	-8.5105	-11.2285	-11.4525	-10.916	-10.4585	-9.5385	-9.7	-10.4115	-10.6765	-10.718	-10.4965	-10.585	-11.1725	-11.9505	-12.144
44	Bahamas	0	1.191	-10.9815	-15.938	-17.6665	-18.315	-18.6675	-18.298	-17.4215	-17.3405	-18.2755	-18.1125	-17.649	-17.9345	-17.85	-16.8805	-18.547
52	Barbados	0	-2.059	-10.591	-14.6415	-16.874	-16.571	-16.823	-16.3785	-16.336	-15.6295	-14.8765	-14.718	-14.6505	-13.846	-14.815	-15.078	-15.761
535	Bonaire, Sint Eustatius and Saba	0.382	3.6775	-3.1385	-5.0505	-5.6365	-5.632	-6.4275	-6.297	-6.3705	-6.823	-7.0985	-7.8325	-7.6275	-8.222	-9.135	-9.6125	-8.6425
92	British Virgin Islands	0.444	-0.853	-10.188	-10.3495	-10.5145	-10.383	-10.3005	-9.9575	-10.5075	-10.257	-10.1435	-10.3925	-9.4125	-10.1355	-10.7215	-9.842	-10.441
136	Cayman Islands	0.405	3.5675	-1.8675	-4.9115	-6.646	-7.582	-7.9525	-7.9305	-8.603	-9.2055	-9.2825	-9.9485	-11.832	-11.7175	-12.182	-12.2045	-14.996
192	Cuba	-5.988	-116.769	-198.615	-202.0445	-187.255	-168.1275	-154.435	-143.6655	-147.959	-136.661	-130.9845	-120.731	-115.216	-109.4735	-105.651	-99.879	-96.2575
531	Curaçao	0.496	-8.7545	-37.1425	-36.638	-36.54	-34.263	-34.7885	-33.574	-32.731	-32.543	-31.4875	-30.121	-30.669	-28.896	-28.5955	-27.5075	-26.556
212	Dominica	-0.1125	-2.5555	-7.646	-6.6415	-5.761	-5.7085	-5.242	-5.195	-5.0265	-5.455	-5.41	-5.467	-5.157	-5.0995	-4.9565	-4.9785	-5.1215
214	Dominican Republic	-8.9785	-168.008	-258.3215	-259.4915	-248.281	-235.718	-218.9245	-215.4545	-220.1195	-226.9245	-221.0235	-223.527	-222.9755	-219.915	-225.185	-234.6195	-227.578
308	Grenada	0	-1.737	-6.5225	-8.2845	-9.075	-9.2365	-8.916	-8.931	-8.5405	-8.042	-7.834	-7.659	-7.7695	-7.56	-7.2935	-7.0215	-7.0165
312	Guadeloupe	-1.754	-46.116	-46.9375	-45.515	-45.0945	-43.546	-42.0265	-40.8835	-39.9365	-38.0385	-40.6375	-39.231	-40.6115	-40.0575	-38.841	-39.421	-40.679
332	Haiti	-16.925	-174.433	-209.6635	-203.9845	-192.921	-180.0575	-171.8425	-168.349	-182.008	-192.6755	-197.0705	-213.101	-217.8115	-225.373	-228.812	-235.444	-237.787
388	Jamaica	0	-56.7165	-146.0935	-168.2235	-173.764	-168.4925	-163.202	-153.473	-149.0765	-140.401	-130.115	-117.604	-106.918	-100.889	-92.8565	-88.0855	-82.992
474	Martinique	-1.459	-19.3195	-32.836	-31.769	-30.354	-28.4285	-27.201	-24.9245	-23.527	-22.6335	-23.2745	-23.58	-23.26	-24.816	-26.8625	-26.2795	-27.147
500	Montserrat	-0.015	-0.247	-0.884	-0.8885	-0.83	-0.8145	-0.8095	-0.8475	-0.928	-1.018	-1.1615	-1.241	-1.4615	-1.4795	-1.494	-1.732	-2.076
630	Puerto Rico	-3.705	-27.759	-303.9	-319.239	-309.8815	-292.486	-269.16	-257.054	-247.642	-218.2425	-213.649	-198.9285	-183.0715	-159.602	-153.46	-149.2115	-136.9095
652	Saint Barthélemy	0.1405	0.5955	-1.215	-1.9095	-2.061	-2.0965	-2.213	-2.2715	-2.4815	-2.576	-2.8215	-2.9585	-3.8315	-4.032	-3.792	-4.301	-4.7035
659	Saint Kitts and Nevis	-0.101	-0.947	-4.208	-5.391	-5.529	-5.6805	-5.4745	-5.0325	-4.956	-4.967	-5.076	-5.2355	-5.414	-6.3095	-6.819	-6.7375	-6.906
662	Saint Lucia	0	-1.494	-8.6695	-11.489	-13.397	-14.0135	-13.6495	-12.699	-12.0825	-11.6455	-11.709	-11.129	-10.474	-10.178	-9.946	-9.679	-10.2175
663	Saint Martin (French part)	-1.4265	-10.077	-10.426	-6.9225	-7.3945	-7.831	-9.3205	-10.0485	-11.457	-13.6435	-15.4255	-17.9815	-19.225	-21.5055	-22.217	-25.5465	-30.4215
670	Saint Vincent and the Grenadines	-0.2465	-4.691	-7.988	-8.4975	-8.218	-7.8205	-7.638	-7.369	-7.1625	-6.865	-6.5085	-6.647	-6.727	-6.7405	-6.542	-6.484	-6.4075
534	Sint Maarten (Dutch part)	0.2595	1.574	-4.463	-7.3485	-7.6615	-7.6375	-7.4	-7.9715	-9.0475	-10.1695	-11.939	-13.269	-16.042	-17.4965	-19.614	-26.1035	-30.0845
780	Trinidad and Tobago	0.2135	-8.602	-85.4895	-87.902	-87.2075	-86.109	-80.8055	-80.621	-76.6605	-77.466	-73.2	-70.6245	-68.2915	-67.1725	-64.095	-65.1375	-61.9135
796	Turks and Caicos Islands	0.341	0.705	-4.5285	-5.996	-6.2125	-6.4375	-6.0375	-6.6655	-6.8135	-7.48	-7.9895	-8.8305	-8.9765	-8.9475	-9.013	-10.653	-11.5215
850	United States Virgin Islands	0	-4.024	-13.017	-13.5085	-12.186	-11.9145	-11.447	-11.877	-11.51	-13.1595	-12.886	-14.053	-15.523	-16.4695	-16.578	-17.582	-20.3545
916	Central America	-103.306	-984.601	-1942.386	-2421.6835	-2767.3005	-2993.2425	-3214.3245	-3394.115	-3534.208	-3512.491	-3694.8375	-3731.89	-3680.3745	-3698.684	-3679.1325	-3594.1185	-3571.8715
84	Belize	0.032	2.712	-24.8605	-33.806	-36.454	-38.3115	-40.107	-41.789	-41.911	-40.7415	-40.4145	-40.1305	-43.26	-44.255	-42.3325	-44.926	-49.955
188	Costa Rica	0.5145	-0.1225	-28.135	-40.8745	-53.883	-66.3615	-67.5325	-71.406	-71.906	-73.305	-73.1205	-72.2595	-72.606	-70.15	-70.391	-68.5335	-66.3415
222	El Salvador	-12.6065	-174.45	-413.7755	-497.2755	-500.8145	-519.623	-503.499	-498.495	-494.875	-468.064	-458.7305	-437.8195	-448.5055	-440.8095	-447.077	-444.6385	-446.5165
320	Guatemala	-11.9635	-101.586	-195.105	-244.7695	-281.16	-309.242	-324.781	-342.4275	-370.414	-394.612	-384.8465	-406.719	-412.6385	-406.024	-402.12	-416.5345	-393.7615
340	Honduras	-3.0995	-35.5165	-68.6675	-81.3745	-88.448	-99.6305	-112.7185	-123.17	-132.9975	-137.866	-151.025	-161.6415	-169.2215	-185.6505	-183.895	-195.5455	-204.6535
484	Mexico	-73.728	-749.4875	-1685.3465	-2149.937	-2454.863	-2681.537	-2942.945	-3127.482	-3204.4405	-3199.314	-3365.5295	-3454.7145	-3445.257	-3449.8005	-3383.0675	-3289.5995	-3257.2765
558	Nicaragua	-5.1915	-55.78	-114.19	-148.3295	-178.8305	-203.149	-217.644	-232.637	-244.1025	-254.915	-258.338	-273.247	-274.833	-275.4915	-286.234	-287.3315	-277.86
591	Panama	2.7365	28.675	0.2805	-19.1555	-33.703	-38.949	-43.811	-44.2275	-46.6585	-50.2195	-51.442	-55.216	-57.1625	-58.622	-55.293	-52.7935	-57.501
931	South America	-162.688	-1576.451	-3697.168	-4204.9185	-4493.374	-4667.3705	-4821.5205	-4919.6475	-5046.1455	-5042.4805	-5108.9235	-5041.1345	-5202.177	-4943.001	-4957.019	-4981.439	-4995.3635
32	Argentina	0.146	-30.46	-249.8505	-331.757	-388.2415	-415.008	-442.7615	-466.555	-510.4775	-529.5155	-535.413	-523.5275	-522.9315	-510.9525	-501.17	-482.99	-479.8765
68	Bolivia (Plurinational State of)	-2.3315	-26.3275	-69.2285	-98.282	-121.2325	-139.5115	-152.9855	-173.2315	-183.3065	-194.7155	-212.876	-227.9385	-242.219	-257.823	-260.3635	-258.032	-268.979
76	Brazil	-39.2185	-1326.219	-2360.8755	-2455.061	-2403.6215	-2443.8695	-2515.3855	-2597.578	-2671.09	-2733.1225	-2730.5845	-2732.014	-2731.749	-2620.2755	-2517.8205	-2466.764	-2356.286
152	Chile	13.021	203.659	-245.7605	-437.835	-528.143	-626.524	-634.5715	-702.866	-702.724	-716.324	-712.2305	-657.137	-615.916	-587.982	-587.1345	-574.924	-557.8275
170	Colombia	113.565	620.3875	-776.5175	-1380.1735	-1826.9755	-2049.278	-2151.8735	-2222.067	-2228.536	-2258.0655	-2295.538	-2311.685	-2208.277	-2065.923	-1972.505	-1881.2135	-1912.282
218	Ecuador	-5.16	-123.7815	-143.3695	-154.314	-178.735	-193.4495	-201.296	-213.4745	-219.1815	-228.017	-232.989	-238.504	-238.799	-241.163	-249.3665	-253.029	-243.953
238	Falkland Islands (Malvinas)	-0.0155	-0.1605	-0.407	-0.4415	-0.406	-0.3695	-0.3425	-0.3285	-0.341	-0.3255	-0.335	-0.3245	-0.3335	-0.3335	-0.3475	-0.3745	-0.375
254	French Guiana	-2.1845	-12.5985	-37.249	-44.6675	-49.821	-53.5425	-56.781	-59.492	-67.497	-75.0245	-77.644	-87.098	-95.0005	-110.4365	-117.03	-135.7575	-151.935
328	Guyana	-0.8715	-48.951	-137.675	-138.5605	-137.514	-147.508	-152.1765	-148.54	-154.9655	-159.4975	-161.365	-169.7455	-181.2265	-185.9645	-182.2905	-181.297	-176.9805
600	Paraguay	-4.113	-72.337	-155.7865	-190.5565	-213.552	-235.109	-240.634	-249.088	-254.3455	-255.0235	-269.176	-275.7925	-288.186	-289.0985	-284.4315	-290.997	-291.0825
604	Peru	27.6875	-16.386	-912.6805	-1194.2315	-1308.467	-1357.7685	-1407.2785	-1462.8865	-1474.5485	-1475.8665	-1433.0595	-1478.304	-1469.3625	-1492.906	-1567.983	-1586.8065	-1539.7125
740	Suriname	-0.148	-15.669	-64.21	-77.441	-83.7675	-80.667	-83.774	-85.6935	-89.3135	-93.3755	-91.739	-96.0345	-97.597	-101.963	-106.481	-114.923	-128.926
858	Uruguay	-0.741	-12.3505	-37.352	-49.54	-56.1875	-60.674	-61.4655	-62.6255	-64.312	-65.882	-64.446	-61.3415	-62.4815	-59.191	-57.5425	-55.855	-55.0285
862	Venezuela (Bolivarian Republic of)	-262.3245	-1402.5355	-2352.749	-2623.757	-2563.156	-2621.747	-2592.911	-2647.235	-2720.192	-2626.4485	-2679.6395	-2785.802	-2828.4465	-2738.4105	-2823.0245	-3049.59	-3049.5295
905	Northern America	293.1595	6241.0055	2619.7935	1343.839	245.709	15.8145	-657.5225	-1291.5385	-1314.569	-1967.859	-1703.989	-2031.615	-2307.882	-2524.296	-2477.6855	-2448.5765	-2715.2315
60	Bermuda	0.143	-0.0935	-2.631	-2.915	-3.0545	-2.855	-2.5925	-2.5615	-2.448	-2.2885	-2.215	-2.028	-2.096	-2.026	-1.91	-1.752	-1.3315
124	Canada	128.296	1488.1015	224.992	-232.4215	-560.2375	-672.1295	-779.8665	-843.8805	-909.009	-813.643	-922.442	-952.8155	-934.2975	-973.0525	-966.706	-800.8325	-738.436
304	Greenland	-0.164	-2.203	-4.3195	-4.406	-4.3235	-4.1005	-3.7155	-3.716	-3.534	-3.4545	-3.328	-3.198	-3.1765	-3.2305	-3.2595	-3.06	-3.0415
666	Saint Pierre and Miquelon	0	-0.099	-0.44	-0.4325	-0.415	-0.3785	-0.362	-0.3305	-0.3095	-0.2895	-0.269	-0.2555	-0.2405	-0.232	-0.231	-0.2115	-0.2055
840	United States of America	164.8845	4584.024	1534.6495	148.5335	-946.8335	-1366.4165	-1669.6455	-1947.978	-2386.2915	-3020.5095	-3122.5425	-3250.102	-3716.2815	-3664.962	-3365.9265	-3668.3095	-3847.2245
909	Oceania	40.1965	352.117	-735.349	-796.392	-935.6225	-967.811	-1020.92	-1126.33	-1061.4735	-1149.536	-1202.35	-1252.961	-1289.731	-1350.55	-1203.2305	-1249.095	-1356.5665
927	Australia/New Zealand	43.2855	421.3175	-626.0955	-720.6895	-816.9455	-780.598	-872.9675	-945.196	-843.5275	-865.9585	-933.6535	-972.3025	-987.717	-895.5855	-782.185	-830.399	-984.9095
36	Australia	22.2235	412.7565	-462.833	-740.0515	-815.5685	-791.574	-864.148	-914.615	-837.034	-897.0545	-926.6215	-936.725	-1006.8215	-852.634	-755.5905	-868.3875	-974.0295
554	New Zealand	21.062	-58.2135	-524.708	-325.339	-360.178	-378.7285	-410.2495	-395.0735	-401.4245	-431.2425	-454.523	-470.057	-481.3365	-498.736	-504.1345	-492.448	-479.316
928	Melanesia	2.4345	-48.239	-303.801	-438.29	-530.0165	-625.1405	-704.26	-785.574	-815.345	-852.6805	-867.9675	-902.3225	-931.1125	-999.7605	-1041.6565	-1057.308	-1069.878
242	Fiji	-3.004	-26.8815	-51.497	-60.8835	-63.9425	-65.4225	-67.983	-69.075	-67.883	-66.7285	-68.257	-69.05	-63.513	-63.7985	-64.445	-65.6165	-69.0015
540	New Caledonia	-0.5905	-3.849	-18.179	-23.047	-25.5765	-25.838	-27.6635	-26.041	-27.0645	-26.695	-27.293	-27.71	-27.75	-30.1325	-31.2375	-34.1605	-33.885
598	Papua New Guinea	5.3515	-33.936	-288.4325	-411.632	-502.356	-588.8525	-663.732	-736.9595	-777.689	-821.553	-831.8785	-862.2855	-896.808	-968.6195	-997.3295	-1020.196	-1079.9945
90	Solomon Islands	0.778	0.111	-35.531	-54.72	-71.5145	-81.0525	-89.224	-91.742	-99.5425	-108.8285	-113.401	-121.4805	-130.549	-136.2015	-139.5615	-139.382	-145.592
548	Vanuatu	-0.1005	-1.7725	-5.981	-12.6145	-16.3505	-18.9765	-20.8025	-23.35	-26.2295	-28.785	-30.149	-32.9875	-36.425	-37.6555	-41.251	-43.5665	-44.89
954	Micronesia	-1.9485	-30.885	-43.854	-42.9985	-42.141	-42.4525	-42.2355	-43.921	-45.873	-47.853	-51.509	-53.9005	-52.703	-61.15	-61.0205	-67.2495	-71.62
316	Guam	-0.122	-3.6435	-10.764	-13.2535	-14.058	-14.148	-14.828	-14.6225	-14.303	-14.5375	-14.4045	-14.712	-15.803	-16.805	-17.195	-17.8685	-19.0275
296	Kiribati	0	-4.0245	-13.1305	-15.7105	-16.903	-17.926	-17.964	-18.97	-20.31	-20.89	-22.301	-22.797	-23.2655	-24.826	-25.002	-26.189	-29.4465
584	Marshall Islands	-1.002	-10.43	-11.9	-8.823	-6.9495	-6.0025	-5.496	-5.072	-4.653	-4.461	-4.419	-4.5255	-4.4565	-4.8215	-4.8355	-4.888	-4.852
583	Micronesia (Fed. States of)	-0.34	-6.8755	-12.811	-14.689	-15.311	-15.491	-15.0375	-14.6045	-14.1995	-14.1835	-14.0445	-13.9875	-14.3075	-14.403	-15.2965	-15.481	-16.9205
520	Nauru	-0.107	-1.0485	-2.1615	-2.2495	-2.2005	-2.222	-2.331	-2.5015	-2.724	-2.9005	-3.129	-3.1225	-3.5035	-3.724	-4.082	-4.1445	-4.279
580	Northern Mariana Islands	-0.3775	-9.9105	-17.1085	-15.397	-15.6455	-18.41	-19.052	-22.295	-25.666	-27.3165	-31.895	-35.434	-36.2885	-40.4155	-41.723	-49.058	-52.949
585	Palau	0	-0.4715	-1.9815	-2.08	-1.978	-1.951	-1.929	-1.952	-1.882	-1.852	-1.9	-1.81	-1.8545	-1.9095	-1.9485	-2.011	-1.9925
957	Polynesia	-3.5755	-46.378	-61.6165	-59.7785	-58.5375	-57.9395	-56.1365	-55.8895	-54.5345	-52.8545	-52.5935	-52.6925	-54.938	-54.5265	-56.472	-57.3245	-59.145
16	American Samoa	-0.3265	-6.7855	-9.673	-9.133	-8.1545	-7.091	-6.331	-5.8465	-5.565	-5.6825	-5.622	-5.6965	-5.763	-6.483	-6.3395	-6.3835	-6.43
184	Cook Islands	-0.2915	-3.2595	-4.0195	-2.6765	-2.4245	-2.1935	-2.2385	-2.1405	-2.282	-2.5	-2.637	-2.858	-2.985	-3.263	-3.6435	-4.0815	-4.631
258	French Polynesia	-0.7215	-9.167	-19.3655	-20.7555	-20.871	-20.9535	-19.9415	-19.152	-18.159	-17.1225	-17.2	-15.781	-15.354	-15.8335	-14.7785	-15.049	-15.9985
570	Niue	0.0035	-0.031	-0.2055	-0.221	-0.2255	-0.118	-0.289	-0.3615	-0.4255	-0.4225	-0.539	-0.711	-0.84	-0.9425	-1.114	-1.3	-1.386
882	Samoa	-1.1495	-16.431	-27.762	-30.438	-32.813	-35.0405	-35.1955	-35.774	-35.5515	-35.234	-35.445	-36.6715	-38.0865	-37.287	-41.7815	-44.132	-47.3465
772	Tokelau	0.0265	0.1795	-0.5085	-0.723	-0.8265	-0.9255	-1.0195	-1.1455	-1.2045	-1.377	-1.7675	-1.883	-1.9635	-2.23	-2.0745	-2.3515	-2.5985
776	Tonga	-0.9035	-12.228	-17.7855	-17.949	-17.9905	-17.1225	-15.8195	-15.315	-14.7255	-14.1145	-13.9735	-13.869	-14.7475	-15.2585	-15.843	-15.4065	-15.7865
798	Tuvalu	-0.1775	-1.9065	-2.3515	-1.902	-1.5835	-1.5465	-1.5215	-1.5655	-1.63	-1.6465	-1.762	-1.947	-2.1135	-2.343	-2.509	-2.6205	-2.9375
876	Wallis and Futuna Islands	-0.0355	-0.878	-2.2895	-2.176	-2.0625	-2.1265	-2.1	-2.101	-2.0045	-2.005	-2.2115	-2.502	-2.7675	-2.9385	-2.812	-2.7895	-2.7425
