country_code	country	2015-2020	2020-2025	2025-2030	2030-2035	2035-2040	2040-2045	2045-2050	2050-2055	2055-2060	2060-2065	2065-2070	2070-2075	2075-2080	2080-2085	2085-2090	2090-2095	2095-2100
900	World	0	-739.903	-2117.862	-1950.997	-2048.4245	-2171.496	-2249.922	-2294.2805	-2325.938	-2448.093	-2543.9685	-2486.568	-2695.0185	-2611.9495	-2711.7755	-2766.5885	-2747.7415
1834	Sub-Saharan Africa	185.4475	-2111.5035	-11097.659	-12525.642	-13643.6425	-15276.3675	-16543.9515	-18395.665	-19060.7765	-20291.897	-22449.366	-23219.02	-24149.2175	-26105.764	-26433.238	-27366.3645	-28478.475
1833	Northern Africa and Western Asia	-151.645	1882.7735	-6138.5655	-8699.064	-9778.4345	-9828.9945	-10465.873	-10741.618	-11615.77	-12017.0225	-12572.1115	-13263.873	-13903.745	-14018.5605	-13749.315	-14826.294	-15336.2265
1831	Central and Southern Asia	-738.6715	-16430.691	-19571.5435	-19256.9375	-20590.502	-21535.2505	-22227.6645	-23210.5185	-24515.8895	-25956.2595	-26175.454	-26993.813	-28390.947	-29845.1995	-31184.481	-31144.1635	-32438.8155
1832	Eastern and South-Eastern Asia	-54.2805	-3161.9255	-6731.885	-7025.8445	-7398.7505	-7455.6055	-7583.3695	-7552.0855	-7417.6335	-7546.805	-7415.5455	-7296.748	-7220.781	-7209.6435	-6992.328	-6755.0205	-6927.3185
1830	Latin America and the Caribbean	-304.0095	-2641.7515	-4175.0695	-4437.6425	-4421.519	-4560.5235	-4668.4795	-4692.322	-4757.475	-4985.61	-5034.4455	-4866.9595	-4980.8915	-4738.332	-4746.3335	-4769.434	-4726.9755
1835	Oceania (excluding Australia and New Zealand)	-3.089	-97.53	-256.824	-337.5045	-388.1785	-445.085	-495.739	-523.656	-541.749	-554.6165	-570.352	-590.4745	-606.749	-621.622	-645.832	-648.0435	-652.5055
1836	Australia/New Zealand	43.2855	509.902	-147.173	-116.248	-143.0165	-124.7015	-157.1565	-180.4875	-133.909	-157.4595	-141.666	-183.3165	-121.677	-110.4305	-46.561	-110.15	-163.785
1829	Europe and Northern America	1022.9625	11666.995	8501.106	7516.354	6663.465	6524.76	6416.0495	5823.6975	5561.248	5452.4265	5321.4625	5046.9745	4957.6745	4754.978	4582.048	4275.0395	3890.6955
5502	Europe, Northern America, Australia, and New Zealand	1066.248	13076.1585	9555.1505	7471.0885	6574.6015	6129.1725	5806.4865	5190.061	5138.3615	4825.1075	4573.574	4335.986	3891.0675	3594.9605	4027.113	3777.2635	3824.1895
901	More developed regions	1087.2485	12874.359	9667.5015	8640.8035	7944.7205	7768.0325	7749.6705	7031.464	6756.243	6688.1775	6577.028	6250.5165	6070.3085	5871.4835	5665.002	5355.7885	4983.2185
902	Less developed regions	-1087.2485	-16450.77	-21362.3045	-21316.905	-21636.3945	-21948.8065	-22684.827	-22942.5445	-23013.2535	-23466.127	-23751.82	-23950.0375	-24269.0085	-24602.632	-24637.69	-25138.3505	-25095.319
941	Least developed countries	-412.9615	-11229.5525	-16021.705	-16758.5505	-18149.2465	-19634.692	-21393.242	-22681.165	-23176.805	-24446.0155	-25775.1895	-26565.494	-28406.7525	-29659.3665	-29768.898	-31858.3715	-32024.5455
934	Less developed regions, excluding least developed countries	-674.2875	-8517.783	-18969.9325	-19873.5765	-20721.3715	-20773.2225	-21644.6045	-22421.183	-23154.014	-23925.2765	-24850.5265	-26053.4945	-26587.3465	-26809.4215	-27869.196	-27541.981	-28658.8025
948	Less developed regions, excluding China	-1034.369	-14733.791	-21148.784	-21145.4755	-21587.54	-21790.5935	-22536.576	-22702.8155	-23051.7435	-23297.638	-23822.6525	-24021.2135	-24511.637	-24677.1645	-24827.909	-25340.435	-25222.447
1636	Land-locked Developing Countries (LLDC)	131.9295	-5314.64	-12632.855	-13365.274	-14843.212	-15812.0655	-17787.1605	-19227.456	-20317.619	-20905.394	-22896.215	-23213.8215	-25513.9305	-26834.7285	-28022.526	-28457.3845	-29880.8985
2087	LLDC: Africa	-1.65	-2307.1495	-9410.4755	-10314.679	-11181.481	-12124.99	-13141.0635	-14449.6275	-15576.607	-16718.28	-18014.3685	-18892.4975	-20081.1295	-21098.6405	-22772.414	-23376.2945	-24363.6665
2088	LLDC: Asia	168.455	-4665.592	-9383.6205	-9864.6835	-10977.2205	-11898.9065	-13334.59	-14399.2665	-15666.046	-16750.0295	-17337.385	-17647.731	-19006.77	-19899.296	-22063.932	-23092.443	-24230.247
2089	LLDC: Europe	-28.4315	-78.629	-206.981	-205.676	-199.0205	-191.812	-181.553	-170.099	-160.923	-149.598	-139.8875	-129.7455	-119.4745	-111.5365	-104.0185	-97.3245	-90.1975
2090	LLDC: Latin America	-6.4445	-86.633	-149.8975	-179.655	-198.261	-216.104	-226.4445	-237.923	-247.8495	-252.9865	-269.658	-280.555	-285.645	-285.846	-284.0885	-282.1285	-285.5325
1637	Small Island Developing States (SIDS)	-112.442	-742.7	-1404.2185	-1447.672	-1455.247	-1449.9365	-1430.3525	-1436.253	-1474.7505	-1528.759	-1550.5485	-1523.8025	-1584.6795	-1626.244	-1617.272	-1600.5955	-1658.709
2091	SIDS Caribbean	-37.956	-533.402	-835.616	-821.502	-764.7045	-702.804	-619.0385	-582.7965	-576.1265	-552.6015	-542.0235	-526.5095	-509.2595	-494.5505	-467.059	-453.301	-444.8705
2092	SIDS Pacific	-1.1835	-192.3495	-507.9045	-556.584	-609.106	-666.4165	-726.621	-742.9845	-776.0235	-805.0165	-819.877	-819.7745	-861.299	-867.779	-868.047	-884.195	-863.9645
2093	SIDS Atlantic, Indian Ocean and South China Sea (AIS)	-73.3025	-3.8945	-582.4945	-642.856	-651.5135	-642.7485	-661.8305	-661.3425	-702.669	-716.1165	-705.088	-713.5215	-746.5045	-743.156	-767.945	-709.1295	-783.9565
5503	High-and-upper-middle-income countries	1105.7935	20098.122	5270.3975	4508.885	3654.4945	3784.7925	3469.9005	2932.402	2470.746	1847.0225	1985.8705	1782.7855	814.8105	180.556	1097.193	719.452	769.5595
5504	Low-and-Lower-middle-income countries	-843.537	-24057.9295	-23259.8055	-23138.142	-24414.6755	-24679.192	-26068.55	-26812.6925	-27423.975	-28330.0525	-29334.2705	-29731.716	-30124.7565	-31007.5645	-32174.569	-33746.2725	-34748.309
1503	High-income countries	788.6145	20887.9545	8568.536	7133.19	6178.1335	5805.908	5300.2865	4967.532	4461.9065	4315.151	4174.4145	3890.553	3339.3095	3007.6695	2790.702	2275.919	1720.0915
1859	Low-and-middle-income countries	-526.358	-24456.5005	-22798.204	-21326.051	-21572.98	-21685.2855	-22345.004	-22723.3765	-23043.3125	-23069.274	-23375.6435	-23780.0205	-24020.4545	-24368.8655	-24989.795	-25877.3895	-26338.2735
1517	Middle-income countries	-708.538	-23418.488	-23663.1265	-22691.736	-23027.7305	-23336.285	-24236.392	-24795.0865	-25297.919	-26505.836	-27009.6775	-28066.9165	-29665.486	-30086.8645	-30891.6935	-30580.343	-31675.8065
1502	Upper-middle-income countries	317.179	-2836.593	-7834.2485	-7661.946	-7482.3605	-7258.3755	-7547.7925	-7712.4915	-8041.5585	-8138.9265	-8484.784	-8609.7385	-8641.234	-8577.557	-8777.428	-9066.5835	-9289.223
1501	Lower-middle-income countries	-1025.7165	-22002.9795	-20895.04	-20743.623	-21726.1255	-22656.7665	-22702.671	-23736.109	-24110.036	-25258.2395	-25667.642	-26413.388	-27854.4415	-28116.4715	-28611.2845	-29110.8635	-29781.0915
1500	Low-income countries	182.1795	-3495.4175	-11627.21	-13971.9815	-15564.371	-16934.5185	-19102.247	-20026.0835	-20958.3835	-22659.998	-24257.2815	-24953.892	-27639.1315	-27891.3655	-28560.896	-30642.0375	-31440.7555
1518	No income group available	-260.5025	-1230.2655	-1629.524	-1738.437	-1689.0415	-1727.2065	-1691.3735	-1754.102	-1754.659	-1710.1555	-1706.9985	-1757.9195	-1744.9175	-1692.0405	-1650.079	-1693.647	-1719.1545
903	Africa	124.16	-3895.5715	-12072.9285	-13973.5195	-15171.096	-16819.983	-17996.411	-19629.129	-20585.4115	-22301.193	-24083.978	-24751.616	-25905.7065	-27352.6415	-27833.9205	-29057.8925	-30055.245
910	Eastern Africa	13.4995	-3044.3585	-9427.608	-10555.1135	-11358.72	-12494.515	-14030.5725	-15229.883	-16079.0225	-17633.1205	-18972.2225	-19799.467	-20795.302	-22024.4305	-23088.704	-23372.4845	-24505.879
108	Burundi	-5.0945	-608.5745	-2137.9675	-2458.432	-2598.6875	-2846.5595	-3218.7865	-3452.5515	-3681.3335	-3849.485	-4078.288	-4326.588	-4519.5355	-4828.9785	-5035.7755	-5137.2245	-5315.4655
174	Comoros	-0.883	-13.1985	-30.7355	-37.4795	-41.784	-45.6395	-47.2565	-49.996	-55.4865	-57.881	-59.0185	-61.1385	-62.7795	-65.7265	-67.4115	-66.9955	-67.721
262	Djibouti	0.65	-53.16	-203.6345	-201.5275	-226.995	-242.294	-267.3825	-278.5185	-289.3595	-311.117	-330.504	-373.141	-382.7935	-393.21	-432.1405	-446.6075	-476.539
232	Eritrea	-7.4835	-238.6305	-615.3845	-675.8245	-728.4315	-797.309	-870.6385	-910.3605	-971.4625	-1066.409	-1121.4635	-1201.716	-1177.577	-1224.638	-1296.98	-1290.4545	-1352.151
231	Ethiopia	19.433	-1370.998	-5209.0265	-5704.2795	-6353.3855	-6802.1655	-7545.462	-8636.9855	-8898.6055	-9898.265	-10876.453	-11306.6095	-12169.2195	-12990.8125	-13443.3715	-14264.6285	-14828.4705
404	Kenya	-8.5555	-228.2735	-847.6155	-1091.465	-1240.1675	-1349.8925	-1447.517	-1552.5195	-1592.491	-1657.457	-1723.8415	-1821.6135	-1897.659	-1855.303	-1898.482	-1976.7325	-2085.463
450	Madagascar	-0.74	-21.496	-85.3145	-124.168	-158.428	-187.1085	-212.958	-247.504	-281.4445	-313.406	-338.0775	-363.641	-400.574	-422.9995	-442.7835	-479.0865	-492.278
454	Malawi	-1.3275	-349.303	-1457.7345	-1668.512	-1797.63	-2053.634	-2088.0195	-2313.097	-2456.6235	-2742.5955	-2927.722	-3108.9515	-3180.896	-3373.6495	-3622.141	-3675.2795	-3857.619
480	Mauritius	-2.9475	-21.5225	-31.416	-30.8995	-29.7065	-28.0445	-26.389	-24.7665	-23.9235	-22.2535	-21.0555	-20.041	-18.762	-17.2865	-16.345	-14.9165	-14.3015
175	Mayotte	0.613	-1.383	-23.12	-30.768	-34.3125	-38.0325	-43.9665	-48.0955	-51.644	-57.75	-60.1115	-69.1625	-74.807	-81.3385	-90.7015	-91.4745	-95.4845
508	Mozambique	-12.932	-810.096	-2986.539	-3203.283	-3673.523	-4168.782	-4557.9275	-5035.4745	-5335.871	-6006.954	-6265.0455	-6695.535	-6697.349	-7292.5875	-7510.807	-8068.7355	-7877.0875
638	Réunion	1.136	-20.441	-42.4765	-40.5485	-40.9255	-39.064	-40.799	-40.08	-39.68	-39.053	-38.709	-37.8285	-37.78	-38.741	-38.487	-38.625	-38.1165
646	Rwanda	-11.1255	-1347.2305	-4544.5535	-4950.769	-5169.0005	-5604.8255	-5988.6235	-6425.117	-6812.1755	-7372.548	-7758.979	-7853.229	-8400.9025	-8426.107	-9039.7395	-9006.8415	-8815.3885
690	Seychelles	0.863	8.3335	0.2065	-6.041	-5.979	-5.445	-5.355	-5.3025	-5.1135	-5.313	-5.0925	-4.8075	-4.91	-4.748	-4.6285	-4.6775	-4.628
706	Somalia	38.6295	-732.0855	-3040.2085	-3416.6635	-3833.608	-4184.864	-4564.309	-4752.4135	-4973.408	-5438.3795	-5335.1365	-5464.0805	-5848.1945	-5732.5585	-5604.228	-5517.5035	-5508.637
728	South Sudan	31.4675	45.7725	-1326.2445	-1450.864	-1549.3565	-1662.565	-1866.065	-1932.414	-2004.144	-2177.342	-2183.165	-2248.24	-2301.5545	-2450.166	-2505.775	-2491.7835	-2492.676
800	Uganda	21.732	-617.5285	-1712.9835	-1885.6795	-1999.6785	-2145.9855	-2300.825	-2505.108	-2736.2065	-2890.867	-3031.536	-3144.478	-3246.7105	-3399.3355	-3476.916	-3568.8185	-3702.0045
834	United Republic of Tanzania	-9.2935	-597.873	-1884.7535	-2141.648	-2377.7385	-2672.69	-2963.4575	-3265.3835	-3498.6805	-3835.002	-4209.97	-4475.314	-4809.675	-5185.2165	-5531.0825	-5798.0965	-6126.492
894	Zambia	4.078	-23.4845	-264.908	-427.1695	-594.0565	-717.6105	-819.547	-925.8995	-1010.129	-1057.8825	-1143.4635	-1224.8585	-1295.149	-1378.681	-1517.699	-1574.306	-1670.5605
716	Zimbabwe	-44.72	-704.692	-1386.023	-1471.062	-1620.297	-1729.5755	-1830.975	-1963.231	-2058.398	-2140.9925	-2340.7055	-2343.2835	-2487.961	-2583.211	-2621.41	-2669.946	-2749.8515
911	Middle Africa	2.4645	-721.0085	-5036.9075	-5388.607	-6392.6885	-6947.463	-7971.9835	-8732.3835	-9618.763	-10753.8485	-11582.1255	-12437.915	-13091.1455	-14476.1025	-15100.6465	-15864.9785	-16864.297
24	Angola	3.778	-139.654	-1054.98	-1546.513	-1946.112	-2321.488	-2655.221	-3017.055	-3366.811	-3756.3735	-4083.774	-4351.817	-4835.093	-4948.058	-5213.664	-5687.6105	-6168.0005
120	Cameroon	-4.944	-184.7765	-595.4875	-655.2295	-728.197	-798.2885	-876.811	-952.167	-1034.992	-1118.4085	-1209.3575	-1248.4035	-1377.454	-1406.33	-1472.894	-1597.68	-1637.063
140	Central African Republic	-12.3725	-211.018	-403.9005	-497.701	-586.573	-652.6255	-692.8895	-763.1185	-849.8745	-899.52	-954.8465	-1033.368	-1120.9855	-1155.603	-1210.6115	-1199.1175	-1297.017
148	Chad	18.3025	349.1405	-1774.9985	-1795.453	-2036.0685	-2335.958	-2558.7825	-2842.5185	-3037.966	-3374.3865	-3650.769	-3867.5375	-4266.31	-4509.033	-4925.118	-5156.5775	-5323.5435
178	Congo	-2.236	-80.4995	-271.9095	-296.424	-333.293	-359.193	-393.385	-427.268	-466.676	-505.1585	-561.7815	-587.5065	-652.428	-662.4065	-713.5375	-762.9345	-802.6445
180	Democratic Republic of the Congo	-0.8165	-1244.449	-4089.308	-4634.315	-5381.2925	-5926.691	-6714.7275	-7265.349	-7876.609	-8597.7495	-9464.2385	-10056.0255	-10541.91	-11580.943	-11834.351	-12510.336	-13023.579
226	Equatorial Guinea	0	-6.029	-135.2485	-188.4735	-212.911	-228.607	-280.31	-262.4685	-281.223	-312.97	-315.3775	-328.867	-346.6725	-391.2925	-407.5405	-411.632	-426.1175
266	Gabon	0.753	-1.997	-36.051	-53.886	-67.4235	-79.107	-90.493	-106.6465	-115.4075	-127.174	-134.849	-149.4625	-159.4205	-162.124	-171.2155	-172.434	-181.3465
678	Sao Tome and Principe	0	-4.0305	-10.026	-12.847	-15.101	-16.584	-17.7195	-19.0545	-19.449	-20.5335	-20.7955	-22.482	-23.2165	-24.1465	-23.957	-24.2955	-25.364
912	Northern Africa	-61.2875	-2655.4465	-4596.7665	-4921.945	-5231.8955	-5462.993	-5617.5895	-5951.2355	-6436.711	-6515.8755	-6883.3175	-7165.7155	-7257.5755	-7354.4465	-7585.117	-8118.885	-8219.661
12	Algeria	-5.399	-433.3525	-1588.641	-1673.563	-1740.3685	-1874.344	-1943.449	-2025.312	-2067.692	-2157.54	-2086.9225	-2082.8515	-2105.1245	-2187.7095	-2171.027	-2148.511	-2134.77
818	Egypt	3.008	-109.6875	-1061.0825	-1085.2805	-1188.012	-1311.216	-1355.1375	-1376.871	-1478.89	-1488.9905	-1523.4185	-1558.375	-1588.867	-1629.7845	-1702.7265	-1702.7505	-1718.1345
434	Libya	-0.347	-211.041	-724.2305	-757.736	-814.6575	-855.942	-870.961	-860.409	-907.685	-931.2675	-923.9865	-946.128	-985.9705	-977.753	-1022.0235	-1015.9685	-1015.4705
504	Morocco	-17.737	-282.1665	-637.311	-754.1375	-800.3255	-815.7005	-816.9755	-828.318	-834.3005	-855.2535	-821.6435	-812.386	-797.2105	-791.676	-785.27	-768.967	-778.4165
729	Sudan	-32.9665	-2530.125	-3298.84	-3397.518	-3340.8925	-3525.713	-3715.6445	-3987.803	-4298.2005	-4319.015	-4704.365	-5104.44	-5203.2165	-5213.407	-5586.2465	-5974.4025	-6084.983
788	Tunisia	-9.594	-113.07	-336.912	-414.7355	-448.1115	-479.2015	-481.16	-477.3195	-478.0945	-449.245	-437.108	-432.6895	-419.534	-405.8865	-412.79	-396.2515	-388.201
732	Western Sahara	1.748	18.61	-10.397	-28.9165	-40.4815	-46.482	-52.897	-54.004	-52.3875	-51.227	-50.5935	-53.8265	-56.7715	-56.053	-58.1325	-59.9075	-59.4555
913	Southern Africa	188.968	871.535	-1062.3195	-1134.824	-1216.405	-1278.391	-1200.8985	-1252.9715	-1280.161	-1333.8835	-1364.093	-1422.9535	-1401.392	-1437.453	-1483.592	-1601.0525	-1522.692
72	Botswana	-5.665	-65.416	-191.538	-216.751	-227.3305	-233.843	-240.8985	-261.9835	-261.95	-260.2925	-267.1105	-282.1455	-278.639	-285.9135	-285.1235	-283.817	-280.011
748	Eswatini	-2.121	-50.987	-95.368	-98.1225	-101.6295	-101.0395	-102.3875	-103.7175	-104.302	-104.8425	-104.3045	-102.7095	-99.9155	-101.6315	-98.996	-95.9035	-94.9075
426	Lesotho	-1.7245	-35.198	-88.9865	-110.706	-123.1565	-131.727	-135.507	-139.173	-144.249	-149.2305	-147.022	-142.0845	-148.601	-150.0335	-142.1325	-138.807	-143.885
516	Namibia	13.528	29.8725	-200.3895	-222.6875	-239.854	-261.8465	-282.9025	-289.877	-311.313	-326.5925	-336.4905	-355.0895	-373.4135	-381.331	-397.1845	-396.238	-418.1645
710	South Africa	184.9505	884.834	-976.09	-1069.664	-1163.93	-1171.1075	-1131.818	-1157.238	-1190.762	-1237.452	-1296.1585	-1309.3375	-1292.19	-1318.498	-1328.003	-1510.8185	-1445.1885
914	Western Africa	-19.4845	-1443.541	-4294.7185	-4991.6555	-5642.7045	-6264.8175	-6788.4355	-7286.2145	-7713.97	-8197.0055	-8719.4575	-9350.3365	-9819.244	-10181.6015	-10929.025	-11165.725	-11407.5525
204	Benin	0.8645	-126.3825	-447.8935	-488.9875	-538.936	-590.112	-650.059	-708.1775	-752.1285	-811.4135	-891.1305	-923.8425	-978.8765	-1023.24	-1086.313	-1148.994	-1191.493
854	Burkina Faso	-2.8305	-142.5445	-378.067	-489.023	-609.0975	-691.186	-764.536	-819.016	-853.89	-890.445	-961.834	-993.067	-1045.177	-1109.017	-1067.4255	-1110.2765	-1145.9215
132	Cabo Verde	-1.681	-9.658	-25.9225	-31.2305	-34.3125	-35.867	-34.269	-32.655	-31.515	-31.446	-31.259	-29.4745	-28.62	-28.0395	-25.656	-23.7205	-23.295
384	Côte d'Ivoire	-6.195	-108.93	-847.856	-1222.3785	-1518.5845	-1775.0285	-1987.371	-2156.5585	-2333.271	-2566.0585	-2631.143	-2892.367	-3125.467	-3248.533	-3317.4165	-3360.708	-3755.6335
270	Gambia	-0.9745	-19.359	-48.5115	-66.8885	-77.92	-91.372	-100.641	-110.122	-117.465	-126.323	-135.3425	-141.638	-150.68	-152.7395	-145.0075	-150.335	-150.3765
288	Ghana	-0.1455	-173.893	-754.7005	-903.6165	-1037.003	-1114.5935	-1178.5245	-1263.9935	-1298.327	-1350.9625	-1400.388	-1463.308	-1538.4295	-1627.0475	-1590.5535	-1666.684	-1670.842
324	Guinea	-2.1825	-148.9565	-587.904	-655.6755	-731.355	-763.504	-843.2525	-885.18	-942.016	-1017.8795	-1052.089	-1107.083	-1148.062	-1147.5545	-1217.9795	-1226.1085	-1228.2245
624	Guinea-Bissau	-0.697	-58.732	-242.446	-264.5535	-290.4715	-299.9835	-328.39	-359.339	-375.7995	-393.874	-413.704	-428.81	-477.757	-476.4205	-476.6245	-498.1805	-507.0255
430	Liberia	-5.0535	-509.397	-1692.1665	-1857.755	-2003.978	-2200.4705	-2380.622	-2551.3195	-2635.338	-2871.1835	-3032.9185	-3061.283	-3218.494	-3400.808	-3564.087	-3667.605	-3651.976
466	Mali	-7.481	-251.69	-680.6265	-874.0535	-1043.118	-1201.301	-1374.9805	-1475.0055	-1595.1215	-1747.087	-1899.9905	-1988.9855	-2107.154	-2229.214	-2351.474	-2573.112	-2612.706
478	Mauritania	-0.7415	-36.562	-174.083	-195.2795	-222.408	-240.9195	-262.844	-288.91	-324.045	-344.353	-364.691	-402.456	-428.836	-458.8065	-473.949	-508.189	-531.6385
562	Niger	-2.201	-34.376	-169.1225	-224.046	-257.244	-287.4	-311.692	-344.577	-371.656	-406.4275	-440.835	-469.928	-494.9875	-531.267	-573.528	-611.71	-626.9645
566	Nigeria	-7.2485	-618.6145	-2262.9755	-2742.3775	-3004.5135	-3214.501	-3321.136	-3629.3105	-3911.835	-3956.3945	-4243.4705	-4291.456	-4630.3665	-4675.563	-4858.782	-4800.097	-4829.1165
654	Saint Helena	0.0055	-0.0345	-0.23	-0.2745	-0.2785	-0.261	-0.2425	-0.2135	-0.191	-0.1775	-0.1805	-0.1775	-0.1795	-0.173	-0.161	-0.168	-0.163
686	Senegal	16.924	-9.4625	-321.783	-469.0755	-598.665	-675.1635	-758.194	-812.963	-877.4615	-936.32	-1026.674	-1026.1935	-1110.7955	-1145.6065	-1151.4895	-1172.7145	-1283.375
694	Sierra Leone	0.646	-224.911	-850.952	-899.9235	-977.258	-1006.399	-1092.2415	-1181.3385	-1221.4055	-1263.2335	-1236.713	-1335.677	-1354.8455	-1413.131	-1404.087	-1426.5125	-1447.4795
768	Togo	-0.493	-219.362	-756.149	-791.73	-921.43	-979.819	-1037.916	-1141.5385	-1275.0875	-1298.7255	-1421.177	-1487.961	-1569.0945	-1662.737	-1790.4955	-1861.9915	-1867.754
935	Asia	-883.3095	-12878.1965	-19306.5955	-19926.6365	-20929.9185	-21608.208	-22540.4075	-23479.97	-24746.569	-26091.1695	-26200.877	-27180.1995	-28502.9635	-29562.2995	-31703.231	-31754.9505	-32649.453
5500	Central Asia	26.5645	-136.974	-1290.688	-1628.815	-1884.3505	-2026.9515	-2161.829	-2254.13	-2411.94	-2542.9375	-2556.8605	-2610.3425	-2717.0495	-2838.6365	-3015.032	-3038.7975	-3147.4885
398	Kazakhstan	-4.358	-174.831	-1057.054	-1257.789	-1419.593	-1533.82	-1547.3445	-1575.2375	-1696.975	-1707.828	-1754.026	-1795.7735	-1905.44	-1975.0455	-2013.4855	-2109.659	-2193.6195
417	Kyrgyzstan	27.352	43.6285	-264.753	-336.6595	-373.7395	-382.148	-410.511	-444.943	-441.656	-458.942	-455.2835	-470.9645	-485.8525	-509.3655	-503.7055	-514.8175	-518.087
762	Tajikistan	-1.782	-150.113	-460.2405	-522.698	-548.212	-594.6505	-651.084	-673.8815	-688.5955	-718.76	-743.6325	-766.4875	-791.8755	-823.8205	-791.35	-816.8645	-806.4735
795	Turkmenistan	9.9565	65.7585	-68.6315	-104.4835	-116.5745	-122.5775	-127.4305	-130.7805	-135.2515	-138.1175	-138.799	-136.945	-138.176	-136.902	-134.5575	-131.815	-133.929
860	Uzbekistan	-4.604	-97.8275	-397.82	-560.471	-698.2865	-769.658	-867.929	-943.1115	-1015.8515	-1088.9345	-1113.246	-1196.5925	-1243.1195	-1294.586	-1345.5145	-1362.379	-1371.817
906	Eastern Asia	23.644	-2481.648	-5229.404	-5266.556	-5276.725	-5162.1125	-5025.159	-4741.8835	-4610.1585	-4324.99	-4158.224	-3960.168	-3742.2785	-3569.3675	-3337.6755	-3059.494	-2916.195
156	China	-45.7885	-2717.065	-4501.7575	-4388.634	-4401.9895	-4187.843	-4058.576	-3944.8175	-3744.269	-3565.563	-3246.6155	-3079.8275	-2912.582	-2757.88	-2546.6525	-2296.0175	-2207.78
344	China, Hong Kong SAR	-0.9	-999.3725	-2929.0535	-2744.84	-2717.238	-2653.5045	-2418.3355	-2204.152	-2166.5945	-2008.882	-1994.81	-1824.475	-1796.7115	-1661.934	-1633.3505	-1488.716	-1356.288
446	China, Macao SAR	4.421	-47.864	-257.182	-246.886	-240.6235	-222.611	-217.2585	-205.7385	-188.039	-183.5345	-182.5265	-165.394	-162.142	-152.4965	-137.1555	-134.2435	-125.994
158	China, Taiwan Province of China	-10.612	-329.932	-440.658	-421.815	-438.842	-422.4725	-426.1665	-405.518	-384.0375	-348.829	-328.5345	-298.8695	-294.096	-266.989	-246.2915	-225.8525	-213.4675
408	Dem. People's Republic of Korea	-0.7925	-20.8825	-68.258	-87.086	-98.3155	-102.2105	-106.4565	-105.2355	-111.7775	-112.923	-109.168	-110.608	-108.9405	-107.687	-108.9925	-104.986	-103.538
392	Japan	21.0005	414.753	-7.1945	-119.579	-150.575	-156.755	-153.016	-155.0305	-175.5825	-134.1015	-140.657	-137.359	-116.3525	-124.879	-106.4465	-124.43	-128.7225
496	Mongolia	0	-12.803	-71.7095	-95.751	-111.6825	-115.5115	-126.1575	-130.3345	-129.9505	-139.0265	-141.3235	-145.13	-148.4665	-156.8395	-147.343	-156.3255	-163.29
410	Republic of Korea	56.3155	142.122	-669.9785	-964.713	-1074.447	-1076.498	-986.948	-943.305	-883.8925	-850.753	-755.96	-685.06	-607.651	-553.0235	-495.9405	-467.4625	-419.7405
5501	Southern Asia	-765.236	-16518.4795	-19504.613	-19065.0405	-20418.29	-21402.481	-22150.7235	-23060.6005	-24282.203	-25803.2075	-25888.862	-26735.5515	-28257.5665	-29930.7025	-30963.6435	-30624.7015	-32270.5295
4	Afghanistan	71.817	-3460.6775	-8364.2055	-9240.7125	-10646.1505	-11395.036	-12936.021	-13963.056	-14795.679	-16243.9315	-17123.0565	-17914.6295	-19375.8755	-20655.443	-22317.1915	-22884.228	-24300.6895
50	Bangladesh	-501.261	-3757.612	-3677.936	-3991.0685	-4427.498	-4517.2385	-4617.7945	-4752.6765	-4739.2305	-4732.5855	-4658.8715	-4601.888	-4572.3375	-4488.978	-4350.4365	-4292.65	-4197.587
64	Bhutan	0.1435	-22.511	-86.86	-85.884	-88.807	-90.7985	-91.377	-90.281	-88.472	-89.322	-87.651	-85.097	-83.4095	-79.1675	-77.7735	-71.0235	-66.7445
356	India	-36.903	-4524.85	-5323.3125	-5333.776	-5517.41	-5768.8545	-5877.3	-5913.092	-5987.432	-5960.2225	-5801.6555	-5941.8915	-5996.4115	-5719.5665	-5756.4615	-5788.2275	-5565.377
364	Iran (Islamic Republic of)	-90.34	86.483	-3658.06	-4097.457	-4018.8405	-4110.6375	-4260.695	-4235.522	-4184.5325	-4180.106	-4151.7395	-4086.8835	-4042.9265	-3848.179	-3668.24	-3642.9695	-3498.667
462	Maldives	4.821	0.1465	-34.1215	-35.172	-34.0065	-33.98	-33.5465	-33.617	-31.21	-31.52	-29.697	-27.0925	-24.5215	-23.253	-21.2275	-20.1865	-20.0445
524	Nepal	81.0695	-1402.3805	-1827.324	-1371.3645	-1461.746	-1431.5845	-1389.6095	-1438.363	-1480.9535	-1489.149	-1441.248	-1416.981	-1416.3315	-1384.2175	-1409.793	-1385.332	-1339.444
586	Pakistan	-279.6455	-6983.867	-10395.8195	-10305.898	-10779.1715	-10840.334	-11154.3365	-11463.2285	-11921.683	-12441.2975	-12839.377	-12912.141	-13798.4125	-13938.989	-14141.2625	-14764.1155	-15128.957
144	Sri Lanka	-14.9375	-273.2695	-793.6125	-852.3025	-859.2385	-884.094	-868.4175	-856.2885	-869.3345	-841.399	-825.091	-830.93	-828.2415	-806.778	-801.863	-776.412	-746.1625
920	South-Eastern Asia	-77.9245	-1327.503	-3863.2295	-4202.8385	-4629.7265	-4747.8265	-5077.9335	-5199.853	-5249.955	-5608.424	-5449.676	-5621.8405	-5603.7505	-5584.824	-5505.7435	-5417.2305	-5492.051
96	Brunei Darussalam	0.231	-3.4805	-19.3815	-24.1435	-23.9525	-24.2155	-24.4475	-24.031	-24.3725	-23.412	-22.537	-22.669	-22.7905	-22.6885	-22.3515	-20.6725	-19.476
116	Cambodia	0	-535.3525	-1801.8375	-1931.12	-2030.2055	-2047.5245	-2115.2355	-2067.1225	-2223.924	-2232.7715	-2206.8525	-2344.2225	-2348.4035	-2275.9355	-2297.6745	-2250.626	-2281.01
360	Indonesia	-9.3715	-254.8485	-740.622	-927.895	-1122.5175	-1252.5555	-1370.238	-1425.764	-1461.0935	-1479.94	-1546.924	-1582.5265	-1630.5475	-1599.2395	-1612.6935	-1594.443	-1634.7735
418	Lao People's Democratic Republic	-5.1525	-67.1195	-150.342	-183.1835	-208.7525	-225.3045	-236.766	-243.5085	-249.0995	-250.993	-250.117	-255.786	-256.551	-260.064	-256.275	-245.9065	-246.939
458	Malaysia	50.9535	771.5505	238.82	-64.006	-255.38	-454.237	-608.8	-698.285	-809.59	-880.5695	-946.4805	-944.414	-910.3925	-927.153	-905.1045	-820.341	-797.4025
104	Myanmar	-33.1065	-265.753	-601.475	-734.951	-792.819	-829.8195	-870.7045	-877.2325	-891.0695	-877.9655	-839.27	-834.7145	-865.2795	-867.8765	-857.259	-810.417	-801.471
608	Philippines	-23.507	-1226.7945	-2864.294	-3072.103	-3274.444	-3316.616	-3416.666	-3448.2905	-3474.516	-3512.5105	-3316.215	-3357.2235	-3201.784	-3257.636	-3183.893	-2993.658	-3025.1615
702	Singapore	-72.778	-136.143	-474.629	-516.6985	-544.791	-535.9205	-509.402	-506.2565	-516.1455	-535.17	-517.1025	-503.04	-490.208	-509.832	-515.257	-458.414	-475.8465
764	Thailand	16.1385	19.636	-215.2245	-285.999	-333.2265	-331.676	-324.1025	-352.375	-352.478	-341.333	-304.863	-299.122	-277.6785	-262.366	-254.0705	-253.4445	-250.8625
626	Timor-Leste	1.8965	-121.8675	-389.759	-403.41	-426.5905	-451.3625	-486.17	-485.842	-485.803	-535.329	-513.87	-508.761	-528.097	-544.66	-535.363	-525.328	-522.3025
704	Viet Nam	-3.2285	-588.143	-1579.6275	-1533.4385	-1612.501	-1560.1375	-1593.0545	-1628.4995	-1587.487	-1570.7885	-1514.2145	-1505.1325	-1496.4565	-1511.7555	-1473.65	-1420.819	-1428.807
922	Western Asia	-90.3575	3750.5775	-4571.3355	-6641.5735	-7420.333	-7699.6505	-8177.8725	-8438.0875	-8875.457	-9334.732	-9797.762	-10430.4595	-10867.352	-10683.56	-10871.2805	-11455.6295	-11595.339
51	Armenia	-6.523	24.828	-222.4275	-212.6855	-182.7965	-156.367	-131.0095	-115.3825	-101.634	-90.316	-84.032	-75.5735	-68.8815	-67.5255	-66.2785	-63.3675	-60.4615
31	Azerbaijan	0.5365	-126.3915	-228.7965	-220.064	-201.087	-189.1885	-182.9665	-182.083	-179.9355	-175.653	-166.9115	-162.214	-164.8895	-164.528	-157.8625	-151.797	-157.63
48	Bahrain	-2.524	-24.2785	-170.5785	-117.4035	-128.6715	-146.4095	-162.7225	-153.4745	-160.0545	-178.4095	-189.268	-201.742	-210.999	-228.051	-248.7665	-266.192	-265.2215
196	Cyprus	4.8265	37.032	-4.391	-22.724	-32.646	-42.518	-48.3535	-51.883	-51.816	-49.9325	-47.2995	-44.6125	-44.4095	-43.495	-43.013	-37.8855	-37.383
268	Georgia	-1.369	1.1805	-141.5885	-190.294	-216.169	-218.7605	-221.858	-217.3655	-197.8725	-194.5215	-182.7095	-171.5345	-171.721	-174.6045	-177.4235	-171.713	-181.25
368	Iraq	14.929	-720.573	-3060.1075	-3361.7905	-3509.794	-3828.714	-4185.1195	-4482.365	-4760.3745	-4889.024	-5201.1135	-5404.794	-5865.0055	-5960.2655	-5926.588	-6071.7705	-6377.6865
376	Israel	8.2865	-9.33	-520.0705	-656.383	-710.197	-748.3225	-779.6895	-802.7115	-853.8715	-912.262	-953.2865	-1034.8065	-1035.566	-1132.187	-1192.04	-1212.2995	-1299.5155
400	Jordan	3.3725	-769.5645	-1485.4595	-1552.9975	-1603.183	-1761.0475	-1837.371	-1985.9805	-1952.5405	-2089.4595	-2140.389	-2315.134	-2282.375	-2441.042	-2373.857	-2438.009	-2422.7395
414	Kuwait	-84.1895	-61.0135	-915.7645	-741.5825	-663.7155	-686.695	-771.576	-869.4285	-1072.8815	-1159.4935	-1297.603	-1363.802	-1434.4365	-1533.69	-1669.272	-1764.1545	-1846.738
422	Lebanon	-23.8935	-334.4485	-801.813	-804.865	-827.553	-846.013	-881.3305	-901.8145	-917.4185	-948.403	-944.6475	-917.5255	-989.061	-996.003	-986.242	-981.2525	-999.7555
512	Oman	-85.8175	379.977	-349.715	-516.891	-587.106	-649.751	-661.1175	-704.616	-737.1525	-753.162	-738.2415	-753.1905	-810.659	-813.1235	-819.431	-845.623	-852.7315
634	Qatar	-25.2165	-70.891	-470.797	-439.494	-509.5605	-502.1965	-519.625	-565.596	-691.0215	-793.265	-937.5215	-1030.9155	-1140.908	-1235.85	-1446.3345	-1488.847	-1651.6775
682	Saudi Arabia	-37.3625	544.2345	-1860.561	-1303.0455	-1536.7595	-1761.934	-2065.497	-2110.6705	-2202.799	-2289.1095	-2468.3335	-2744.194	-2795.8665	-2903.936	-3078.6115	-2978.333	-3152.0865
275	State of Palestine	-6.1845	-169.0835	-550.871	-635.3085	-676.557	-707.2225	-766.478	-810.337	-834.3155	-863.768	-919.8455	-986.917	-1066.9985	-1085.5515	-1047.4455	-1114.418	-1097.3065
760	Syrian Arab Republic	134.525	1938.0555	-1940.8685	-3282.6955	-3927.3355	-4186.873	-4435.773	-4448.648	-4745.7445	-4951.3885	-5194.86	-5293.184	-5445.652	-5557.6945	-5620.1875	-5767.747	-5853.7415
792	Türkiye	18.967	-1382.8055	-2824.976	-2861.7955	-2793.2495	-2776.9415	-2678.729	-2539.593	-2526.085	-2408.284	-2338.7135	-2281.332	-2198.302	-1930.128	-2013.28	-1837.79	-1799.585
784	United Arab Emirates	46.2705	213.933	-1700.1985	-1358.41	-1418.519	-1433.465	-1576.645	-1881.1125	-2124.2775	-2322.346	-2645.4175	-3038.0385	-3226.7355	-3382.051	-3720.8555	-3880.841	-4130.3995
887	Yemen	-48.991	-228.011	-470.4485	-664.3875	-773.645	-883.3705	-974.351	-1065.0735	-1136.169	-1236.527	-1336.8485	-1419.3825	-1498.4335	-1567.1275	-1629.034	-1679.3455	-1764.3115
908	Europe	729.803	4830.973	2444.5025	1679.346	1263.759	1177.907	1220.7865	846.4805	639.1595	700.2255	625.2575	442.2915	408.934	440.033	215.8015	86.143	-261.101
923	Eastern Europe	150.6435	-3023.5165	-614.2825	-871.791	-712.548	-642.447	-533.757	-605.1545	-549.3275	-493.6885	-428.9095	-430.1635	-389.613	-402.6375	-468.666	-364.6235	-391.5595
112	Belarus	-16.977	-88.2995	-113.4165	-116.1925	-107.809	-102.6385	-98.111	-95.285	-92.653	-84.795	-79.603	-76.1635	-73.12	-70.4325	-65.7485	-60.8935	-57.701
100	Bulgaria	15.0835	23.09	-187.238	-195.4265	-187.31	-179.0835	-168.209	-157.4805	-150.9595	-144.225	-136.0335	-129.966	-121.446	-119.812	-111.567	-109.1445	-103.1695
203	Czechia	2.168	151.47	-80.4865	-46.064	-68.699	-77.7885	-79.7505	-77.602	-75.374	-76.197	-74.163	-74.5225	-75.911	-68.2795	-61.4175	-60.241	-59.0405
348	Hungary	4.5735	103.594	-10.889	4.2685	3.9085	6.9425	6.6005	6.9895	9.7375	8.4665	10.189	8.997	9.248	10.175	10.3035	10.052	9.0465
616	Poland	1.96	461.9435	-508.043	-348.2435	-339.8735	-335.353	-333.551	-311.3685	-294.5755	-285.788	-262.2695	-241.633	-238.9845	-222.0795	-205.992	-196.8995	-185.8785
498	Republic of Moldova	-16.7025	-33.978	-150.247	-148.01	-141.605	-135.928	-125.5745	-120.9125	-112.512	-106.1415	-98.7445	-88.786	-85.383	-83.472	-76.708	-71.6255	-67.9965
642	Romania	-6.601	-61.5095	-416.7135	-446.344	-459.695	-437.2315	-421.445	-402.224	-396.87	-386.3695	-358.2425	-332.7155	-324.965	-308.8735	-294.241	-288.0585	-276.6295
643	Russian Federation	167.047	313.368	-852.636	-635.9865	-527.7175	-447.183	-331.0995	-457.605	-386.3725	-362.6865	-321.9285	-346.956	-287.8745	-321.3355	-420.6425	-346.3295	-368.317
703	Slovakia	2.175	45.474	-39.7375	-25.4195	-26.3045	-26.229	-24.612	-25.088	-24.8135	-24.2945	-23.115	-22.6315	-21.684	-20.781	-20.007	-19.6245	-19.467
804	Ukraine	-2.0835	-4355.3875	367.422	-330.3085	-308.395	-290.2295	-278.3465	-269.447	-242.9655	-234.2435	-221.904	-202.453	-191.9575	-180.252	-166.1975	-152.1525	-141.778
924	Northern Europe	130.727	3099.9835	1308.52	693.583	317.943	48.5045	-146.6675	-329.653	-370.6475	-449.657	-469.298	-549.0095	-586.8225	-630.5255	-686.604	-662.0425	-668.769
208	Denmark	5.4255	142.2715	1.1525	-27.8195	-37.4285	-42.6695	-42.111	-43.7365	-42.3995	-43.1155	-45.875	-41.527	-43.7865	-40.3625	-46.5485	-48.02	-44.9995
233	Estonia	1.847	34.155	-33.86	-29.076	-27.9075	-30.053	-28.943	-27.0775	-24.6385	-26.173	-24.966	-23.5655	-22.6045	-22.312	-21.375	-19.91	-18.8215
234	Faroe Islands	0.274	2.2035	-1.928	-3.231	-3.8585	-3.7545	-3.8065	-3.9175	-4.0705	-4.1495	-4.25	-4.2305	-4.1145	-4.3325	-4.359	-4.207	-4.3945
246	Finland	8.752	129.4135	-14.538	-0.2875	-1.8855	1.374	0.916	-0.6995	-1.781	-5.617	-5.9795	-8.8355	-9.1765	-8.568	-12.2215	-15.9185	-14.8445
831	Guernsey	0.161	1.402	-0.803	-1.191	-1.228	-1.238	-1.2635	-1.149	-1.1575	-1.138	-1.125	-1.0315	-1.056	-1.048	-0.9885	-0.974	-0.9775
352	Iceland	1.249	18.585	-8.783	-15.6935	-17.2995	-17.823	-18.6575	-18.9575	-19.2635	-18.8765	-18.3275	-17.89	-18.12	-16.806	-16.1945	-16.416	-15.389
372	Ireland	7.873	191.379	-79.454	-194.3025	-242.084	-265.9865	-289.8095	-301.0045	-305.5705	-294.8015	-291.914	-286.604	-289.7595	-276.7125	-271.6395	-261.4115	-251.9105
833	Isle of Man	0.1095	0.2175	-3.254	-4.4555	-4.834	-4.8895	-4.52	-4.0595	-3.8805	-3.869	-3.714	-3.5335	-3.388	-3.33	-3.4915	-3.182	-3.149
832	Jersey	0.268	1.9285	-0.2685	-0.9585	-1.333	-1.4755	-1.4765	-1.644	-1.569	-1.5195	-1.4205	-1.406	-1.393	-1.2945	-1.2465	-1.3155	-1.2545
428	Latvia	-1.5735	8.2185	-71.2165	-72.699	-73.817	-71.8095	-69.9105	-68.9375	-63.655	-59.3765	-56.093	-52.025	-51.3225	-48.4885	-45.484	-44.304	-43.1845
440	Lithuania	9.942	105.896	-141.2145	-121.3145	-117.5455	-109.252	-100.4975	-99.592	-93.495	-85	-81.523	-76.2825	-73.025	-68.1415	-66.1375	-58.29	-52.893
578	Norway	5.6385	181.6715	-2.799	-35.896	-46.2155	-52.7555	-49.3095	-59.8945	-57.623	-64.613	-64.3	-65.9865	-60.3	-63.843	-67.11	-64.7165	-62.773
752	Sweden	18.651	224.797	39.3085	-24.5155	-59.4395	-86.7155	-107.646	-111.9345	-109.839	-111.4325	-105.351	-94.707	-94.956	-95.683	-105.5045	-95.761	-94.5905
826	United Kingdom	72.1105	1915.5275	902.073	366.006	56.16	-223.1865	-352.63	-511.757	-554.4685	-625.692	-652.459	-731.5705	-745.3845	-773.6885	-799.6355	-837.063	-833.491
925	Southern Europe	166.535	671.5265	-1203.473	-1402.946	-1509.48	-1517.299	-1393.396	-1483.3835	-1433.3875	-1350.642	-1209.047	-1288.729	-1149.937	-1106.894	-1151.418	-1175.6155	-1243.782
8	Albania	-8.34	-138.8505	-203.1715	-201.8175	-193.1575	-174.3415	-155.7025	-139.805	-127.4495	-117.5015	-105.763	-94.9905	-86.8975	-83.5635	-76.253	-67.207	-63.583
20	Andorra	0.286	0.942	-17.859	-18.7395	-18.3695	-18.276	-17.0265	-18.098	-18.188	-18.3105	-19.758	-18.464	-20.5065	-20.7475	-17.9595	-17.885	-18.056
70	Bosnia and Herzegovina	-13.42	-144.3795	-372.0085	-352.068	-331.573	-317.681	-292.1295	-284.7885	-268.575	-237.5445	-228.9245	-220.773	-211.771	-188.3585	-193.8785	-170.057	-169.9815
191	Croatia	-4.276	-22.694	-115.5575	-105.7375	-100.638	-98.01	-91.768	-88.594	-87.0435	-82.314	-79.1845	-73.402	-74.58	-69.557	-65.299	-62.49	-62.258
292	Gibraltar	0.257	2.6165	0.1365	-1.195	-1.981	-2.507	-2.5815	-2.705	-2.7645	-2.9615	-2.9435	-2.937	-2.928	-3.0105	-2.8675	-2.7925	-2.871
300	Greece	3.1765	-534.337	-194.9585	-302.8585	-333.0565	-314.402	-287.541	-236.6715	-206.9675	-173.5955	-158.7	-145.8595	-134.422	-126.56	-122.9725	-124.7935	-116.585
380	Italy	42.6405	405.045	-825.0325	-888.961	-833.9195	-795.0135	-778.274	-765.2615	-695.6275	-688.27	-647.0955	-675.396	-613.0575	-586.9035	-586.2425	-582.106	-595.627
412	Kosovo (under UNSC res. 1244)	1.4075	-161.4515	-209.8135	-184.203	-172.021	-168.847	-159.615	-156.9345	-150.188	-143.3065	-145.984	-142.9975	-130.4485	-127.0135	-125.221	-121.99	-108.248
470	Malta	3.452	21.7425	-11.218	-19.8225	-21.688	-23.353	-25.349	-24.421	-22.3355	-21.6745	-20.887	-18.5435	-18.5745	-16.973	-15.3245	-14.792	-13.3515
499	Montenegro	-1.655	24.467	-30.0365	-22.731	-20.594	-19.432	-18.2135	-17.295	-16.4115	-15.6115	-14.6385	-13.8355	-13.2275	-12.6065	-11.8	-11.481	-11.0115
807	North Macedonia	-11.729	-49.484	-88.844	-92.433	-89.183	-86.937	-78.766	-75.1175	-71.0835	-70.051	-63.4895	-59.1815	-55.254	-51.651	-48.2665	-48.2855	-47.36
620	Portugal	27.038	169.108	-112.1645	-108.155	-107.6245	-102.5925	-102.7305	-95.499	-90.3835	-88.8915	-84.8325	-81.835	-82.76	-86.6775	-86.7765	-87.916	-88.328
674	San Marino	0.1235	-1.744	-2.3425	-2.3115	-2.293	-2.369	-2.281	-2.141	-2.0575	-2.052	-1.989	-2.035	-2.05	-1.988	-1.963	-2.045	-2.161
688	Serbia	-5.11	3.345	-93.1845	-93.8765	-94.898	-92.6025	-89.411	-87.9415	-84.0875	-79.1685	-75.101	-70.0035	-68.2515	-64.847	-63.166	-60.1235	-57.417
705	Slovenia	14.257	22.83	-32.6905	-32.4565	-32.227	-33.635	-30.052	-31.1185	-28.6485	-28.012	-27.797	-27.0475	-27.257	-25.792	-26.592	-27.794	-26.835
724	Spain	118.427	607.336	-868.593	-1178.1295	-1332.98	-1298.615	-1213.164	-1245.487	-1243.151	-1174.3945	-1031.1475	-1041.4865	-993.519	-940.397	-975.619	-957.361	-976.4155
926	Western Europe	281.898	3233.97	-422.651	-252.9285	-286.008	-257.039	-274.3325	-254.677	-335.9325	-188.411	-316.901	-271.3585	-342.9435	-283.4445	-362.7185	-341.385	-455.9265
40	Austria	19.8005	193.467	-151.8605	-156.4955	-151.9565	-143.8615	-146.8125	-145.468	-126.585	-123.0805	-125.9885	-111.171	-115.858	-121.433	-123.4675	-118.725	-119.375
56	Belgium	21.8885	-151.407	-18.9425	-57.474	-64.8415	-62.923	-72.0635	-80.0875	-68.02	-68.01	-76.9605	-62.0855	-75.5325	-74.137	-69.836	-75.94	-79.0695
250	France	72.7965	524.032	-5.0925	-114.9125	-176.288	-165.646	-203.841	-215.3995	-213.408	-206.2525	-193.9805	-205.3955	-229.5745	-206.814	-224.1875	-241.3535	-252.1695
276	Germany	101.734	1307.0645	-1526.094	-1270.153	-1204.958	-1119.307	-1170.9315	-1023.323	-1073.0195	-1002.343	-1001.3195	-1045.8315	-1054.708	-1008.12	-1020.3115	-982.7085	-1027.546
438	Liechtenstein	0.1345	0.92	0.1995	-0.092	-0.312	-0.467	-0.5945	-0.6735	-0.6895	-0.6705	-0.7015	-0.7045	-0.733	-0.7565	-0.783	-0.782	-0.699
442	Luxembourg	3.4835	35.407	0.9695	-11.2815	-17.62	-22.575	-26.2365	-27.1675	-28.112	-29.1525	-27.9235	-28.5215	-27.6415	-30.6145	-29.3555	-29.212	-28.1505
492	Monaco	0.4995	2.101	-2.0145	-2.041	-2.097	-1.999	-1.912	-1.92	-1.9005	-2.001	-1.9115	-2.013	-2.0795	-2.101	-2.0895	-2.0675	-2.219
528	Netherlands	33.799	617.108	92.4035	-101.9925	-145.544	-187.5035	-184.628	-213.5245	-247.1825	-229.4285	-228.363	-229.204	-224.713	-205.5405	-203.182	-197.9745	-194.85
756	Switzerland	27.7615	224.273	-103.9335	-167.184	-197.1835	-200.015	-193.4735	-189.144	-179.6475	-182.396	-171.9555	-178.0265	-157.013	-165.9515	-164.64	-165.428	-166.704
5505	Americas	-10.8505	4003.8005	1409.689	283.52	-215.23	-444.117	-686.054	-1068.902	-1058.4175	-1392.169	-1638.6855	-1756.3045	-1824.17	-1995.991	-1641.993	-1761.705	-1626.8855
904	Latin America and the Caribbean	-304.0095	-2641.7515	-4175.0695	-4437.6425	-4421.519	-4560.5235	-4668.4795	-4692.322	-4757.475	-4985.61	-5034.4455	-4866.9595	-4980.8915	-4738.332	-4746.3335	-4769.434	-4726.9755
915	Caribbean	-38.0155	-497.629	-766.172	-747.6505	-701.0235	-625.9055	-551.044	-512.8815	-504.1305	-489.0495	-481.7555	-463.7305	-450.167	-432.019	-429.386	-414.4895	-407.296
660	Anguilla	0.014	-0.8225	-1.8955	-1.971	-2.025	-1.8595	-1.931	-1.939	-1.8335	-1.7585	-1.7655	-1.659	-1.593	-1.586	-1.475	-1.369	-1.3565
28	Antigua and Barbuda	0	-0.6715	-3.714	-4.6095	-5.338	-5.5055	-5.24	-5.0495	-4.898	-4.7025	-4.575	-4.463	-4.333	-4.138	-3.925	-3.95	-4.0725
533	Aruba	0	-0.071	-5.4055	-7.0305	-7.3955	-7.209	-6.788	-6.3095	-5.9585	-6.1215	-5.957	-5.77	-5.554	-5.4785	-5.152	-5.2595	-5.412
44	Bahamas	0	2.223	-5.4335	-7.938	-8.87	-9.292	-9.9445	-9.3365	-8.959	-9.284	-9.7535	-9.908	-9.336	-8.858	-8.8625	-8.3355	-8.324
52	Barbados	0	-1.4535	-6.9485	-9.635	-10.9295	-11.0605	-11.303	-11.136	-10.9465	-10.5925	-9.6475	-9.3555	-8.948	-8.3915	-8.7815	-8.7745	-8.5245
535	Bonaire, Sint Eustatius and Saba	0.382	4.035	-1.303	-2.9195	-3.4315	-3.428	-3.5415	-3.5405	-3.4725	-3.4725	-3.371	-3.3665	-3.3465	-3.293	-3.472	-3.456	-3.186
92	British Virgin Islands	0.444	0.2985	-6.3115	-6.276	-6.299	-6.009	-5.9385	-5.67	-5.6465	-5.521	-5.289	-5.1105	-4.6035	-4.7865	-4.6875	-4.226	-4.4525
136	Cayman Islands	0.405	3.922	0.393	-1.7115	-3.114	-3.9505	-4.523	-4.4245	-4.6835	-4.87	-4.4245	-4.3505	-4.765	-4.5905	-4.4815	-4.0855	-4.599
192	Cuba	-5.988	-109.8215	-162.667	-156.532	-141.012	-124.21	-108.1665	-99.219	-96.6305	-90.1145	-85.516	-80.74	-77.2355	-72.9515	-68.8445	-64.873	-64.0615
531	Curaçao	0.496	-4.612	-22.75	-22.4395	-22.3005	-20.7355	-20.3205	-19.931	-18.843	-18.841	-17.7455	-17.183	-16.933	-16.4255	-15.8175	-14.8175	-14.2965
212	Dominica	-0.1125	-1.988	-5.3495	-3.931	-3.14	-3.093	-2.818	-2.922	-2.8855	-2.962	-2.9435	-2.753	-2.6795	-2.5965	-2.5425	-2.449	-2.527
214	Dominican Republic	-8.9785	-161.542	-225.988	-219.024	-205.203	-187.298	-169.9525	-162.2605	-161.0885	-165.6595	-161.368	-162.344	-163.896	-159.7625	-158.2465	-156.9715	-155.7155
308	Grenada	0	-1.3755	-4.463	-5.5815	-6.186	-6.271	-6.153	-6.051	-5.606	-5.4655	-5.2545	-5.076	-4.7835	-4.54	-4.31	-3.894	-3.63
312	Guadeloupe	-1.754	-42.5515	-32.5855	-30.5725	-29.863	-29.1585	-27.353	-25.998	-25.0285	-23.9165	-23.745	-22.887	-23.5015	-23.178	-21.381	-21.3555	-21.107
332	Haiti	-16.925	-169.9145	-188.3285	-176.737	-161.6645	-147.05	-131.785	-126.3915	-135.537	-139.837	-145.362	-151.725	-156.3725	-158.3525	-163.393	-159.5175	-160.8895
388	Jamaica	0	-51.3175	-113.2345	-129.6295	-134.1995	-128.902	-120.649	-113.823	-110.0675	-102.6875	-93.265	-83.98	-75.6445	-65.597	-59.916	-56.9245	-51.623
474	Martinique	-1.459	-17.5355	-24.093	-22.301	-20.5305	-19.056	-17.921	-16.929	-15.6775	-15.1455	-14.191	-14.542	-13.3175	-14.1505	-14.0985	-13.675	-13.3305
500	Montserrat	-0.015	-0.181	-0.5965	-0.6155	-0.5655	-0.502	-0.436	-0.435	-0.4355	-0.447	-0.439	-0.4485	-0.3975	-0.3765	-0.3655	-0.366	-0.393
630	Puerto Rico	-3.705	-4.261	-200.1965	-216.646	-206.2565	-193.2385	-178.737	-163.2205	-155.251	-138.416	-128.0585	-113.0015	-105.159	-89.206	-82.2855	-71.7885	-63.142
652	Saint Barthélemy	0.1405	0.7215	-0.532	-1.116	-1.244	-1.274	-1.257	-1.235	-1.1745	-1.218	-1.2235	-1.251	-1.3675	-1.338	-1.2165	-1.225	-1.2895
659	Saint Kitts and Nevis	-0.101	-0.6925	-2.659	-3.53	-3.7835	-3.8185	-3.6955	-3.3695	-3.1955	-2.9155	-2.7485	-2.7445	-2.564	-2.713	-2.734	-2.5435	-2.4315
662	Saint Lucia	0	-0.9495	-5.526	-7.5185	-8.796	-9.3555	-9.145	-8.51	-8.019	-7.5845	-7.36	-6.8245	-6.325	-5.8	-5.5215	-5.1685	-5.0215
663	Saint Martin (French part)	-1.4265	-9.2855	-8.047	-4.5425	-4.085	-3.927	-4.2145	-4.2665	-4.349	-4.69	-5.3395	-5.9715	-6.108	-6.4195	-6.323	-6.4945	-7.2
670	Saint Vincent and the Grenadines	-0.2465	-4.3825	-6.1405	-6.1035	-5.5985	-5.357	-5.3535	-5.071	-4.8485	-4.558	-4.2775	-4.2995	-4.2065	-4.0425	-3.6965	-3.385	-3.3475
534	Sint Maarten (Dutch part)	0.2595	1.9615	-2.115	-4.133	-4.8275	-4.5145	-4.222	-4.1515	-4.241	-4.2945	-4.495	-5.0705	-5.0945	-4.9135	-4.848	-5.082	-5.7555
780	Trinidad and Tobago	0.2135	-0.15	-55.8525	-56.567	-55.923	-53.064	-52.942	-50.9645	-48.4385	-47.5235	-45.6695	-42.856	-42.1135	-40.4275	-38.4615	-37.4485	-35.91
796	Turks and Caicos Islands	0.341	1.0435	-2.725	-3.8125	-4.0545	-4.1865	-3.8625	-3.9495	-4.0515	-4.022	-3.824	-3.8945	-3.4735	-3.306	-3.355	-3.293	-3.5025
850	United States Virgin Islands	0	-3.198	-8.7675	-9.0955	-8.2695	-7.751	-6.9785	-7.0255	-6.5995	-6.9	-6.335	-6.6545	-7.077	-7.5125	-6.8765	-7.066	-7.367
916	Central America	-103.306	-911.778	-1501.412	-1792.5105	-2010.8115	-2190.959	-2295.496	-2444.278	-2437.878	-2456.6615	-2548.344	-2556.517	-2541.4495	-2475.584	-2442.665	-2413.841	-2402.125
84	Belize	0.032	4.1145	-15.5955	-20.595	-23.5665	-25.252	-25.9455	-26.487	-26.162	-25.74	-25.856	-25.2225	-24.9225	-23.679	-23.3025	-24.303	-24.801
188	Costa Rica	0.5145	1.6525	-16.172	-24.232	-31.967	-37.9815	-38.414	-40.11	-42.0555	-43.368	-44.2945	-43.493	-43.845	-43.4285	-42.435	-40.9865	-39.6005
222	El Salvador	-12.6065	-156.2235	-303.0295	-347.886	-348.6265	-354.9575	-349.7635	-340.632	-333.075	-323.5905	-310.0825	-292.6945	-295.2725	-272.814	-271.659	-262.214	-255.195
320	Guatemala	-11.9635	-90.8985	-131.6015	-152.2975	-167.341	-178.303	-183.4	-193.0705	-206.694	-224.774	-219.933	-211.8745	-209.882	-214.27	-209.924	-209.7565	-208.693
340	Honduras	-3.0995	-32.137	-50.439	-54.6695	-54.5025	-56.776	-59.774	-64.697	-68.783	-73.4615	-80.663	-82.552	-84.459	-84.1865	-87.3315	-89.5645	-89.646
484	Mexico	-73.728	-683.0835	-1251.4305	-1549.2395	-1758.43	-1949.3105	-2089.0145	-2182.8665	-2162.1615	-2180.831	-2296.71	-2309.1495	-2346.144	-2256.094	-2216.781	-2184.05	-2140.802
558	Nicaragua	-5.1915	-51.304	-88.5665	-110.9065	-130.469	-142.693	-152.7135	-163.6855	-172.6155	-176.1815	-180.27	-186.667	-184.5665	-190.416	-194.132	-186.8645	-181.901
591	Panama	2.7365	30.3035	9.439	-4.913	-14.8125	-18.7885	-19.502	-19.443	-20.078	-20.561	-21.0705	-22.2095	-23.2265	-22.6145	-22.2595	-22.3965	-23.2445
931	South America	-162.688	-1373.81	-2653.275	-2873.28	-2919.009	-2985.9225	-3124.849	-3246.269	-3329.915	-3363.505	-3324.9745	-3310.2545	-3323.3975	-3125.317	-3143.9875	-3181.025	-3123.5415
32	Argentina	0.146	-13.836	-154.2145	-208.7135	-246.8495	-261.5825	-275.3925	-272.0335	-284.9635	-292.022	-295.6345	-303.151	-309.2695	-305.261	-291.6675	-268.2295	-260.8325
68	Bolivia (Plurinational State of)	-2.3315	-23.1045	-50.5805	-68.9445	-82.611	-93.3735	-102.1875	-111.7925	-118.578	-127.6405	-137.118	-146.216	-152.458	-160.501	-162.3255	-158.8255	-164.8455
76	Brazil	-39.2185	-1233.6975	-1800.9925	-1736.582	-1585.052	-1513.861	-1544.52	-1566.7805	-1535.0505	-1552.7895	-1534.132	-1483.994	-1500.4775	-1427.19	-1381.123	-1321.2815	-1285.5235
152	Chile	13.021	233.0545	-67.147	-224.5365	-291.454	-341.723	-377.2915	-413.018	-406.141	-417.6	-423.5005	-392.9405	-376.1145	-353.3945	-358.2905	-347.837	-328.6355
170	Colombia	113.565	698.604	-303.7315	-735.894	-1053.8065	-1266.379	-1319.669	-1347.8695	-1341.6165	-1365.04	-1369.9995	-1369.953	-1278.47	-1293.242	-1209.669	-1135.8095	-1084.821
218	Ecuador	-5.16	-118.078	-109.1695	-102.711	-113.614	-121.6975	-123.4505	-128.3665	-130.303	-129.67	-132.026	-130.206	-127.486	-130.4855	-127.181	-122.9445	-121.5145
238	Falkland Islands (Malvinas)	-0.0155	-0.136	-0.2835	-0.3015	-0.2755	-0.245	-0.2205	-0.204	-0.2125	-0.1865	-0.186	-0.17	-0.1725	-0.1655	-0.165	-0.161	-0.161
254	French Guiana	-2.1845	-10.605	-24.124	-28.4275	-33.2185	-35.3385	-37.894	-39.755	-41.6255	-43.9955	-45.158	-48.225	-49.3345	-55.5475	-57.2955	-61.8355	-63.283
328	Guyana	-0.8715	-38.548	-95.4985	-95.612	-95.144	-96.4095	-98.5445	-95.2865	-95.5645	-96.4045	-96.499	-101.2635	-99.8945	-96.4505	-94.516	-93.6175	-92.059
600	Paraguay	-4.113	-66.1305	-121.159	-142.0485	-153.052	-166.6575	-169.23	-175.585	-175.858	-181.8745	-185.417	-182.6885	-188.284	-188.1415	-188.9745	-187.951	-185.3905
604	Peru	27.6875	41.682	-577.1855	-746.1745	-832.504	-869.449	-907.383	-915.1335	-937.4945	-914.267	-905.4195	-892.9185	-889.2975	-925.1155	-904.256	-891.0595	-849.4925
740	Suriname	-0.148	-11.864	-42.351	-51.8445	-53.9525	-53.093	-53.3755	-55.6	-55.592	-55.866	-54.8525	-53.67	-53.748	-55.146	-56.011	-56.293	-58.0845
858	Uruguay	-0.741	-10.498	-26.005	-33.8925	-38.0955	-40.0325	-41.8195	-42.2735	-42.727	-43.6	-42.0665	-40.7555	-38.963	-38.2545	-38.0335	-35.9955	-34.4055
862	Venezuela (Bolivarian Republic of)	-262.3245	-1255.3005	-1653.8695	-1749.743	-1701.2435	-1733.678	-1686.11	-1736.7325	-1750.951	-1683.654	-1710.1285	-1734.9485	-1729.7595	-1647.9705	-1625.4125	-1641.8595	-1690.674
905	Northern America	293.1595	6543.6165	4336.633	3555.124	3062.9595	2798.572	2617.9025	2479.1035	2326.525	2122.541	2294.4895	2067.1585	2033.965	1966.9515	2011.0195	1818.5895	1793.219
60	Bermuda	0.143	0.0775	-1.739	-1.8745	-1.9035	-1.8285	-1.7085	-1.6595	-1.573	-1.456	-1.3835	-1.2675	-1.259	-1.2015	-1.12	-1.0085	-0.73
124	Canada	128.296	1575.3775	646.0035	368.8815	235.18	162.924	118.497	118.2085	114.49	112.4825	66.5895	70.6935	59.571	49.805	78.1205	109.671	155.0365
304	Greenland	-0.164	-1.95	-3.1185	-3.0005	-2.812	-2.6795	-2.533	-2.4425	-2.3155	-2.25	-2.1065	-2.046	-1.962	-1.977	-1.954	-1.81	-1.7685
666	Saint Pierre and Miquelon	0	-0.065	-0.292	-0.2915	-0.2825	-0.2545	-0.2415	-0.2195	-0.207	-0.182	-0.1715	-0.1605	-0.147	-0.14	-0.13	-0.1185	-0.114
840	United States of America	164.8845	4847.053	3119.4035	2377.1945	1842.3405	1617.54	1488.1475	1374.6535	1052.3305	814.444	1010.132	817.8995	798.4235	730.951	859.486	673.431	599.016
909	Oceania	40.1965	446.342	-243.2825	-218.5355	-265.756	-274.2365	-290.989	-324.8845	-298.51	-358.406	-336.927	-402.976	-357.382	-389.203	-309.3655	-375.783	-475.855
927	Australia/New Zealand	43.2855	509.902	-147.173	-116.248	-143.0165	-124.7015	-157.1565	-180.4875	-133.909	-157.4595	-141.666	-183.3165	-121.677	-110.4305	-46.561	-110.15	-163.785
36	Australia	22.2235	490.059	-1.0915	-126.7655	-162.12	-137.736	-146.523	-192.6645	-145.6135	-171.2765	-160.401	-175.4655	-123.501	-112.536	-37.1315	-110.8765	-137.517
554	New Zealand	21.062	-31.47	-405.8645	-189.4445	-196.5495	-211.9755	-224.352	-212.179	-225.537	-238.3145	-244.358	-241.6035	-253.8945	-249.7345	-248.3405	-245.031	-236.0185
928	Melanesia	2.4345	-29.7965	-198.288	-292.55	-350.5845	-411.6975	-465.4245	-497.686	-518.214	-528.9755	-545.944	-570.002	-579.648	-594.6445	-624.1835	-621.353	-629.396
242	Fiji	-3.004	-24.643	-38.1735	-44.796	-46.5595	-46.944	-47.9265	-48.151	-47.3555	-45.6365	-46.5475	-45.6765	-42.4515	-42.6045	-40.8745	-40.528	-39.4015
540	New Caledonia	-0.5905	-2.5375	-11.0175	-14.038	-15.488	-15.5815	-16.6045	-16.506	-16.714	-15.8815	-15.933	-15.1535	-14.827	-15.9255	-16.364	-16.51	-15.968
598	Papua New Guinea	5.3515	-17.09	-188.2565	-274.535	-326.713	-382.744	-424.282	-466.874	-490.4185	-497.154	-515.107	-534.3845	-550.011	-563.244	-576.825	-580.129	-596.8515
90	Solomon Islands	0.778	2.9875	-20.332	-34.544	-47.046	-55.0555	-57.1575	-61.2185	-64.6175	-68.5665	-72.1865	-78.682	-81.34	-81.639	-82.2975	-81.773	-84.618
548	Vanuatu	-0.1005	-1.2785	-4.1065	-8.5315	-10.84	-12.8485	-14.4945	-16.2375	-17.3875	-18.527	-19.76	-21.2115	-22.1875	-22.627	-24.373	-24.317	-25.9535
954	Micronesia	-1.9485	-29.0935	-35.431	-32.411	-31.3415	-29.4975	-29.644	-29.078	-29.658	-30.8015	-31.441	-32.5935	-32.2815	-33.3145	-33.6645	-34.686	-35.438
316	Guam	-0.122	-3.087	-7.7045	-8.9835	-9.6775	-9.81	-10.015	-9.9665	-9.8255	-9.8765	-9.792	-9.4585	-9.7975	-10.1045	-10.0085	-10.3055	-10.27
296	Kiribati	0	-3.2365	-9.001	-10.8675	-11.08	-11.877	-11.7805	-12.4365	-12.574	-13.22	-13.893	-14.197	-13.8165	-14.639	-14.5545	-14.7565	-15.4385
584	Marshall Islands	-1.002	-10.0125	-10.1805	-7.4345	-5.609	-4.646	-4.0585	-3.52	-3.0995	-2.698	-2.566	-2.6375	-2.4845	-2.4055	-2.321	-2.273	-2.217
583	Micronesia (Fed. States of)	-0.34	-6.3675	-10.1005	-11.016	-11.3405	-11.3705	-10.63	-10.489	-9.9265	-9.8265	-9.324	-8.9545	-8.638	-8.624	-8.4525	-8.287	-8.3865
520	Nauru	-0.107	-0.92	-1.5505	-1.525	-1.519	-1.479	-1.5095	-1.6015	-1.6695	-1.6955	-1.801	-1.7755	-1.887	-1.978	-2.0415	-1.9685	-1.969
580	Northern Mariana Islands	-0.3775	-8.4395	-12.402	-9.663	-9.2875	-9.7275	-9.1685	-9.596	-9.9735	-10.5535	-11.42	-11.6185	-11.3895	-12.4775	-12.7925	-12.575	-12.523
585	Palau	0	-0.333	-1.267	-1.3565	-1.2815	-1.2185	-1.2035	-1.1665	-1.115	-1.086	-1.04	-0.994	-0.982	-0.9535	-0.948	-0.911	-0.905
957	Polynesia	-3.5755	-44.542	-51.8315	-47.813	-45.714	-45.4175	-43.306	-42.1475	-41.2185	-39.571	-38.249	-37.12	-36.9935	-36.348	-36.7105	-36.1725	-37.099
16	American Samoa	-0.3265	-6.432	-7.816	-7.043	-6.1435	-5.2075	-4.505	-3.9285	-3.542	-3.4315	-3.3345	-3.253	-3.039	-3.088	-2.983	-2.875	-2.8895
184	Cook Islands	-0.2915	-3.0425	-3.2195	-2.018	-1.7015	-1.437	-1.36	-1.1785	-1.074	-1.033	-1.1325	-1.179	-1.256	-1.1215	-1.1355	-1.2035	-1.3595
258	French Polynesia	-0.7215	-8.3005	-14.0175	-14.5635	-14.4105	-14.002	-13.319	-12.736	-11.933	-11.6585	-10.816	-10.0895	-9.7035	-9.602	-8.999	-8.6145	-8.6345
570	Niue	0.0035	-0.0085	-0.134	-0.156	-0.1565	-0.08	-0.1815	-0.21	-0.222	-0.197	-0.236	-0.2485	-0.2655	-0.2865	-0.275	-0.2795	-0.317
882	Samoa	-1.1495	-15.5205	-22.425	-23.8845	-25.1965	-25.9055	-25.6785	-26.2645	-26.188	-25.4575	-25.6075	-24.534	-24.4945	-24.051	-24.8545	-25.1315	-26.3465
772	Tokelau	0.0265	0.2315	-0.262	-0.428	-0.5155	-0.545	-0.591	-0.614	-0.6405	-0.715	-0.74	-0.7815	-0.818	-0.8375	-0.8355	-0.826	-0.88
776	Tonga	-0.9035	-11.6835	-14.8935	-14.287	-14.1265	-13.1345	-11.9085	-11.259	-10.5445	-10.1165	-9.859	-9.237	-9.173	-9.3545	-9.16	-8.8765	-8.941
798	Tuvalu	-0.1775	-1.7955	-1.8135	-1.4025	-1.1325	-1.03	-0.9815	-1.0085	-1.0145	-0.978	-1.017	-1.1045	-1.141	-1.2305	-1.2655	-1.3095	-1.3665
876	Wallis and Futuna Islands	-0.0355	-0.7365	-1.593	-1.483	-1.386	-1.342	-1.273	-1.181	-1.0875	-1.0945	-1.1035	-1.152	-1.14	-1.1745	-1.067	-0.965	-0.9695
