country_code	country	1950-1955	1955-1960	1960-1965	1965-1970	1970-1975	1975-1980	1980-1985	1985-1990	1990-1995	1995-2000	2000-2005	2005-2010	2010-2015	2015-2020	last.observed
900	World	4.9361	4.905	4.9813	4.9053	4.4607	3.8561	3.6367	3.4302	3.0415	2.8001	2.6782	2.6256	2.5859	2.4629	2023
1834	Sub-Saharan Africa	6.4529	6.5326	6.6061	6.6839	6.7585	6.7874	6.6878	6.4545	6.1448	5.8525	5.6421	5.4601	5.1318	4.7228	2023
1833	Northern Africa and Western Asia	6.5643	6.5168	6.582	6.3887	6.108	5.7358	5.3292	4.7623	4.1301	3.6037	3.2522	3.1489	3.1615	2.9922	2023
1831	Central and Southern Asia	5.9763	6.0788	6.131	5.9696	5.6774	5.2975	4.974	4.5782	4.0731	3.6231	3.2603	2.9001	2.6274	2.4365	2023
1832	Eastern and South-Eastern Asia	5.6423	5.2845	5.4406	5.5265	4.6025	3.2453	2.9509	2.7411	2.1353	1.8604	1.7925	1.846	1.9084	1.7727	2023
1830	Latin America and the Caribbean	5.8183	5.8629	5.8141	5.4188	4.9122	4.4012	3.9142	3.4523	3.0776	2.7692	2.4674	2.2573	2.132	1.9804	2023
1835	Oceania (excluding Australia and New Zealand)	6.0484	6.1723	6.2475	6.1387	5.87	5.52	5.1725	4.8676	4.5454	4.2453	4.0145	3.7928	3.5575	3.2988	2023
1836	Australia/New Zealand	3.2379	3.48	3.4139	2.9423	2.6384	2.0326	1.9219	1.8906	1.8979	1.807	1.7927	1.9614	1.8922	1.7286	2023
1829	Europe and Northern America	2.789	2.837	2.7348	2.4374	2.1509	1.9409	1.8677	1.8397	1.6895	1.5687	1.588	1.6884	1.6816	1.6039	2023
5502	Europe, Northern America, Australia, and New Zealand	2.7948	2.8453	2.7443	2.4454	2.1599	1.9427	1.8686	1.8405	1.6935	1.5739	1.5928	1.6949	1.6867	1.6069	2023
901	More developed regions	2.7956	2.7566	2.6465	2.3858	2.1653	1.941	1.8576	1.8123	1.6606	1.5512	1.568	1.6638	1.6629	1.5875	2023
902	Less developed regions	6.0611	5.9691	6.0791	6.0117	5.3895	4.5625	4.2188	3.8868	3.38	3.0717	2.897	2.7986	2.7358	2.5953	2023
941	Least developed countries	6.4609	6.5541	6.656	6.7114	6.7286	6.6542	6.5196	6.1426	5.7341	5.401	5.0727	4.7454	4.4181	4.1918	2023
934	Less developed regions, excluding least developed countries	6.0077	5.8896	5.9999	5.9189	5.2123	4.2856	3.9235	3.6011	3.0773	2.7595	2.5894	2.5022	2.4526	2.2908	2023
948	Less developed regions, excluding China	6.0189	6.1119	6.1301	5.9565	5.658	5.2679	4.9106	4.4721	4.0422	3.673	3.3918	3.1864	3.0266	2.8373	2023
1636	Land-locked Developing Countries (LLDC)	6.1342	6.2704	6.3684	6.2458	6.1918	6.1411	6.0481	5.8621	5.5574	5.2281	4.9411	4.7113	4.4029	4.1324	2023
2087	LLDC: Africa	6.6742	6.7485	6.8421	6.9394	7.0657	7.2088	7.2032	7.0282	6.7822	6.5282	6.2503	5.8557	5.3	4.8209	2023
2088	LLDC: Asia	5.657	5.8978	6.0371	5.7089	5.4935	5.2143	4.9058	4.6486	4.2723	3.7852	3.369	3.2487	3.1766	3.1322	2023
2089	LLDC: Europe	3.8705	3.5917	3.167	2.8078	2.6484	2.4573	2.462	2.5214	2.1857	1.7601	1.5676	1.6323	1.7417	1.8098	2023
2090	LLDC: Latin America	6.3133	6.3452	6.3171	6.0996	5.729	5.4585	5.2511	4.9657	4.554	4.0768	3.5606	3.1931	2.9101	2.7002	2023
1637	Small Island Developing States (SIDS)	5.4001	5.4964	5.556	5.1355	4.5113	3.8106	3.4683	3.3025	3.0878	2.8903	2.7287	2.5823	2.4907	2.3382	2023
2091	SIDS Caribbean	5.1883	5.2789	5.4024	5.0163	4.368	3.5763	3.2042	3.0527	2.8318	2.6466	2.4938	2.348	2.2883	2.1491	2023
2092	SIDS Pacific	6.1207	6.1972	6.228	6.0899	5.8102	5.4633	5.2385	4.9792	4.697	4.4345	4.1588	3.9028	3.6126	3.3008	2023
2093	SIDS Atlantic, Indian Ocean and South China Sea (AIS)	6.1046	6.1544	5.7582	4.7949	3.9702	3.464	3.1875	3.0279	2.8683	2.5714	2.3397	2.1584	2.0368	1.9137	2023
5503	High-and-upper-middle-income countries	4.4321	4.3105	4.3828	4.3033	3.7043	2.8968	2.6787	2.5382	2.1212	1.9038	1.8219	1.8637	1.9003	1.7884	2023
5504	Low-and-Lower-middle-income countries	5.9369	6.0507	6.1023	6.0211	5.8491	5.5734	5.3176	4.9439	4.4923	4.0801	3.7849	3.5263	3.3124	3.1029	2023
1503	High-income countries	2.9811	2.9965	2.9313	2.6477	2.3213	2.0342	1.9046	1.8155	1.7576	1.6777	1.6571	1.7105	1.6798	1.6101	2023
1859	Low-and-middle-income countries	5.7019	5.6162	5.718	5.6798	5.1565	4.4116	4.1184	3.8254	3.3178	3.0169	2.8584	2.775	2.7243	2.5894	2023
1517	Middle-income countries	5.6615	5.5626	5.6678	5.6172	5.0532	4.2569	3.9485	3.6466	3.1152	2.7976	2.6342	2.5477	2.5006	2.3547	2023
1502	Upper-middle-income countries	5.4942	5.234	5.3718	5.3814	4.5599	3.3952	3.082	2.8554	2.252	1.9832	1.8806	1.9119	1.972	1.8539	2023
1501	Lower-middle-income countries	5.8782	5.9936	6.0481	5.9289	5.7167	5.3976	5.1068	4.6978	4.2066	3.7549	3.4496	3.1849	2.9811	2.7677	2023
1500	Low-income countries	6.3394	6.4423	6.4735	6.6208	6.6762	6.6618	6.6646	6.5686	6.3944	6.1954	5.9088	5.5923	5.2245	4.9028	2023
1518	No income group available	6.5556	6.5159	6.1733	5.655	4.9745	4.4447	3.9976	3.6434	3.2692	2.9458	2.7173	2.5125	2.3554	2.2302	2023
903	Africa	6.5572	6.6215	6.6727	6.687	6.6905	6.6447	6.4678	6.122	5.7042	5.3387	5.113	4.9796	4.7698	4.4326	2023
910	Eastern Africa	6.7244	6.8148	6.9302	7.0246	7.0948	7.1235	7.0119	6.7495	6.4163	6.1468	5.8417	5.4579	4.9145	4.5015	2023
108	Burundi	6.956	6.9899	7.0497	7.1813	7.2673	7.268	7.3472	7.4279	7.3489	7.0958	6.7749	6.4882	5.9871	5.458	2023
174	Comoros	6.0157	6.6137	6.9278	7.0335	7.1293	7.1519	7.1166	6.81	6.1597	5.5011	5.1579	4.8614	4.6168	4.2591	2023
262	Djibouti	6.7929	6.8094	6.7913	6.7831	6.6753	6.4078	6.2703	5.9021	5.6936	4.8523	4.343	3.7045	3.2248	2.8826	2023
232	Eritrea	6.5165	6.4928	6.4899	6.5125	6.5503	6.5997	6.6181	6.4928	6.1977	5.7173	5.1343	4.7955	4.4374	4.1234	2023
231	Ethiopia	6.4472	6.4806	6.5765	6.7016	6.9339	7.2332	7.3157	7.2384	7.0721	6.8288	6.432	5.7519	4.8186	4.3977	2023
404	Kenya	7.4354	7.6072	7.8035	7.9493	7.8987	7.7078	7.2705	6.5853	5.6953	5.2674	4.9786	4.6726	4.067	3.5726	2023
450	Madagascar	7.4166	7.3805	7.2396	7.125	7.0309	6.9172	6.6551	6.2413	6.0861	5.9503	5.3931	5.0567	4.5758	4.2569	2023
454	Malawi	6.8405	6.9553	7.1065	7.2389	7.3278	7.4038	7.3471	6.8723	6.6353	6.23	5.944	5.6471	4.8249	4.0852	2023
480	Mauritius	5.9423	5.8418	5.9565	4.6341	3.3927	3.0397	2.4657	2.106	2.2871	2.0315	1.8977	1.6371	1.4358	1.3665	2023
175	Mayotte	6.9361	6.9471	7.0564	7.2603	7.525	7.4561	6.9226	6.2331	5.6946	5.2494	4.6021	4.4576	4.4412	4.573	2023
508	Mozambique	6.0663	6.1893	6.4348	6.6173	6.6285	6.5355	6.485	6.438	6.1341	5.9283	5.6614	5.5776	5.4674	5.1089	2023
638	Réunion	6.8525	6.345	6.1537	5.4535	3.8973	3.3318	2.6736	2.4291	2.4375	2.3159	2.4505	2.4146	2.2232	2.1971	2023
646	Rwanda	8.2028	8.2858	8.3214	8.1686	8.0877	8.146	8.0371	7.336	6.6992	6.0224	5.7821	5.0347	4.2411	4.0637	2023
690	Seychelles	4.9292	5.2413	5.5797	5.7555	5.1258	3.9297	3.3635	2.8808	2.5936	2.15	2.0436	2.2375	2.2518	2.2632	2023
706	Somalia	7.2506	7.2498	7.2533	7.2201	7.0967	6.9456	7.2898	7.4673	7.583	7.6274	7.5935	7.4502	7.1785	6.6962	2023
728	South Sudan	7.1407	7.1456	7.2022	7.2685	7.3132	7.3339	7.3522	7.4115	7.3399	7.0658	6.344	5.5388	5.0014	4.5199	2023
800	Uganda	6.7107	6.8302	6.9583	7.0938	7.2193	7.196	7.1028	7.0942	6.9366	6.864	6.7063	6.2997	5.6602	4.9133	2023
834	United Republic of Tanzania	6.2418	6.4441	6.6329	6.8847	7.0632	7.0626	6.8206	6.3931	6.0044	5.81	5.6126	5.3988	5.1412	4.939	2023
894	Zambia	6.7895	6.8646	7.0401	7.1687	7.3504	7.3277	7.0301	6.7639	6.3806	6.1075	5.769	5.5549	5.0684	4.5342	2023
716	Zimbabwe	7.0853	7.1602	7.2251	7.1174	6.9374	6.7117	6.2174	5.4015	4.567	4.0915	3.935	3.8385	4.1232	3.8148	2023
911	Middle Africa	5.9181	6.0512	6.2046	6.3847	6.5319	6.6085	6.6672	6.6929	6.5799	6.4998	6.3278	6.2437	6.082	5.8273	2023
24	Angola	6.0443	6.546	6.9888	7.3663	7.4459	7.4028	7.3878	7.3335	7.0654	6.7347	6.518	6.3071	5.9605	5.5446	2023
120	Cameroon	5.7367	5.7332	5.7423	5.9971	6.3033	6.5171	6.5962	6.4882	6.1813	5.6975	5.453	5.316	4.9569	4.7496	2023
140	Central African Republic	5.9271	5.9335	5.9775	6.0544	5.9668	6.0468	6.2017	6.1451	5.9752	5.9065	5.8138	5.929	6.194	6.1725	2023
148	Chad	6.1035	6.2018	6.2901	6.4238	6.7931	6.9659	6.9944	7.1186	7.2986	7.2625	7.1534	7.0601	6.8502	6.5024	2023
178	Congo	6.065	6.0797	6.1336	6.3024	6.4071	6.2546	5.8266	5.4234	5.1601	4.9224	4.6737	4.694	4.7646	4.4696	2023
180	Democratic Republic of the Congo	5.9792	6.0338	6.1475	6.2674	6.3774	6.4353	6.5268	6.6241	6.591	6.7173	6.589	6.5699	6.522	6.3152	2023
226	Equatorial Guinea	5.6688	5.6491	5.6708	5.7724	5.9135	5.854	5.7556	5.9254	5.9477	5.8586	5.5784	5.3255	4.945	4.518	2023
266	Gabon	3.9908	4.2236	4.6067	4.9376	5.2385	5.5211	5.7146	5.6074	5.1953	4.6179	4.321	4.1362	4.0325	3.9009	2023
678	Sao Tome and Principe	6.1879	6.2081	6.3678	6.4324	6.5328	6.491	6.2784	5.9927	5.7218	5.3979	5.0732	4.9249	4.6358	4.0695	2023
912	Northern Africa	6.9236	6.9345	6.9202	6.7235	6.4774	6.154	5.7028	4.9819	4.2149	3.5953	3.297	3.2756	3.3921	3.2423	2023
12	Algeria	7.3172	7.4466	7.6839	7.7268	7.6055	7.2238	6.5264	5.1738	4.1263	2.8676	2.5007	2.7469	3.0091	3.0599	2023
818	Egypt	7.0883	6.9048	6.6211	6.2008	5.8904	5.6543	5.2986	4.841	4.0815	3.6537	3.3743	3.2599	3.4306	3.1446	2023
434	Libya	7.115	7.3498	7.6585	8.0098	7.9797	7.7224	7.083	5.5168	4.0261	3.1149	2.819	2.6471	2.7391	2.6065	2023
504	Morocco	6.3553	6.7115	6.9907	6.8013	6.4943	5.9894	5.4522	4.4998	3.6721	3.0731	2.6538	2.631	2.5249	2.3778	2023
729	Sudan	6.6787	6.68	6.7364	6.9205	6.9472	6.6902	6.4417	6.2114	6.0206	5.7238	5.5257	5.2678	5.0218	4.7053	2023
788	Tunisia	6.8377	7.1093	7.195	6.8557	6.1676	5.5364	4.8424	3.9615	3.0964	2.29	1.9653	1.989	2.2697	2.1875	2023
732	Western Sahara	5.8026	6.0816	6.3189	6.2204	6.5196	5.5564	5.5201	5.0026	4.2987	3.6584	3.0877	2.7242	2.5043	2.3226	2023
913	Southern Africa	6.0893	6.1381	6.0217	5.8426	5.5311	5.0803	4.7592	4.3056	3.5543	2.8536	2.5239	2.655	2.5362	2.3863	2023
72	Botswana	6.4817	6.6485	6.6185	6.6438	6.5572	6.4435	5.8748	4.9812	4.1733	3.4354	3.1604	3.1372	3.0903	2.9646	2023
748	Eswatini	6.7215	6.7316	6.8075	6.7814	6.7403	6.6744	6.4686	5.7368	4.9321	4.2255	3.8648	3.5961	3.2931	3.0293	2023
426	Lesotho	5.7469	5.7915	5.7651	5.7246	5.7183	5.8302	5.5996	5.1554	4.4819	3.9195	3.6509	3.4089	3.305	3.0665	2023
516	Namibia	5.8109	6.118	6.3739	6.4903	6.5351	6.4625	6.07	5.5462	4.9684	4.1811	3.689	3.6302	3.6608	3.4891	2023
710	South Africa	6.0893	6.1269	5.9882	5.7835	5.4348	4.9288	4.6201	4.1872	3.4226	2.7242	2.394	2.555	2.4285	2.2805	2023
914	Western Africa	6.4848	6.5386	6.5842	6.6619	6.8013	6.9328	6.8569	6.6293	6.3892	6.103	5.9648	5.8169	5.5567	4.987	2023
204	Benin	5.8658	6.1446	6.4917	6.6757	6.8021	6.8618	7.0369	6.8837	6.5264	6.1634	5.781	5.5806	5.4087	5.0753	2023
854	Burkina Faso	5.9699	6.1754	6.3772	6.6246	6.7881	7.0976	7.2556	7.1446	6.9239	6.6856	6.3169	6.086	5.7368	5.0041	2023
132	Cabo Verde	6.6136	6.7845	6.9889	7.0137	6.9067	6.6586	6.1872	5.689	5.0285	4.0152	3.1382	2.4249	2.1755	1.8675	2023
384	Côte d'Ivoire	7.5872	7.5905	7.7279	7.8473	7.8607	7.7176	7.4213	6.9996	6.333	5.8915	5.6527	5.409	5.1717	4.6946	2023
270	Gambia	6.318	6.2616	6.198	6.1897	6.3328	6.3727	6.3551	6.27	6.0966	5.8599	5.6849	5.6494	5.384	4.5616	2023
288	Ghana	6.7797	6.8826	6.9523	6.9289	6.8878	6.5928	6.2907	5.9837	5.4568	4.8979	4.6401	4.2845	4.1169	3.7192	2023
324	Guinea	6.0064	6.0784	6.147	6.2096	6.314	6.4509	6.498	6.5443	6.4053	6.1139	5.8097	5.6245	5.2077	4.7417	2023
624	Guinea-Bissau	5.9311	5.937	6.0454	6.0448	6.0309	6.2034	6.7192	6.7406	6.3809	6.0267	5.616	5.3061	4.9373	4.3244	2023
430	Liberia	6.1101	6.2987	6.5228	6.6272	6.6203	6.8371	6.7588	6.6119	6.3554	5.9341	5.6501	5.3163	4.7932	4.3743	2023
466	Mali	6.9245	6.9939	7.0565	7.1572	7.2374	7.3406	7.3412	7.377	7.2447	6.9847	6.8081	6.6574	6.5263	6.142	2023
478	Mauritania	5.8507	6.0369	6.297	6.5941	6.7166	6.7206	6.5612	6.2762	6.077	5.7179	5.4153	5.4245	5.3242	5.0718	2023
562	Niger	7.5538	7.5486	7.5094	7.5017	7.5363	7.6548	7.8906	7.8618	7.7913	7.8209	7.7995	7.7084	7.4493	6.7713	2023
566	Nigeria	6.4038	6.3968	6.358	6.413	6.6156	6.8464	6.7586	6.5071	6.3597	6.136	6.1091	6.0256	5.7438	5.0921	2023
654	Saint Helena	5.5146	5.3145	5.1788	4.8432	3.638	2.9411	2.6564	2.2881	2.0178	1.7313	1.6132	1.5412	1.6603	1.6353	2023
686	Senegal	6.7934	6.8986	7.0807	7.2171	7.2456	7.2987	7.2082	6.6822	6.094	5.6491	5.3142	5.0809	5.0269	4.374	2023
694	Sierra Leone	6.0564	6.1328	6.2554	6.3779	6.4775	6.5767	6.5769	6.5699	6.6399	6.5332	6.0595	5.5893	4.947	4.3285	2023
768	Togo	6.6654	6.7503	6.8884	6.9397	7.082	7.0141	6.6611	6.2593	5.8502	5.3214	5.0787	5.0911	4.8354	4.539	2023
935	Asia	5.7897	5.6079	5.7285	5.7069	5.0313	4.0748	3.7589	3.4738	2.9413	2.6384	2.4756	2.3681	2.2998	2.1533	2023
5500	Central Asia	4.9538	5.371	5.5602	5.1524	4.9531	4.5276	4.208	4.0127	3.5403	2.8619	2.5323	2.6866	2.7632	2.9124	2023
398	Kazakhstan	4.4559	4.5642	4.2437	3.6222	3.4832	3.2263	3.1117	3.0351	2.5395	2.0117	2.042	2.5115	2.6907	2.853	2023
417	Kyrgyzstan	4.705	5.0988	5.3802	5.1491	5.025	4.5295	4.2024	4.0724	3.5435	2.8664	2.6016	2.8671	3.2246	3.1817	2023
762	Tajikistan	5.622	6.0166	6.5489	6.8122	6.812	6.4341	6.0386	5.7536	5.0504	4.0068	3.4685	3.4118	3.4717	3.336	2023
795	Turkmenistan	5.4942	6.3763	6.7712	6.5605	6.1567	5.6584	5.0586	4.7194	3.8849	3.1366	2.7164	2.7523	2.9737	2.9221	2023
860	Uzbekistan	5.3746	6.0945	6.7994	6.4278	6.124	5.4094	4.8092	4.4028	3.9287	3.1041	2.5472	2.5396	2.4599	2.7327	2023
906	Eastern Asia	5.6029	5.0951	5.285	5.4569	4.3903	2.8119	2.6018	2.5182	1.8185	1.555	1.5421	1.6324	1.7121	1.5918	2023
156	China	6.1133	5.609	5.9422	6.1948	4.8401	2.9485	2.7144	2.6343	1.8349	1.5651	1.5756	1.6689	1.7426	1.6277	2023
344	China, Hong Kong SAR	4.4119	4.8301	4.8448	4.3739	3.0619	2.2635	1.7859	1.3893	1.3324	1.093	0.9323	1.0225	1.1931	1.114	2023
446	China, Macao SAR	5.5373	5.2134	4.2628	2.7425	2.0248	1.4103	2.0263	1.9689	1.5251	1.1565	0.8177	0.9478	1.1571	1.0085	2023
158	China, Taiwan Province of China	6.6423	6.2184	5.4364	4.4403	3.3542	2.7743	2.2623	1.7805	1.7705	1.6411	1.293	1.0658	1.124	1.102	2023
408	Dem. People's Republic of Korea	3.2623	3.8593	3.5104	3.8785	3.5439	2.7918	2.7736	2.5037	2.2727	2.0623	1.9143	1.9063	1.8752	1.847	2023
392	Japan	2.8535	2.116	1.9665	1.9794	2.114	1.8265	1.7404	1.6147	1.4584	1.3756	1.3117	1.317	1.3786	1.3639	2023
496	Mongolia	5.7213	6.4513	7.1411	7.3517	7.1773	6.6254	5.7081	4.7336	3.3116	2.4556	2.0894	2.3884	2.8302	2.9757	2023
410	Republic of Korea	6.1031	6.1098	5.4672	4.6073	3.8807	2.8895	2.245	1.6074	1.6894	1.549	1.2501	1.1797	1.2297	0.9984	2023
5501	Southern Asia	6.0181	6.1069	6.1468	5.9997	5.7068	5.3329	5.0085	4.6016	4.0955	3.654	3.2895	2.909	2.6219	2.4182	2023
4	Afghanistan	7.263	7.2762	7.2926	7.359	7.483	7.6716	7.7941	7.6243	7.5797	7.72	7.2114	6.4801	5.907	5.3866	2023
50	Bangladesh	6.4336	6.6154	6.7853	6.7882	6.8016	6.5432	5.9766	4.9755	3.9708	3.4456	3.0889	2.6343	2.2779	2.204	2023
64	Bhutan	6.7717	6.7033	6.6543	6.6313	6.5996	6.5506	6.3311	5.9018	5.2588	3.9834	2.9837	2.5262	2.0554	1.6087	2023
356	India	5.8421	5.9141	5.9514	5.7755	5.4307	4.9595	4.6021	4.2603	3.8404	3.4824	3.1688	2.7662	2.4328	2.1939	2023
364	Iran (Islamic Republic of)	7.0225	7.4178	7.3217	7.0594	6.1977	6.2836	6.4707	5.5585	3.9134	2.2862	1.8325	1.7588	1.9026	1.9363	2023
462	Maldives	6.2368	6.5127	6.9526	7.256	7.3594	7.2675	7.1319	6.6289	5.2263	3.3633	2.387	2.3151	2.214	1.7833	2023
524	Nepal	6.0761	6.0604	6.0651	5.9429	5.7829	5.6798	5.5414	5.3373	5.0491	4.3933	3.5387	2.8126	2.4171	2.1758	2023
586	Pakistan	6.7946	6.7955	6.8181	6.8123	6.8064	6.7522	6.6425	6.4864	6.1533	5.5918	4.9401	4.5238	4.2127	3.9005	2023
144	Sri Lanka	5.4121	5.3638	5.1444	4.6818	4.0796	3.8016	3.3132	2.66	2.4582	2.2125	2.2909	2.2535	2.1574	2.045	2023
920	South-Eastern Asia	5.7804	5.9757	5.9873	5.7831	5.3431	4.7189	4.1834	3.5394	3.1343	2.7626	2.511	2.4173	2.3565	2.1377	2023
96	Brunei Darussalam	7.066	7.3543	6.9341	6.1657	5.3664	4.4733	3.7894	3.4556	3.0542	2.5609	2.2053	1.9274	1.9673	1.8709	2023
116	Cambodia	6.524	6.4512	6.3083	6.2088	5.5247	3.8041	6.2136	5.9735	5.3839	4.2891	3.5013	3.0824	2.781	2.739	2023
360	Indonesia	5.235	5.44	5.5535	5.5667	5.2455	4.7563	4.1447	3.3916	2.9482	2.6861	2.4492	2.4603	2.4553	2.2525	2023
418	Lao People's Democratic Republic	6.2526	6.2759	6.3074	6.3009	6.2948	6.3478	6.3692	6.1809	5.8034	4.9066	4.0974	3.3941	2.9437	2.6749	2023
458	Malaysia	6.4344	6.4716	6.2146	5.3824	4.7593	4.2378	3.9363	3.5241	3.3458	3.1633	2.632	2.2487	2.0968	1.8628	2023
104	Myanmar	5.9398	5.9242	5.9019	5.7953	5.4678	5.0238	4.609	3.8197	3.3265	2.961	2.7091	2.4346	2.2857	2.2422	2023
608	Philippines	7.087	7.017	6.9799	6.5295	5.9126	5.3971	4.8918	4.4982	4.1833	3.9162	3.6232	3.4146	3.08	2.4525	2023
702	Singapore	6.2566	6.2534	5.1721	3.7334	2.7192	1.8767	1.6204	1.5468	1.4862	1.3318	1.1449	1.0241	0.9824	0.9564	2023
764	Thailand	6.3965	6.365	6.3253	5.9333	4.9109	3.7581	2.84	2.2343	1.9888	1.8241	1.6825	1.5987	1.5293	1.3467	2023
626	Timor-Leste	6.5472	6.4077	6.1824	5.84	5.4399	5.0734	5.6012	5.775	5.8869	6.1132	5.7703	5.2435	4.3019	3.3458	2023
704	Viet Nam	5.3148	6.045	6.1287	5.9686	5.9441	5.1866	4.5463	3.7712	3.2217	2.2355	1.9981	1.9122	2.006	1.98	2023
922	Western Asia	6.2059	6.1068	6.2555	6.0747	5.7692	5.3508	4.9784	4.5532	4.0505	3.6157	3.2131	3.0326	2.9525	2.7682	2023
51	Armenia	4.7909	4.8682	4.4205	3.6263	3.1146	2.671	2.5913	2.6827	2.4606	1.8001	1.4617	1.5593	1.6741	1.6159	2023
31	Azerbaijan	5.2001	5.6875	5.9572	5.3201	4.5205	3.8879	3.4027	3.1134	2.7268	1.8814	1.7085	1.9335	2.1064	1.9396	2023
48	Bahrain	7.2513	7.2348	7.1359	6.8474	5.9838	5.1328	4.4489	4.0817	3.4839	2.9198	2.6662	2.1946	2.0907	1.9498	2023
196	Cyprus	3.5887	3.4017	3.5056	3.2992	2.6741	2.1757	2.4212	2.4227	2.28	1.797	1.515	1.4633	1.3438	1.3372	2023
268	Georgia	2.8761	2.9195	2.9199	2.6814	2.6253	2.4413	2.3647	2.3503	2.0409	1.7267	1.5828	1.8041	2.0498	2.1307	2023
368	Iraq	6.5783	5.2971	6.6004	7.034	7.0062	6.7475	6.4068	6.0961	5.6431	5.1402	4.6497	4.4381	4.4057	3.6497	2023
376	Israel	4.5472	4.3343	4.0671	3.7466	3.7014	3.389	3.1122	2.9079	2.8156	2.8637	2.8712	2.8933	3.0468	3.0693	2023
400	Jordan	7.2407	7.3821	7.7709	7.9558	8.0629	7.6424	6.8447	5.9906	4.9864	4.2498	3.7907	3.7642	3.4091	2.9544	2023
414	Kuwait	7.1082	6.9031	7.0426	7.0261	6.36	5.5037	4.6499	3.8849	3.3039	3.0584	2.7652	2.2705	1.98	2.0725	2023
422	Lebanon	5.8125	5.8348	5.8692	5.4659	4.8295	4.2331	3.8023	3.4181	2.9994	2.6604	2.4735	2.2163	2.3118	2.4227	2023
512	Oman	7.2811	7.271	7.3732	7.4952	7.6169	7.7306	7.6948	7.0358	5.7579	4.4071	3.4303	2.8556	2.9298	2.8595	2023
634	Qatar	6.541	6.4583	6.1831	6.1363	5.9428	5.515	4.8861	4.4222	3.7767	3.1724	2.8581	2.2089	1.9813	1.7547	2023
682	Saudi Arabia	7.5363	7.5711	7.6208	7.5886	7.3989	7.1643	6.8036	6.1511	5.3384	4.5386	3.5919	3.0513	2.7283	2.6095	2023
275	State of Palestine	7.8923	7.876	7.8691	7.8766	7.6039	7.3899	7.0749	6.8719	6.5283	5.77	5.1638	4.6005	4.1572	3.7566	2023
760	Syrian Arab Republic	7.6293	7.5564	7.5295	7.5816	7.5674	7.3592	6.76	6.0569	5.0823	4.339	3.826	3.4711	3.3601	2.9171	2023
792	Türkiye	6.4627	6.4351	6.3404	6.001	5.4696	4.7445	4.1245	3.4842	2.9464	2.712	2.29	2.1729	2.105	2.0074	2023
784	United Arab Emirates	6.4682	6.4563	6.4689	6.3699	6.2277	5.8344	5.3864	4.7343	3.8736	2.7903	2.4414	1.6471	1.4875	1.3207	2023
887	Yemen	7.9745	7.9815	8.0447	8.1961	8.3143	8.5401	8.809	8.7762	8.1079	6.7671	5.9249	5.1859	4.6555	4.6241	2023
908	Europe	2.6502	2.6127	2.5246	2.3696	2.1834	1.9902	1.8857	1.8147	1.5678	1.4199	1.4284	1.5507	1.6047	1.5443	2023
923	Eastern Europe	2.8618	2.6902	2.33	2.1468	2.1469	2.0956	2.0983	2.1063	1.6168	1.2811	1.2607	1.4435	1.5921	1.5521	2023
112	Belarus	2.6343	2.7217	2.5283	2.2505	2.2367	2.0558	2.0561	2.0399	1.6227	1.2715	1.2141	1.4054	1.6409	1.5512	2023
100	Bulgaria	2.4343	2.2674	2.2028	2.1511	2.1684	2.1842	2.0076	1.9392	1.5164	1.2108	1.2773	1.5236	1.5211	1.5585	2023
203	Czechia	2.6985	2.337	2.1871	1.9564	2.2301	2.3238	1.9803	1.8888	1.6288	1.1813	1.2007	1.4491	1.4835	1.7064	2023
348	Hungary	2.6991	2.3194	1.8556	1.9777	2.0685	2.1505	1.8054	1.8169	1.723	1.3825	1.3063	1.3325	1.3467	1.5144	2023
616	Poland	3.6264	3.3874	2.722	2.3311	2.2653	2.2942	2.3542	2.1595	1.8935	1.4786	1.2678	1.349	1.3407	1.4261	2023
498	Republic of Moldova	3.5245	3.428	2.9754	2.5891	2.558	2.4362	2.5448	2.6275	2.1454	1.6735	1.4968	1.6497	1.7497	1.8641	2023
642	Romania	3.0278	2.662	2.0422	2.8703	2.5718	2.5443	2.2078	2.2614	1.517	1.3269	1.319	1.538	1.5285	1.7269	2023
643	Russian Federation	2.8876	2.7318	2.3508	2.0239	2.0425	1.9792	2.0652	2.125	1.5423	1.2356	1.2837	1.4663	1.7136	1.6319	2023
703	Slovakia	3.5332	3.2416	2.8939	2.51	2.5233	2.4931	2.2878	2.131	1.8438	1.4032	1.2312	1.3398	1.4238	1.5243	2023
804	Ukraine	2.3766	2.2984	2.1342	2.0141	2.0832	1.997	2.0196	2.0165	1.6181	1.2369	1.1536	1.3877	1.4928	1.2989	2023
924	Northern Europe	2.3452	2.5082	2.7375	2.5367	2.1237	1.8266	1.8063	1.8311	1.8072	1.6817	1.671	1.8341	1.8328	1.6929	2023
208	Denmark	2.554	2.5387	2.5768	2.2774	1.9741	1.6795	1.4211	1.5401	1.7496	1.753	1.7614	1.8378	1.7086	1.7197	2023
233	Estonia	2.1954	1.9633	1.9445	1.978	2.1153	2.0264	2.1122	2.1856	1.6352	1.3166	1.3863	1.6703	1.5907	1.6303	2023
234	Faroe Islands	3.7004	3.8249	3.8773	3.8467	3.1778	2.6764	2.2982	2.5243	2.6039	2.4309	2.4956	2.5055	2.4674	2.3847	2023
246	Finland	3.003	2.802	2.6453	2.1901	1.6346	1.6772	1.6864	1.661	1.8164	1.7396	1.7421	1.8319	1.7633	1.4643	2023
831	Guernsey	2.1705	2.1409	2.3524	2.1613	1.8639	1.6024	1.5346	1.5516	1.4806	1.4595	1.4584	1.5277	1.5339	1.3714	2023
352	Iceland	3.8772	4.1289	3.9321	3.2326	2.8669	2.4635	2.239	2.13	2.202	2.0515	1.9937	2.1229	1.9855	1.7193	2023
372	Ireland	3.5249	3.528	3.9388	3.8499	3.7092	3.2422	2.8404	2.2761	1.9535	1.8924	1.9174	1.9968	1.9776	1.761	2023
833	Isle of Man	2.2317	2.2796	2.6076	2.4532	2.3664	2.0009	1.8955	1.8879	1.939	1.8852	1.8343	1.899	1.8352	1.6468	2023
832	Jersey	2.0325	2.1189	2.6414	2.3074	1.6339	1.3837	1.3273	1.3989	1.4616	1.5279	1.4873	1.5085	1.5657	1.4072	2023
428	Latvia	1.942	1.8902	1.8774	1.8316	1.9697	1.8748	2.0054	2.0951	1.632	1.16	1.2841	1.5066	1.5186	1.6765	2023
440	Lithuania	2.6426	2.625	2.4422	2.2962	2.28	2.0925	2.0493	2.0597	1.8283	1.4736	1.2789	1.4128	1.6048	1.6543	2023
578	Norway	2.6003	2.8303	2.8941	2.768	2.3045	1.8041	1.6829	1.7955	1.8929	1.8624	1.8017	1.9018	1.797	1.6021	2023
752	Sweden	2.2226	2.2326	2.2856	2.1586	1.9027	1.6589	1.6391	1.8998	1.9938	1.5594	1.6642	1.871	1.8792	1.7627	2023
826	United Kingdom	2.2223	2.4904	2.8468	2.6413	2.1252	1.7768	1.7901	1.8067	1.785	1.703	1.6725	1.8494	1.8589	1.7013	2023
925	Southern Europe	2.6704	2.6568	2.7237	2.6987	2.5544	2.2419	1.8263	1.5639	1.4158	1.3253	1.3565	1.4316	1.404	1.3455	2023
8	Albania	6.3002	6.3973	5.99	5.3056	4.8807	4.0711	3.3857	3.1127	2.9084	2.5198	2.0282	1.6852	1.714	1.4876	2023
20	Andorra	2.2301	2.322	2.5103	2.7068	2.6898	1.9454	1.6016	1.373	1.3378	1.3702	1.2184	1.2194	1.2436	1.094	2023
70	Bosnia and Herzegovina	4.9006	4.1714	3.7683	3.1659	2.6078	2.1683	2.0393	1.8784	1.8154	1.5027	1.241	1.2426	1.2819	1.4512	2023
191	Croatia	2.7107	2.3833	2.1853	2.0686	1.9885	1.9583	1.901	1.7184	1.5349	1.5734	1.4338	1.5266	1.4888	1.4593	2023
292	Gibraltar	2.7801	2.9211	3.6774	3.1742	2.7514	2.492	2.4848	2.3697	2.4099	2.2254	1.7958	1.8509	2.0122	1.9086	2023
300	Greece	2.4427	2.3547	2.2965	2.4483	2.3999	2.3621	2.0167	1.5724	1.4339	1.3496	1.3378	1.4501	1.3576	1.3549	2023
380	Italy	2.3588	2.3615	2.5168	2.5114	2.3299	1.8891	1.5224	1.3483	1.2683	1.2208	1.2873	1.3986	1.3909	1.2938	2023
412	Kosovo (under UNSC res. 1244)	6.8947	6.4891	6.1979	5.867	5.4611	4.9138	4.4587	3.985	2.8773	2.5902	2.6832	2.406	1.9879	1.6327	2023
470	Malta	4.136	3.758	3.0506	2.1696	2.1047	2.1242	1.998	2.0147	1.9486	1.8297	1.4665	1.3898	1.3946	1.2243	2023
499	Montenegro	4.4929	3.8576	3.4081	2.9088	2.5601	2.2975	2.1873	2.0458	1.9823	1.908	1.8083	1.8369	1.7416	1.8093	2023
807	North Macedonia	4.7256	3.9808	3.6009	3.2602	2.8199	2.4997	2.2851	2.2894	2.2767	1.9271	1.6933	1.5801	1.7244	1.7367	2023
620	Portugal	3.121	3.1401	3.2183	3.159	2.8328	2.5489	2.0108	1.6285	1.5094	1.4734	1.4493	1.3748	1.2868	1.376	2023
674	San Marino	2.5946	2.3833	2.4137	2.3238	2.2249	1.7547	1.2814	1.1378	1.1517	1.2462	1.3574	1.3251	1.331	1.0775	2023
688	Serbia	2.6961	2.2774	2.087	2.0002	1.9542	1.9011	1.8378	1.7285	1.5559	1.3934	1.3632	1.3459	1.442	1.4887	2023
705	Slovenia	2.7511	2.3523	2.3005	2.311	2.1629	2.1841	1.8769	1.61	1.3563	1.2456	1.2248	1.4416	1.5807	1.6016	2023
724	Spain	2.4976	2.6982	2.8679	2.9217	2.8592	2.5598	1.8796	1.4802	1.2674	1.1549	1.2658	1.3778	1.3281	1.2696	2023
926	Western Europe	2.4095	2.4907	2.6445	2.4542	1.9584	1.6502	1.6176	1.5814	1.4986	1.5286	1.5789	1.6336	1.6568	1.6523	2023
40	Austria	2.1043	2.542	2.7745	2.5744	2.0198	1.6392	1.5999	1.4661	1.5009	1.3953	1.3671	1.391	1.4377	1.4895	2023
56	Belgium	2.34	2.4768	2.6237	2.3731	2.0166	1.7204	1.5992	1.5677	1.6188	1.6025	1.6724	1.8029	1.7596	1.6309	2023
250	France	2.767	2.7124	2.8103	2.6151	2.3163	1.8733	1.8686	1.807	1.718	1.767	1.8786	1.9668	1.9745	1.8487	2023
276	Germany	2.1574	2.272	2.4954	2.341	1.6885	1.4936	1.464	1.4432	1.318	1.3563	1.3428	1.3625	1.4189	1.5545	2023
438	Liechtenstein	2.7137	2.7455	2.8179	2.397	1.9682	1.8285	1.5845	1.4865	1.4669	1.5519	1.4671	1.4704	1.5128	1.4965	2023
442	Luxembourg	2.1002	2.1724	2.3277	2.1685	1.7032	1.4948	1.4694	1.4764	1.6637	1.7162	1.6327	1.5874	1.5093	1.3689	2023
492	Monaco	3.0233	2.8448	2.7055	2.5527	2.3967	2.2651	2.1591	2.0001	1.7549	1.9015	2.0075	2.2216	2.3153	2.4289	2023
528	Netherlands	3.0665	3.0931	3.1476	2.776	2.0675	1.6007	1.5084	1.5559	1.591	1.6074	1.7243	1.734	1.7046	1.598	2023
756	Switzerland	2.3104	2.395	2.5684	2.3388	1.8739	1.5403	1.5246	1.5382	1.5349	1.4854	1.3916	1.4458	1.5065	1.5035	2023
5505	Americas	4.5222	4.7555	4.6714	4.1327	3.6183	3.2474	3.0126	2.8258	2.6706	2.481	2.3056	2.176	2.0437	1.9024	2023
904	Latin America and the Caribbean	5.8183	5.8629	5.8141	5.4188	4.9122	4.4012	3.9142	3.4523	3.0776	2.7692	2.4674	2.2573	2.132	1.9804	2023
915	Caribbean	5.1545	5.2378	5.3655	4.9847	4.3396	3.5468	3.1762	3.0322	2.8134	2.6246	2.476	2.3329	2.274	2.1352	2023
660	Anguilla	6.8277	7.1854	6.7595	6.0186	4.7512	3.6294	3.0369	2.3316	1.9993	1.8681	1.7199	1.5325	1.5242	1.3573	2023
28	Antigua and Barbuda	4.9826	4.7523	4.5809	4.1502	3.2333	2.6896	2.1599	2.1773	2.0875	2.1074	1.9397	1.9028	1.6249	1.4721	2023
533	Aruba	5.5853	4.8641	4.1885	3.3884	2.7219	2.3543	2.1767	2.2671	2.2749	1.9945	1.798	1.855	1.8851	1.7612	2023
44	Bahamas	4.6597	4.9167	5.0039	4.5328	3.8013	3.1019	2.6737	2.5256	2.5613	2.2552	1.9937	1.9814	1.7305	1.4401	2023
52	Barbados	4.5157	4.346	4.3062	3.6804	2.9478	2.0582	1.8326	1.6794	1.7974	1.7113	1.8589	1.7449	1.7409	1.7196	2023
535	Bonaire, Sint Eustatius and Saba	5.5705	5.0495	4.6657	3.6745	2.9539	2.8052	2.6774	2.469	2.3866	2.1059	1.6205	1.6134	1.5036	1.5152	2023
92	British Virgin Islands	5.2717	5.1226	4.4603	3.799	3.5216	3.1247	2.1589	1.7313	1.7801	1.7849	1.382	1.2316	1.1256	0.9422	2023
136	Cayman Islands	4.5215	4.5367	4.602	3.961	3.5383	2.3808	1.9534	1.6534	1.6869	1.6615	1.6324	1.6493	1.4499	1.3096	2023
192	Cuba	3.9355	3.9481	4.4358	4.2568	3.4737	2.105	1.7401	1.8265	1.5893	1.5746	1.5891	1.5346	1.6884	1.5908	2023
531	Curaçao	5.0681	5.1737	4.8414	3.9353	2.9698	2.4444	2.2654	2.2826	2.4295	2.3671	2.2111	1.9276	2.0611	1.4166	2023
212	Dominica	5.5841	6.1307	6.1559	5.7101	4.4539	3.1261	3.1936	3.1514	3.1327	2.4824	2.1809	1.9965	1.7838	1.5669	2023
214	Dominican Republic	7.634	7.682	7.3672	6.656	5.7359	4.7609	4.0026	3.551	3.2732	2.9383	2.743	2.5529	2.503	2.4024	2023
308	Grenada	5.8322	6.7196	6.3471	5.0765	4.1887	3.5518	3.2639	3.4168	2.9737	2.6626	2.3562	2.1513	1.9211	1.5583	2023
312	Guadeloupe	5.6728	5.6626	5.7165	5.3036	4.293	2.8831	2.454	2.3034	2.1869	2.1608	2.2395	2.1938	2.1819	2.1095	2023
332	Haiti	6.259	6.2251	6.1881	6.042	5.8497	5.6783	5.5438	5.4861	5.1684	4.6308	4.1021	3.6697	3.2987	2.9684	2023
388	Jamaica	4.1779	5.0992	5.7494	5.6524	4.9786	3.9709	3.4463	3.0605	3.0017	2.6348	2.2668	1.9918	1.6404	1.436	2023
474	Martinique	5.4941	5.6757	5.5421	5.1174	3.975	2.507	2.1455	2.0639	1.9795	1.8902	1.908	2.0238	2.0076	1.9944	2023
500	Montserrat	4.9077	4.7727	4.5592	4.1574	3.3953	2.5515	2.4281	2.2643	2.2028	1.5783	1.4914	1.573	1.4671	1.7184	2023
630	Puerto Rico	4.9017	4.6747	4.3114	3.505	2.9923	2.8356	2.426	2.2684	2.2085	2.1175	1.8909	1.7102	1.5287	1.1345	2023
652	Saint Barthélemy	2.9934	2.8518	2.4981	2.1985	1.8404	1.3588	1.4545	1.429	1.3554	1.3668	1.4494	1.3352	1.0802	0.8144	2023
659	Saint Kitts and Nevis	6.6817	7.0347	6.3371	5.6025	4.1514	3.4808	3.1581	2.7383	2.4547	2.2649	2.0228	1.8564	1.7005	1.607	2023
662	Saint Lucia	6.3948	6.7778	6.9371	6.4861	5.8315	4.8969	4.2012	3.5922	3.1178	2.6092	2.0008	1.7419	1.514	1.4475	2023
663	Saint Martin (French part)	6.3934	6.2401	6.2983	6.2249	5.6517	4.3306	2.9568	2.7221	2.7201	2.7728	2.822	2.5495	2.6215	2.7688	2023
670	Saint Vincent and the Grenadines	7.3018	7.3053	7.0269	6.5262	5.7475	4.698	3.6336	2.8757	2.7595	2.4527	2.2157	2.1289	2.1445	1.9723	2023
534	Sint Maarten (Dutch part)	4.9455	4.6626	4.1924	3.6865	3.0878	2.6308	2.2805	1.9267	1.9376	2.1231	1.7741	1.6824	1.8597	1.541	2023
780	Trinidad and Tobago	5.2692	5.2985	5.26	4.258	3.4876	3.1577	3.1157	2.7275	2.1796	1.8219	1.6685	1.6293	1.6154	1.5903	2023
796	Turks and Caicos Islands	6.0579	6.1219	5.7566	5.4379	4.9051	4.4469	4.0083	3.5026	2.8257	2.5122	2.1775	1.9748	1.7373	1.6202	2023
850	United States Virgin Islands	4.8849	5.1469	5.0013	5.0053	4.3611	3.2076	3.0008	2.8981	3.5144	2.7966	2.4055	2.5779	2.3055	2.2259	2023
916	Central America	6.7563	6.7893	6.8132	6.6636	6.1588	5.3676	4.5904	3.9963	3.523	3.1267	2.8145	2.5592	2.3855	2.1636	2023
84	Belize	6.6793	6.576	6.4875	6.3769	6.3289	6.1501	5.4445	4.9368	4.3179	3.7342	3.3795	2.8284	2.4976	2.2955	2023
188	Costa Rica	6.4708	6.6668	6.4025	5.2188	4.099	3.6866	3.5476	3.3507	2.9498	2.5567	2.1555	1.9524	1.828	1.6832	2023
222	El Salvador	6.3994	6.5722	6.6796	6.4364	5.978	5.4241	4.7522	4.1538	3.7809	3.379	2.7529	2.3483	2.1862	1.9198	2023
320	Guatemala	6.9052	6.9979	6.9016	6.7189	6.5178	6.3116	6.0145	5.6362	5.2998	4.8644	4.3203	3.6598	3.1996	2.7916	2023
340	Honduras	7.5017	7.501	7.4572	7.3267	7.0282	6.6891	6.1354	5.5467	5.0761	4.548	3.9285	3.3129	2.9005	2.6636	2023
484	Mexico	6.7548	6.7663	6.8146	6.7207	6.1891	5.266	4.38	3.7491	3.2593	2.8747	2.6172	2.4141	2.2712	2.0519	2023
558	Nicaragua	7.1277	7.1663	7.0951	6.9061	6.6278	6.2372	5.6954	5.017	4.2011	3.4418	2.9119	2.6985	2.5284	2.3761	2023
591	Panama	5.6947	5.7819	5.847	5.4672	4.8118	4.0687	3.6275	3.2327	2.947	2.801	2.695	2.6087	2.5716	2.3959	2023
931	South America	5.6208	5.6564	5.5503	5.0653	4.5693	4.178	3.765	3.3057	2.9415	2.6461	2.3289	2.1283	2.0099	1.8828	2023
32	Argentina	3.1519	3.1292	3.093	3.0059	3.1615	3.3374	3.1791	3.0354	2.965	2.703	2.485	2.4077	2.3652	2.0683	2023
68	Bolivia (Plurinational State of)	6.2136	6.2648	6.2399	6.1179	5.8757	5.6421	5.333	5.0538	4.6768	4.22	3.7724	3.4072	3.0509	2.7651	2023
76	Brazil	6.1124	6.0882	5.9202	5.2571	4.6671	4.2272	3.7762	3.1818	2.7015	2.428	2.068	1.8518	1.7769	1.7328	2023
152	Chile	4.8156	4.7772	4.5684	4.0898	3.4773	2.9522	2.6565	2.6	2.4677	2.1829	1.9189	1.8315	1.7943	1.5389	2023
170	Colombia	6.5437	6.7255	6.6053	5.8334	4.7946	4.0916	3.5426	3.0904	2.9674	2.7176	2.4595	2.1697	1.8868	1.7135	2023
218	Ecuador	6.7484	6.7464	6.6466	6.3686	5.7836	5.0574	4.4456	3.8637	3.5426	3.2674	2.9524	2.7094	2.4338	2.0943	2023
238	Falkland Islands (Malvinas)	2.7067	3.081	3.0763	2.8323	2.7303	2.3249	1.9499	1.6562	1.4328	1.4559	1.4843	1.5992	1.6064	1.6873	2023
254	French Guiana	4.9978	5.1518	5.0827	4.8238	4.0893	3.3524	3.3426	3.4205	3.7904	3.7012	3.6334	3.6116	3.4782	3.6976	2023
328	Guyana	6.0352	6.2911	6.3184	5.8164	4.9939	4.1095	3.6908	3.3429	3.2506	3.2301	2.8485	2.6978	2.7164	2.5892	2023
600	Paraguay	6.5375	6.5223	6.4763	6.0569	5.4268	5.0955	5.0993	4.809	4.3443	3.84	3.2145	2.8326	2.6668	2.5881	2023
604	Peru	6.9532	6.9644	6.8699	6.5539	6.0312	5.3726	4.7386	4.1938	3.6185	3.0654	2.7226	2.5714	2.3478	2.132	2023
740	Suriname	6.2893	6.4985	6.4985	5.9427	5.117	4.2558	3.8348	3.5258	3.0347	2.9724	2.9003	2.7276	2.6476	2.4206	2023
858	Uruguay	2.7335	2.8034	2.8614	2.7928	2.8552	2.8558	2.5157	2.4912	2.4362	2.3086	2.141	2.0524	2.0219	1.7645	2023
862	Venezuela (Bolivarian Republic of)	6.565	6.5222	6.1749	5.6523	4.9673	4.4406	3.9842	3.6306	3.2588	2.9391	2.7151	2.5112	2.353	2.2274	2023
905	Northern America	3.337	3.6727	3.4175	2.6024	2.0431	1.8155	1.8302	1.9045	1.9859	1.9255	1.9612	1.9925	1.8345	1.7118	2023
60	Bermuda	3.5562	3.5647	3.3844	2.5366	2.1603	1.7417	1.6951	1.7399	1.716	1.7154	1.7988	1.8062	1.5176	1.4053	2023
124	Canada	3.5719	3.7869	3.5465	2.5152	1.9337	1.7156	1.628	1.6089	1.7046	1.5692	1.5187	1.6325	1.6154	1.5158	2023
304	Greenland	5.9052	6.4248	6.7087	5.0542	2.8247	2.2479	2.2007	2.2547	2.5138	2.4614	2.3831	2.2694	2.0628	2.0478	2023
666	Saint Pierre and Miquelon	4.0444	5.1033	4.1068	3.6262	2.942	2.1562	2.3246	2.3146	2.1618	2.0222	1.9308	1.9114	1.655	1.419	2023
840	United States of America	3.3184	3.663	3.4037	2.611	2.0547	1.8266	1.8531	1.9373	2.0168	1.9643	2.0089	2.0306	1.857	1.7322	2023
909	Oceania	3.7803	4.016	3.994	3.6056	3.292	2.7311	2.5812	2.5213	2.5006	2.4369	2.4373	2.5279	2.4311	2.2544	2023
927	Australia/New Zealand	3.2379	3.48	3.4139	2.9423	2.6384	2.0326	1.9219	1.8906	1.8979	1.807	1.7927	1.9614	1.8922	1.7286	2023
36	Australia	3.1431	3.3545	3.2843	2.8553	2.5983	1.9989	1.9132	1.8555	1.8668	1.7772	1.764	1.9327	1.8672	1.7211	2023
554	New Zealand	3.6671	4.0413	3.9873	3.3345	2.8208	2.1819	1.956	2.0573	2.0473	1.9516	1.9313	2.102	2.0213	1.7623	2023
928	Melanesia	5.9619	6.078	6.1821	6.1088	5.895	5.6037	5.282	4.9871	4.6591	4.374	4.1385	3.8732	3.6101	3.3412	2023
242	Fiji	6.5592	6.5413	6.1203	5.237	4.3101	4.1095	3.9089	3.5139	3.3442	3.1537	2.9736	2.8537	2.6377	2.4713	2023
540	New Caledonia	5.1619	5.3274	5.3545	5.0871	4.8163	3.9777	3.3791	3.0727	2.869	2.5775	2.3264	2.2104	2.1499	2.0563	2023
598	Papua New Guinea	5.802	5.9348	6.1361	6.2354	6.1778	5.9064	5.5801	5.3356	4.9564	4.6281	4.3624	4.0299	3.7092	3.4044	2023
90	Solomon Islands	7.1487	7.0989	7.0757	7.0228	7.02	6.8917	6.5878	6.051	5.5106	5.0498	4.5989	4.3933	4.3184	3.9808	2023
548	Vanuatu	7.0398	6.9316	6.6553	6.4811	6.1862	5.8532	5.624	5.3351	5.0791	4.648	4.3258	4.1376	4.0634	3.8718	2023
954	Micronesia	6.2568	6.4934	6.3042	5.9088	5.4257	4.813	4.3254	3.9791	3.8371	3.4182	3.1207	3.2776	3.2486	3.0721	2023
316	Guam	5.6594	6.1828	5.6147	4.5976	3.9449	3.254	2.9498	2.9725	3.0455	2.9983	2.7312	2.8703	2.9769	3.056	2023
296	Kiribati	6.2344	6.3676	6.3622	6.0631	5.3345	5.0146	4.9521	4.7977	4.5678	4.3126	3.8216	3.8585	3.697	3.3517	2023
584	Marshall Islands	7.8346	7.9876	8.0707	8.0429	7.9999	7.6395	7.1186	6.4464	5.486	4.9236	4.5096	4.0939	3.4096	3.1199	2023
583	Micronesia (Fed. States of)	6.651	6.6912	6.7311	6.8448	6.9847	6.6973	6.1069	5.4323	4.7697	4.3802	3.9258	3.4799	3.196	2.978	2023
520	Nauru	4.7255	5.175	5.2325	5.3188	4.1686	3.6888	3.9764	4.0549	3.8862	3.7092	3.426	3.6599	4.1055	3.7824	2023
580	Northern Mariana Islands	6.1791	6.0729	5.7723	6.7773	6.2979	4.5557	2.5285	2.1251	2.9585	1.8852	1.8624	2.7352	3.2908	2.7578	2023
585	Palau	7.1101	7.1927	7.198	6.7347	5.7084	4.0284	3.1389	2.9156	2.6733	2.1132	1.9262	1.9654	2.024	1.9878	2023
957	Polynesia	6.7489	6.893	6.8512	6.5857	5.9419	5.2236	4.7814	4.4715	4.0446	3.6063	3.3497	3.1839	3.0375	2.7521	2023
16	American Samoa	6.2378	6.4794	6.6471	6.3465	5.4402	4.8803	4.3443	4.335	4.4994	3.9381	3.9233	3.5436	3.0254	2.5974	2023
184	Cook Islands	6.8866	7.1889	7.2964	6.763	5.7492	4.6947	4.0914	3.8975	3.9154	3.4717	2.9559	2.6073	2.3221	2.2046	2023
258	French Polynesia	5.7617	6.0048	5.9857	5.8727	5.1417	4.2022	3.8251	3.6482	3.1179	2.6086	2.3509	2.175	2.0078	1.6876	2023
570	Niue	6.5284	6.9824	7.0049	6.7127	5.7915	4.9552	4.7887	4.2672	3.6093	3.1378	2.8667	2.8737	2.6209	2.5409	2023
882	Samoa	7.7302	7.828	7.8063	7.5909	7.0205	6.2586	5.7202	5.3444	4.9142	4.726	4.467	4.4301	4.5172	4.1917	2023
772	Tokelau	5.1175	5.4933	5.641	5.1931	4.7588	3.952	4.0384	4.2584	4.4942	4.1246	3.6548	3.2666	2.8344	2.5545	2023
776	Tonga	6.7016	6.6748	6.5581	6.2972	5.888	5.7185	5.5446	5.1925	4.8386	4.3958	4.2165	4.0912	3.7678	3.3986	2023
798	Tuvalu	5.3446	5.2959	4.9499	4.3669	3.7347	3.553	3.9025	3.9171	3.9022	3.9409	3.6538	3.4248	3.4105	3.3697	2023
876	Wallis and Futuna Islands	6.9873	7.3638	7.044	6.8947	7.2026	6.2738	5.7745	5.1096	4.0375	2.8698	2.3731	2.1472	1.9945	1.9092	2023
