country_code	country	2020-2025	2025-2030	2030-2035	2035-2040	2040-2045	2045-2050	2050-2055	2055-2060	2060-2065	2065-2070	2070-2075	2075-2080	2080-2085	2085-2090	2090-2095	2095-2100
900	World	2.18330209315669	2.13707767056016	2.07511948778384	2.02770185772929	2.00426732598006	1.98344948886761	1.95395492783782	1.92057551495804	1.88597836512884	1.85118941219067	1.82289822821834	1.79850683477926	1.77471321388007	1.75271263850528	1.72782717952936	1.70582636258498
1834	Sub-Saharan Africa	4.07957436003344	3.81369069503034	3.44290668880039	3.13457905569046	2.89078280356112	2.6967191413635	2.53369981216019	2.40478597929963	2.29920015237554	2.19781451307742	2.11028665479176	2.0374992109716	1.98005075566509	1.9250963307187	1.86362203972291	1.82867273410025
1833	Northern Africa and Western Asia	2.57088955507168	2.46817645379939	2.318249404246	2.20403370466863	2.11453584766116	2.03557351118515	1.97422298991981	1.92027478790799	1.86499231587015	1.81624100219363	1.78206549338841	1.74196904763333	1.71799166475866	1.69169571173029	1.67191707195844	1.6484125377498
1831	Central and Southern Asia	2.06322895422373	1.95592550216487	1.84940374867001	1.77869284979278	1.73103108051162	1.70375534984641	1.68317271973921	1.65228320520333	1.62639956018253	1.60241314411269	1.58631464725927	1.57121922481862	1.56240474548264	1.55075494651967	1.52422613829505	1.51459659549354
1832	Eastern and South-Eastern Asia	1.24366646227727	1.23450082547686	1.22690959214747	1.22149944992562	1.23664770041961	1.26173423758967	1.27905996013094	1.29233445715435	1.29649801873391	1.29813467553872	1.29952331718656	1.31374386070908	1.33009787905928	1.34494053561981	1.35010681216137	1.34739186907969
1830	Latin America and the Caribbean	1.7049597900992	1.64694553521252	1.59824827042214	1.57137549775736	1.54838835124455	1.53240025914005	1.52410150578913	1.51951919716116	1.50930649797188	1.5010184412118	1.5030102855524	1.5002990318174	1.49810205403707	1.49691404185755	1.49002095910892	1.48610754965258
1835	Oceania (excluding Australia and New Zealand)	2.52451228764657	2.37393555672475	2.20330206010305	2.07521406642889	1.96711549540567	1.90315821987179	1.84615758037102	1.81117488677046	1.77170056930299	1.7331390889245	1.69276680145862	1.65101192550252	1.62762327638623	1.60493664755245	1.58613223762485	1.56569063613164
1836	Australia/New Zealand	1.55097567041962	1.51122027014735	1.47845052534278	1.44558828153933	1.42287930066702	1.40079743963029	1.38069906874095	1.36931723884063	1.35270067364161	1.34870491247402	1.32851429977386	1.32481663135065	1.31532536785761	1.31059625440847	1.31230109342282	1.30779958069072
1829	Europe and Northern America	1.43433291928922	1.42809993609683	1.42549973950079	1.42600099661983	1.42250459674372	1.42199313510102	1.4219999660393	1.42150097425522	1.42041019605117	1.41359828122496	1.41489390492184	1.4145918322139	1.41260639066225	1.41539166463804	1.42099465719022	1.41810403104771
5502	Europe, Northern America, Australia, and New Zealand	1.43666581471302	1.43159983021685	1.43009964498352	1.43000089002721	1.42650537563584	1.42589291662472	1.4288002360916	1.4300994872072	1.43360008533716	1.43009844922165	1.43308844779202	1.43549464951341	1.43829867767131	1.44469189320301	1.44879468512892	1.44960177403426
901	More developed regions	1.42099998026128	1.41789953472421	1.41949942283784	1.42029902729654	1.41770511358514	1.41799158407769	1.42119677250212	1.41890071257561	1.42100434779987	1.41680612163244	1.41879290239186	1.42119605502331	1.42200052546519	1.42599827916492	1.42899720982324	1.42439796988958
902	Less developed regions	2.28195482205832	2.22779163373808	2.15444654533707	2.09524634813331	2.06094358969861	2.03672486517576	2.00012875623684	1.96376381691156	1.92346537262486	1.88758029702689	1.85269641528486	1.82500310478303	1.79911314538519	1.77361670226987	1.74613136962404	1.72073423464585
941	Least developed countries	3.75065585877212	3.5406578050128	3.25200106649143	3.00975729853837	2.80360985796807	2.63914870844297	2.5027863058485	2.38965248812016	2.28932536030509	2.19766967608916	2.107926197132	2.03548422937657	1.97479128485311	1.92279656659621	1.86804757776831	1.82638421324292
934	Less developed regions, excluding least developed countries	1.93030291822128	1.88092704966733	1.82468908167372	1.7808290385246	1.76489845610422	1.75858902262433	1.74019420788107	1.71491030703968	1.690411809703	1.674012730787	1.66201534708843	1.65210021436465	1.64741817176283	1.63314318120419	1.6220305476563	1.60375747218036
948	Less developed regions, excluding China	2.54757050733359	2.4581364038887	2.3496233001801	2.26316153744442	2.1946443358053	2.1323167316796	2.0793604125489	2.03180369992765	1.98451175594762	1.9415417646896	1.8964546176175	1.85827911724822	1.8283898618258	1.79810242949337	1.76781402954637	1.73981957849523
1636	Land-locked Developing Countries (LLDC)	3.63332302055074	3.40501893055742	3.10412792807184	2.86620035554402	2.67175305983995	2.51202492978275	2.37499230418696	2.25705605594073	2.14782189037964	2.05714469309027	1.98160302080504	1.91704576679648	1.85331479525628	1.80395066645458	1.76538193495923	1.73029943741881
2087	LLDC: Africa	4.00380312244657	3.69504562764221	3.29671292021503	2.97915482202377	2.74113521724528	2.56514358061315	2.42877722744327	2.31576630722332	2.21478735860414	2.13284612748771	2.06570216614951	2.00692576365066	1.95528930027772	1.90874760067831	1.87517883214096	1.84020071422412
2088	LLDC: Asia	2.90691015238458	2.74901840495572	2.54257794774625	2.37994210782198	2.26982880747863	2.16551415110532	2.0720577695025	1.999672562605	1.93389167530733	1.87125338914334	1.82433965981101	1.77749811382858	1.74738836686045	1.72623498624479	1.70313026868395	1.6796158283152
2089	LLDC: Europe	1.53735581895185	1.51130549997232	1.48004384290245	1.44588635828571	1.43336896509156	1.4224711661433	1.40886874253981	1.39876637954617	1.38697912397982	1.37694827503393	1.36485515426144	1.36920772465742	1.35596562092035	1.34799917118984	1.3398610423099	1.33031755602305
2090	LLDC: Latin America	2.16358617585158	2.05026103643794	1.91251111355139	1.82546633559313	1.74219585435341	1.68419862217891	1.64105081259279	1.59848184174289	1.57520072750717	1.55101965444584	1.5318159786243	1.51850591189077	1.50750405130064	1.49423283076211	1.48174483113749	1.46185857210988
1637	Small Island Developing States (SIDS)	2.03164179325504	1.97883879097718	1.92320883951943	1.87463684198462	1.83226053550408	1.78548039776767	1.74910046812776	1.73171250743371	1.70802373575798	1.68702368290767	1.66453240721515	1.64613275084725	1.62911508056297	1.61954367967966	1.60353326891287	1.58857725518978
2091	SIDS Caribbean	1.83398373596896	1.76721756900042	1.70228081421199	1.66119842591157	1.63340644359137	1.60802423848406	1.58243238429622	1.57100758720341	1.55543665504212	1.54441026660856	1.53562827892259	1.52971316972679	1.52441353626308	1.51573584337476	1.50711960909074	1.50372884396875
2092	SIDS Pacific	2.52251573674138	2.37323881738372	2.197203556725	2.06560279763965	1.94967582465779	1.87074442044129	1.80624513748403	1.76508591909055	1.73480413084784	1.70160664271679	1.66412996452537	1.63261480478688	1.61623205744782	1.59961688263619	1.58792772581765	1.56988512802849
2093	SIDS Atlantic, Indian Ocean and South China Sea (AIS)	1.6699696437461	1.63207815333388	1.62468846684407	1.60589037459982	1.57928463715282	1.55790651192122	1.53080862086249	1.51011326469128	1.49621460026873	1.48759226909317	1.48713064470488	1.46466391831655	1.44810874342056	1.44180426653815	1.43933077700091	1.43564221635004
5503	High-and-upper-middle-income countries	1.41266520824352	1.40519780902163	1.40329999823927	1.40919787600747	1.41958887579014	1.43578310567004	1.45615881447568	1.47606059562117	1.48888155486955	1.49468988670496	1.49948073683919	1.50567922393662	1.51686754032457	1.52717266511745	1.53837723561411	1.54318897570857
5504	Low-and-Lower-middle-income countries	2.75520164320235	2.6410479838083	2.50192281609259	2.39352520936819	2.30827024626598	2.24074906075792	2.18304633828484	2.13867607989242	2.09670017618624	2.05721789657294	2.01754109692165	1.98267052511237	1.95608245185946	1.93539414855108	1.91049850736349	1.88690692109205
1503	High-income countries	1.43433212338346	1.42549699322644	1.42380004159937	1.42549928619344	1.42780075910444	1.43199216703691	1.4403910636819	1.44300208625084	1.44320039027522	1.43750696678835	1.44018856665319	1.44449376547302	1.44909822335781	1.45159895290825	1.4554978403816	1.45509829098647
1859	Low-and-middle-income countries	2.278956510244	2.22389926802073	2.15155825224236	2.0953627055323	2.06525393989076	2.0454489720774	2.02325885481371	1.99907249090695	1.97177398748715	1.94618614131008	1.9237968734736	1.90600182929875	1.89130487465151	1.87680786965529	1.85781639336669	1.84002174486266
1517	Middle-income countries	2.01663108721467	1.96410593459122	1.90287980527307	1.86073046709238	1.84369823813314	1.83868525729601	1.81778059805867	1.78989840629035	1.76450656689945	1.7470115077506	1.72941395518861	1.71451353465254	1.7048151086355	1.68863673456917	1.67003063031956	1.6507471196143
1502	Upper-middle-income countries	1.39733179164547	1.38218886401962	1.3624996833158	1.36029537293172	1.38027048583372	1.40766710228432	1.41988311812718	1.42958239801824	1.42702201476925	1.42658011859853	1.43078110585194	1.43895298271849	1.44749558636889	1.44797849344557	1.45396985386534	1.45300342012191
1501	Lower-middle-income countries	2.40522461372896	2.30143539906764	2.18366105524961	2.10173897188515	2.03950727337072	1.98737569207902	1.94228866385053	1.90445387158983	1.86645455706411	1.83397905233983	1.80159307349073	1.77280461218293	1.7521194212812	1.72912613799974	1.70562391027555	1.6779568180788
1500	Low-income countries	4.2538014547579	3.95257103086032	3.54872372508874	3.19639935478619	2.93081329526942	2.72399005876227	2.54911118156311	2.41328286421598	2.27664453640143	2.16648021893989	2.07718842899104	2.00309708761076	1.94771387706626	1.89310533144402	1.84875138794124	1.80147892480087
1518	No income group available	1.78634427738212	1.69074902887756	1.60087434212311	1.53975936919005	1.49887563813707	1.45238986527167	1.42065527893205	1.40897823195289	1.38985056605492	1.37625660406136	1.36839814060882	1.36483767754573	1.35774070840364	1.35911916329988	1.34670878400422	1.33716798229204
903	Africa	3.86630433002672	3.634969386117	3.30820683311015	3.03535954369578	2.81672402889017	2.6425029248892	2.49083670333545	2.37076022744708	2.27345483234417	2.18046015907937	2.09934819999397	2.02630640768129	1.97178297898533	1.92090312199	1.86083718366463	1.82176362547186
910	Eastern Africa	3.83585253818289	3.57093383436734	3.22668979154459	2.95171466183785	2.73249544255222	2.55435551224498	2.39951088182759	2.27724513877185	2.16795918515717	2.07275916025521	1.99955137076679	1.924469282265	1.86699620205161	1.81681674966833	1.77366316325485	1.73926460325409
108	Burundi	4.15185723583743	3.38741246001403	2.75481647629	2.34893434346309	2.09685012380337	1.92959747926706	1.81658958111413	1.7138741929108	1.6486943756494	1.6042156973193	1.56445096655904	1.54129031715429	1.50610097411952	1.47641106473856	1.44979933170207	1.4200179137405
174	Comoros	3.49684658800538	3.06370337436481	2.72584336568048	2.46465627918268	2.23872613585513	2.05867714162038	1.92032945998322	1.82252899136124	1.73819479165668	1.67265666642718	1.6245978888332	1.58553182796407	1.53539496580155	1.49801490841458	1.4648418587658	1.4438212578841
262	Djibouti	2.08771469861567	1.87494881409258	1.73738732898154	1.63460392677212	1.57291137072218	1.52927753158147	1.48703789553301	1.43320877219202	1.40404419774614	1.38941872396116	1.37204984283423	1.34374475433556	1.33260837285717	1.31974648471365	1.29876962590834	1.29291286730261
232	Eritrea	3.08350878922697	2.65308746504035	2.35448547685246	2.1362942609499	1.97260711675347	1.8537672588708	1.75905510929624	1.69557133918324	1.63540360936654	1.5752777386772	1.51763297975666	1.48725826725897	1.46862296680229	1.44390216863267	1.42893298790588	1.41092074503097
231	Ethiopia	3.57989669331329	2.97362723771649	2.55160182467175	2.25055429449721	2.04824780803744	1.90800952627653	1.79442354794978	1.70262393312842	1.63437202764609	1.58191354719001	1.52937104439963	1.48741822306047	1.44674184001082	1.42806457016973	1.40378024507655	1.39210145037972
404	Kenya	2.9526503296999	2.57467966531355	2.2969365564256	2.08719872195987	1.90261151126045	1.78179599625694	1.69166914767068	1.61696888218844	1.55171724530935	1.50536380450895	1.48008481686631	1.44060423272084	1.41631885318887	1.39514146266282	1.37621840644841	1.36842758612095
450	Madagascar	3.61037437756092	3.09482062406466	2.71795726223854	2.40607935788364	2.19416468400284	2.03293029284198	1.90934370016734	1.80945221581593	1.73861821372159	1.67136885483336	1.61811059568389	1.57475914625026	1.53517352611538	1.50666744631005	1.48270379974013	1.46522142656822
454	Malawi	3.24748746759212	2.68639541441249	2.32841228933449	2.11051081671926	1.93461510413334	1.80946013089726	1.71241223108228	1.65273766057503	1.61064811675293	1.55948439726168	1.52369451850432	1.47698384306763	1.43998883332748	1.42230923668241	1.40233659419003	1.38909500969645
480	Mauritius	1.21252166720036	0.999888642715355	0.95813923899532	0.958940866614522	0.963165093029443	0.962272035628651	0.956891378624955	0.965148426556097	0.969584644279927	0.975761725682424	0.975077023137866	0.971059999114698	0.965473408781732	0.961703222497618	0.974841102341067	0.966443366416095
175	Mayotte	4.44828312360105	3.92857135457107	3.47419071789876	3.12131027437686	2.84815485279439	2.61318219107503	2.41903804355673	2.21194367981961	2.0336167706976	1.91716207415137	1.8228090010315	1.74747711603088	1.6844259388508	1.63546595161451	1.59139230085032	1.55051971832125
508	Mozambique	4.34232893630066	3.69366985539578	3.04770692559494	2.5428240796585	2.20161188281754	1.99265369613366	1.86352086154371	1.770371824073	1.66942810096107	1.60122133408307	1.56111744047137	1.52054895347859	1.47980620030208	1.44827721024869	1.4341069166362	1.40882384078938
638	Réunion	2.04969980363998	1.81346956033791	1.69135356837451	1.62042487864692	1.56794376628845	1.53775340077706	1.50465532917696	1.47477116588011	1.45476803046195	1.43330198689869	1.41150249914104	1.38778011465464	1.37763627739453	1.37528383115955	1.37053649147179	1.35794798550985
646	Rwanda	3.40815198000515	2.96289954198954	2.62234727788892	2.35457750945872	2.1328950175254	1.96375259620571	1.82975150015465	1.7153128689194	1.62129400303127	1.56589539218169	1.52857931980132	1.49420034841183	1.45944762413796	1.42629643223295	1.40021601775116	1.38369152629626
690	Seychelles	1.88352343486213	1.66648833765516	1.55151836216775	1.49639487267953	1.46158664479104	1.43348572002226	1.40986679876026	1.39860416277644	1.38307394615761	1.36322034708306	1.34940222092018	1.33633046729824	1.32404707416447	1.31538417854477	1.31069382801087	1.29196984965002
706	Somalia	5.55321482236752	4.59198760202275	3.78955339130481	3.13084872187983	2.67527120396006	2.33759805005486	2.09970084156207	1.94274755339028	1.800631610469	1.70514123465467	1.64516186258363	1.60755186266526	1.56463613745762	1.52872801665104	1.48673513537974	1.46060356751576
728	South Sudan	3.0413293827409	2.53614854934003	2.21035277447452	2.02036787293723	1.87369174750596	1.76086708005523	1.69030434232763	1.62340440735133	1.56505987568691	1.51977967377969	1.48997826957571	1.46357113477815	1.43268161544792	1.41181458207456	1.39963221238487	1.37623693225089
800	Uganda	3.81884351288635	3.07824600945406	2.56122134135425	2.22929289609093	2.00748592432728	1.86290166705093	1.75502261656397	1.65716931939265	1.58757224510332	1.54284955265934	1.50896545508136	1.46437679560489	1.43889675470866	1.42701396001402	1.40919439619931	1.39301890970269
834	United Republic of Tanzania	4.34311089654704	3.7574478621412	3.27764402833028	2.87064155938219	2.5369264496525	2.33034561168933	2.16245220520715	2.03593380860982	1.92828453357884	1.82080143682245	1.74032341830157	1.68780651788157	1.64261431703674	1.6072356863987	1.55110907274623	1.51917373529871
894	Zambia	3.55741628242675	3.01782714622071	2.58232801803596	2.27495861194716	2.05751584500422	1.92426145963715	1.82813884303436	1.74496002498671	1.67927034953616	1.62264504659704	1.59308430908026	1.55687078138969	1.51349895126638	1.4856883339888	1.45791625417913	1.43520694713382
716	Zimbabwe	3.43911199267327	3.05374936612639	2.71748091497391	2.45105628499166	2.2489356542741	2.07691648040571	1.93508731949947	1.82291592229696	1.74392700444291	1.68088813577056	1.62622432725301	1.5667769325133	1.53519497905951	1.49240857397759	1.4561205641866	1.44111001751756
911	Middle Africa	4.99537940768857	4.60001122573385	3.98025089651508	3.47736719753306	3.09839523927385	2.82483070199002	2.63139997143448	2.46850562939972	2.33629204354489	2.20971466563687	2.10611096438899	2.0107715582427	1.92289995805949	1.85465166079451	1.79301397057397	1.74726350999617
24	Angola	4.4494904195283	3.79649469235234	3.21664972719504	2.70035292540778	2.33908385522683	2.11648599035766	1.95516628718401	1.83537640474264	1.73931292410335	1.67597205505538	1.62784494725979	1.58881185364884	1.53455870294673	1.50201340763005	1.46673500540287	1.43679296311951
120	Cameroon	4.11807062524686	3.48615804324991	3.00897417753088	2.64625706193852	2.36441758540932	2.15776395833945	1.99494828683784	1.885114914882	1.78734435482995	1.72341391114609	1.65873286806555	1.59710216248631	1.56417723577875	1.52977075410883	1.50486924552476	1.47079012703789
140	Central African Republic	5.12096226891128	4.3411200621068	3.61876687932716	2.98300772783786	2.52274446028232	2.22054201309648	2.01534171496632	1.87700536607727	1.77971396519463	1.67867313984766	1.60309539782029	1.56016554588148	1.52583224248373	1.49169593133762	1.47077936803662	1.44861733558891
148	Chad	5.24263368794067	4.41902955273284	3.69134333978768	3.12978967207458	2.70739450671811	2.36883284586926	2.15314213699578	1.98382494808089	1.85714617381591	1.73839981650187	1.66803762849834	1.61792404942934	1.58070193074203	1.54716296279671	1.50195944098885	1.48009920596765
178	Congo	3.60749689041811	3.18580011262926	2.84088620826028	2.56418563931469	2.34198408816816	2.17142397914498	2.02303082798034	1.90459266295455	1.83530996668975	1.77726288438394	1.71299625766795	1.65583174337779	1.61285514171413	1.58077632411633	1.5477410819966	1.51617654361101
180	Democratic Republic of the Congo	5.35813337879344	4.55683588616396	3.77828594536622	3.11486052277682	2.63633596086799	2.30589659749054	2.09126886716985	1.89983797657086	1.8031949947735	1.73287076015308	1.66492445188048	1.61751033758864	1.58395646970619	1.52700795158669	1.4788755799813	1.44829035726635
226	Equatorial Guinea	3.23916343503077	2.66891822498867	2.2789811472046	2.05543266917762	1.90339803112221	1.79704377890681	1.70666673862361	1.63354745157156	1.58825379028626	1.5328706050734	1.48179579708387	1.45067697264611	1.44230288437909	1.42049536693236	1.3952019481338	1.38141057404679
266	Gabon	3.31645546957911	2.90240574523367	2.58703036818291	2.33735941557891	2.14695031632289	1.98498737284289	1.86734801618722	1.79730831493195	1.72578443366716	1.66700055110511	1.62682054719885	1.58235840495899	1.54375955430461	1.5020950729556	1.47570625964821	1.45468262586334
678	Sao Tome and Principe	3.28153633644202	2.82312504496472	2.45806245853402	2.19406495812025	2.01808822724053	1.89807669737898	1.7855984543905	1.69478019078999	1.63052545737024	1.59584596344262	1.55681814399574	1.51994501379289	1.49646113265404	1.47083552591572	1.44954702421494	1.42502921098857
912	Northern Africa	2.69816090172648	2.54653193710579	2.34622566558997	2.19156869416922	2.08000511532798	1.97622987104222	1.91878155260717	1.85766086731093	1.80706578362016	1.773470285636	1.73626824517645	1.69840256749693	1.6768984443188	1.64752761776383	1.63183169720094	1.60850013255752
12	Algeria	2.55715555458555	2.19082389400379	1.95071953868115	1.78962634920387	1.6865203600927	1.60629262046622	1.56097309607323	1.51299129172621	1.47930959803477	1.45240039059524	1.42706545442847	1.40064496213105	1.37216519108294	1.35649131196038	1.35974814319843	1.34881303528359
818	Egypt	2.50674026113015	2.25726081172432	2.05393961273396	1.89287841295059	1.78067893175026	1.69432760411622	1.62120161751221	1.57833118587235	1.53032839870208	1.48808058340257	1.45710386678669	1.42850684636567	1.41790343522592	1.39893391705718	1.38413928823464	1.37569224370264
434	Libya	2.02201201201074	1.76846917286086	1.60004898920323	1.51760133816226	1.46001097304888	1.41045359715842	1.37141119469825	1.35142182646298	1.33589885289042	1.32419864004516	1.31993663823165	1.30566109071445	1.30042045485883	1.2890734681047	1.28050765758389	1.27604224323752
504	Morocco	2.02658535982909	1.79257917640862	1.65398759032028	1.55943556846174	1.4977736908968	1.45050939360261	1.42880376359545	1.40415751635269	1.3883092828338	1.38653653675666	1.36788100420948	1.35532816485791	1.34671582886728	1.32214359153709	1.31120961596574	1.30839192106891
729	Sudan	3.65806851736142	3.13772995547895	2.73716978851904	2.41060490847544	2.17742252628997	2.00319894586166	1.88494556723187	1.77815333750384	1.7268772835814	1.66941528641004	1.61800535431822	1.57185208172935	1.53948950308116	1.50718265760967	1.47792258758652	1.45809914099348
788	Tunisia	1.67214550641787	1.48754172275818	1.41653406311817	1.38002670471647	1.35774093515162	1.33604083623464	1.31556264074761	1.30459122894868	1.31184842775291	1.29809118500903	1.27596745396891	1.27858137538675	1.26722193649867	1.24936315305124	1.24152593474629	1.23393325774723
732	Western Sahara	1.79760250105982	1.64578867847668	1.55847802393867	1.49938092364103	1.45166554235863	1.42222919451872	1.40591545047277	1.37267087722509	1.36935367200995	1.34830519184034	1.33923318298902	1.31177648042829	1.30562072190934	1.28860359754038	1.28515139278777	1.27755806260722
913	Southern Africa	2.01958656308122	1.91782818680972	1.80663528519623	1.73392478061772	1.65884602834474	1.6097376348389	1.57752039782299	1.54027701256196	1.50388242517567	1.48060103042294	1.46050711238462	1.45410361381858	1.43151617862434	1.42000500094341	1.41210755259208	1.40405247555351
72	Botswana	2.4568555632137	2.1732173507112	1.9555854721636	1.80648871659348	1.70806376029263	1.6262353103326	1.55980276073609	1.51341391873146	1.48081676042534	1.44643277494598	1.4145708543157	1.39235318228333	1.37256482603919	1.36272133736075	1.34848810777018	1.33136618476908
748	Eswatini	2.36357714712163	2.09262798105603	1.90168634420214	1.76589279065639	1.66331686069745	1.5880189693009	1.52753897847106	1.4977411194365	1.46846946393735	1.44097041494772	1.4118041881451	1.38854181610959	1.36996237207695	1.35523308701925	1.33477566855997	1.32160976017418
426	Lesotho	2.40514455528696	2.15106508348476	1.95973965101681	1.83560666407969	1.73646175835922	1.6702200413183	1.60284463974837	1.54480834220077	1.50726791899692	1.47171533123197	1.44709343352642	1.41491915446156	1.3915877126263	1.38751514612176	1.37852810350656	1.37335862837724
516	Namibia	2.7798639391993	2.51093547388257	2.27932718551406	2.08986067819147	1.94588183067407	1.83062136406123	1.74428151934589	1.67979871763204	1.62247445574844	1.57669038812513	1.54821056626299	1.52044015383375	1.48753939750896	1.45655934277341	1.42854245565839	1.41660782543027
710	South Africa	1.96125078252736	1.77873732458751	1.66278576101985	1.59007667624386	1.52538002600736	1.48345588064851	1.45166442975637	1.42248560333077	1.40009196977488	1.37661833023594	1.36081028411956	1.34530966347053	1.32901034553937	1.31860402979242	1.31642568059173	1.29822297031049
914	Western Africa	4.03049561487025	3.67759342478972	3.2086173660751	2.85681292583037	2.62422477456458	2.46368644328733	2.33691056139543	2.22683987974212	2.12940072417604	2.0446190417442	1.95680798907008	1.88778218338785	1.83654770778829	1.78716130849183	1.74279309279729	1.70480723130713
204	Benin	4.17609896780879	3.56602108177946	3.0567531226225	2.65392473117958	2.31827582769713	2.12269934742554	1.94978432863632	1.84440927561773	1.75729286592495	1.69782801508713	1.64846779374247	1.61639774158542	1.57759429033085	1.54039067074546	1.51444228791734	1.49162553433961
854	Burkina Faso	3.80738059994498	3.01374165637744	2.45196681676859	2.12342489306483	1.94694001576426	1.81744823219666	1.72662738262033	1.65129797722367	1.58122930663714	1.54849549178748	1.52030584152961	1.47471335642709	1.45702868684487	1.43483670698252	1.41487836865702	1.39967405498468
132	Cabo Verde	1.39068285518641	1.2120245605402	1.15953302374731	1.13904312414298	1.13333004086289	1.1317964195568	1.12439491143421	1.11674916746324	1.1064185734573	1.10673661787474	1.10130293009927	1.09100417983514	1.09953035168801	1.10322579470571	1.09204595741872	1.08075904857084
384	Côte d'Ivoire	3.95254484047953	3.44352994098136	3.05163780271607	2.72608677545511	2.49088044099806	2.30189238337073	2.14394825443333	1.99594193486109	1.88340139038429	1.80791467210405	1.73071020586309	1.66444920321035	1.59792540242857	1.56695373779681	1.52744909443382	1.49077071890921
270	Gambia	3.53682125502211	2.8056837475852	2.29641414339436	2.02352283132054	1.84675721284579	1.71642953137236	1.6474287457467	1.58209056135916	1.53333421403179	1.49418288378012	1.44389098097469	1.4100244747199	1.38035181146652	1.35304359493274	1.3368843128795	1.31637081028802
288	Ghana	3.107603939437	2.7125947703957	2.41448868710419	2.18678845531516	2.01369785666661	1.89896375547864	1.80069679275948	1.72096251034057	1.64502874168477	1.58736120111822	1.54823949003588	1.50051372593651	1.46530916800347	1.44021153119766	1.41403319135638	1.38893866272843
324	Guinea	3.76967431193924	3.09100910223261	2.57872208126405	2.25400440415368	2.03377984225629	1.89397219345898	1.79657278044592	1.71825418172097	1.65288261767379	1.60262982122462	1.56219350637853	1.51652865916331	1.48822181602182	1.45847290035953	1.43285051257284	1.41285700612654
624	Guinea-Bissau	3.39121602560228	2.82159130070789	2.39794239159088	2.13657198947163	1.97658430078172	1.84258051803471	1.73426701451874	1.65586979964348	1.60423284875245	1.55873187561468	1.52481152788428	1.48654365676098	1.46283125383435	1.43578283517563	1.4122499558181	1.38850584452942
430	Liberia	3.55158820351188	2.92991344555979	2.48339172561633	2.18427476876118	2.00159978020473	1.87722324799647	1.77366919390221	1.6923964178209	1.63079120655093	1.57029710790843	1.52764199873468	1.5056773780513	1.46508620438434	1.44831909698078	1.41967835761011	1.39570352796397
466	Mali	5.07833690000448	4.33956825358161	3.60414801529731	2.96194377890995	2.51092232112122	2.21592577541866	2.00422696709119	1.87377321068431	1.77893401383043	1.70109628999348	1.62812587105365	1.58654421231554	1.54135578204631	1.50781390549326	1.4788991045056	1.44780009858258
478	Mauritania	4.18701361632794	3.62915143140177	3.10953105008735	2.66814645011552	2.35288459555787	2.15145351408289	2.00466869158031	1.86646191266798	1.79112276081256	1.71171507391772	1.65695949849133	1.60313117939593	1.56414313784281	1.52053619245238	1.4952905863874	1.47668871684291
562	Niger	5.75615406904227	4.73190064371021	3.78793313154576	3.05681446838333	2.55475698632319	2.22051129464959	2.0177613911136	1.87413099324665	1.75329456184017	1.68017806928628	1.6102443581371	1.54628506166836	1.50666125519824	1.47119144658975	1.44547211822766	1.41531445649652
566	Nigeria	4.08921971019478	3.34756197128813	2.73121530670818	2.30054503197973	2.04782751265774	1.87699479558313	1.76313007703835	1.6788372143831	1.62481692033714	1.56333308384752	1.51460665086646	1.47080285287867	1.43043772102317	1.39864699370793	1.37781016309256	1.36388273109654
654	Saint Helena	1.49851392486434	1.43692190112252	1.39366138377641	1.36303510257858	1.33624735183176	1.32034817358023	1.29624245789376	1.27960557443916	1.2620088402757	1.25144538162573	1.24643204977906	1.23871008566978	1.23606163522013	1.23338343353373	1.23867208801722	1.22596719413354
686	Senegal	3.4872205352876	3.02814934992413	2.66872540040659	2.42034315570808	2.23262906781863	2.05973826318184	1.92545386529556	1.83439331694601	1.75143861319554	1.69093733605614	1.61737519371181	1.57448306174486	1.54908888000546	1.50796178015663	1.48215790216715	1.45244339959113
694	Sierra Leone	3.26492994526187	2.64470842534297	2.26568926968629	2.03837363941631	1.89614721462168	1.79385431098378	1.68926266936547	1.63926850629731	1.58037209329858	1.54134029585929	1.50808216981979	1.47499030839995	1.43934601851109	1.42131448748829	1.40326020702355	1.38624633838045
768	Togo	3.71147317437887	3.28116406376579	2.93795103708433	2.65727646757715	2.42260398018314	2.24611998138679	2.08462075674243	1.96492347080892	1.8685605439601	1.79011800025054	1.72880067192558	1.65281689617538	1.61569214159577	1.58997217967709	1.54546968858984	1.50200184956367
935	Asia	1.77997423344739	1.73196888315567	1.67790734768071	1.63925698500449	1.63031724595379	1.64790140562083	1.64160505421341	1.62032062010593	1.59981206074184	1.58872248020965	1.57740399731267	1.57591124810394	1.57660580644363	1.56914347969369	1.5555469670444	1.54401919700724
5500	Central Asia	3.01849169417813	2.83258943675882	2.58617349197908	2.41051929167083	2.27963533526797	2.15297120261504	2.04196291315598	1.95476326904421	1.87680673695238	1.82831769211556	1.77956577893334	1.73637008836721	1.70411651851834	1.67379532731902	1.63811068258991	1.61182694471926
398	Kazakhstan	2.89484202411237	2.49603006988948	2.26415009139123	2.0949546241687	1.9670313720932	1.85177448686404	1.74869148526258	1.66849332270256	1.60702836597842	1.56895621803345	1.54121076511322	1.50452513381248	1.46126908324742	1.4342804817301	1.42409216650596	1.4088750573653
417	Kyrgyzstan	2.67955698951031	2.35014467600929	2.11780138364724	1.95172474078952	1.84305194293508	1.74866027138448	1.67499287061208	1.61918524741456	1.56961901479776	1.5254277280029	1.49734761304784	1.4671431580972	1.4490505184213	1.42513689447335	1.41077312126583	1.40252074539012
762	Tajikistan	2.75546354742816	2.43130143094568	2.19872649136333	2.01333640503641	1.8778764088467	1.77984593522763	1.70148762568812	1.64281375696093	1.59773325504646	1.53958038297602	1.49120672552234	1.44403756515808	1.43261505565666	1.40714367272323	1.39670096041312	1.37872597314597
795	Turkmenistan	2.38187110328461	2.127096839227	1.94308957700572	1.8186789818797	1.72871678898329	1.65451732029229	1.60247381216346	1.55072072160732	1.50083439150723	1.47171930489774	1.437757962171	1.41620198006296	1.40195094025593	1.38694363267028	1.37155600973868	1.3555832877572
860	Uzbekistan	3.24391507991725	2.95771841262188	2.61689327843148	2.37813146947984	2.17801936584866	2.01212518804128	1.86213342276926	1.74933755704315	1.67771268560199	1.63056389233625	1.5992559765898	1.5560804219323	1.52449709040976	1.49781332859157	1.46411369769112	1.4491085498703
906	Eastern Asia	0.889338289350187	0.884594504789369	0.878120518465799	0.878709833065671	0.872985728569674	0.874938224140094	0.889192170103799	0.907785128335774	0.929287296564385	0.932959468496586	0.932973333564445	0.943731673675783	0.953709281486105	0.979660320661712	1.0046976186114	1.02221371333457
156	China	0.927395333309839	0.843311956420279	0.827018907551607	0.826914248414662	0.823573644041715	0.815101602462664	0.81757394816184	0.823844705157421	0.832059702535381	0.83509792675511	0.827180383873152	0.835642246255606	0.832425859528467	0.83626216373304	0.840791582134946	0.844686047830515
344	China, Hong Kong SAR	0.696213230612564	0.607927215216665	0.598482394619232	0.609108504225711	0.618504201814588	0.629916440031283	0.638836330728938	0.643059438106905	0.653794478009077	0.676699224949773	0.677376024285761	0.678444097609973	0.689964724474704	0.692649194174159	0.696924522482402	0.699006395352848
446	China, Macao SAR	0.619263175845919	0.556157618235762	0.566844432361438	0.579404870215418	0.587246218203224	0.59173178470376	0.599664178834963	0.611201448443811	0.610231913592827	0.610788111939124	0.619391917680975	0.634815674650064	0.640668534466375	0.646927938914869	0.664920456017446	0.665652122004426
158	China, Taiwan Province of China	0.802573411036896	0.656258817119943	0.654796228749348	0.684385727615059	0.697758064169999	0.707867098038227	0.720220945410179	0.730157745870984	0.745834099746337	0.752695460476903	0.755487313506892	0.768792368231718	0.786547276237784	0.793836653430944	0.809114975440672	0.818220348246368
408	Dem. People's Republic of Korea	1.4396828994313	1.31835632034372	1.27563283153242	1.26141778139939	1.25758982895222	1.24899739944547	1.24127712054224	1.22971360658548	1.23534253577542	1.22859489394804	1.21082816566356	1.21479872543001	1.22109953634578	1.21182283059298	1.20525104818294	1.19654532181888
392	Japan	1.18899415552329	1.08829870098822	1.06439122639951	1.04534021514527	1.03014725773857	1.02593546584695	1.02091794470135	1.0109839865999	1.01111697347798	1.01835881255485	1.02925371542678	1.03003290501262	1.02767185270209	1.03030490505596	1.03740691518281	1.0415964827137
496	Mongolia	2.59203415495876	2.17020112602843	1.9359413817938	1.78238860224972	1.67496912111899	1.60277154422024	1.56044581658309	1.51258174322934	1.48540177678316	1.46728380067068	1.44421665566438	1.41001374211772	1.39711675127832	1.39150410960608	1.38879780689907	1.38354991528557
410	Republic of Korea	0.679509855835643	0.606612203097417	0.614408155154434	0.631401230844397	0.644923468783807	0.658044863763098	0.671941682896269	0.688813952617269	0.699430962563409	0.706096930189033	0.718261596534916	0.73047171400407	0.742512841606011	0.751070516898911	0.76535089679706	0.783709602442214
5501	Southern Asia	2.02389058301954	1.91573302345249	1.80992292797216	1.74359867490029	1.69323213312103	1.66665495438775	1.64626888247593	1.61279420572101	1.59030339496362	1.56811152727737	1.55403184022802	1.54051679853384	1.53010132600071	1.51765997592993	1.49372440200749	1.48809738095305
4	Afghanistan	4.32455674339676	3.72623306687736	3.19040405265353	2.77229286898779	2.44674511217614	2.22598279283262	2.05664753316333	1.93730565447156	1.8303295801013	1.71996771321821	1.66332436171651	1.6168453180808	1.55949285227011	1.52782168009262	1.48947330464393	1.44125255620216
50	Bangladesh	2.03027613349696	1.77977504689075	1.62902349447667	1.53641412588639	1.47248755942869	1.42856671070574	1.40369013167973	1.38350491064164	1.35922880542294	1.3463907959168	1.33617281023848	1.3208294071682	1.31120047131268	1.30765185748903	1.29805222186882	1.28829459332634
64	Bhutan	1.36714780811052	1.17043205041603	1.11768297679438	1.10039804879388	1.09370025028346	1.0904009302652	1.09984721819203	1.11118511840322	1.10330934132269	1.10085764952894	1.09586200346565	1.08525597420925	1.08566856025512	1.08943528563384	1.08450520251475	1.0888012093808
356	India	1.82431833156938	1.60821399287003	1.50745035793302	1.43931511696974	1.39367544798259	1.3722962438892	1.35260304810488	1.34242829103615	1.32311840085742	1.31253853655513	1.30190383409446	1.28165898080224	1.27198697403848	1.26392855735464	1.25626893098194	1.24968102780352
364	Iran (Islamic Republic of)	1.54880785976556	1.38787096273386	1.32897299405154	1.31249175214157	1.2924017034761	1.27740687525473	1.26591421603875	1.25220605031796	1.25521507771695	1.24135587871861	1.22967781166325	1.22251839003726	1.21682396711164	1.21339971998129	1.20858517146691	1.19720296059659
462	Maldives	1.3609784829034	1.21861083729892	1.16276218166358	1.14319684400671	1.14801068820511	1.14110720265889	1.14169932224743	1.13284962994573	1.12421668761006	1.13147513721408	1.11457563026243	1.1158097625239	1.10544441585425	1.10066474377347	1.1104008439538	1.10261158620648
524	Nepal	1.82754928137805	1.61132449229909	1.50041073144465	1.44517867289209	1.40119113602244	1.36721535225413	1.34090874791722	1.32542223465757	1.31254594178494	1.29690696043315	1.29137737365371	1.27785719951857	1.26581366588282	1.26135794165728	1.25873865445033	1.24862282316286
586	Pakistan	3.41007931319186	2.93796446860769	2.59012220053144	2.3291982568143	2.141543546341	1.97972101807048	1.84662557988635	1.74974600852363	1.66408816062004	1.61382338894045	1.56326813785622	1.51950161751928	1.48019862169881	1.44624820291653	1.42142654965802	1.39686481579924
144	Sri Lanka	1.63465186730651	1.51729748621713	1.45982641504155	1.41934311624335	1.3899185043803	1.37821306473524	1.36964639327414	1.35340778993475	1.34863307388434	1.3180076852695	1.30176414189163	1.29029098260053	1.29129878489889	1.28064691263742	1.28230522909375	1.27457614992471
920	South-Eastern Asia	1.79062126366897	1.71748412601363	1.65873522175823	1.62264564300471	1.59888739251761	1.56779443631662	1.54550829188503	1.53510803285628	1.52910638854377	1.5184210067665	1.50172646977678	1.48925901017221	1.48418454262848	1.48013218651017	1.47500426098565	1.47082301284179
96	Brunei Darussalam	1.60797686228784	1.39554438924797	1.31379482102216	1.28813072187435	1.26075891445836	1.24421430125686	1.23001657172192	1.22136002508044	1.20813565433684	1.190979525991	1.18704982624737	1.19894731908339	1.19757215604146	1.19270298152599	1.18636463321191	1.19331632945952
116	Cambodia	2.35606860664908	2.0860513132289	1.89024282350426	1.75505180074618	1.67868199594176	1.62099936405804	1.5734920655244	1.52594781737469	1.49359861436647	1.46169522117888	1.43126741667688	1.41202873551724	1.39379714778545	1.37577022623304	1.36467936725563	1.349932130481
360	Indonesia	1.93837552177662	1.72697821664663	1.61558241806854	1.54603247921473	1.4930758126917	1.45190390062375	1.427618191825	1.4105307321033	1.38433981078943	1.36823060549033	1.3592213811565	1.344268544669	1.33484172852974	1.31368533533905	1.30443493585841	1.30104967807786
418	Lao People's Democratic Republic	2.11543258918369	1.87618195649366	1.72314678774724	1.6086137545155	1.52699167840434	1.46155494723735	1.4282006520959	1.39632725960489	1.36279539966256	1.34312518676952	1.33244112047181	1.32357785769596	1.31209372878349	1.29058736638751	1.28996846067647	1.28531710587391
458	Malaysia	1.39826114956203	1.22225282402349	1.18127015936013	1.16506536235409	1.1548931194352	1.15349922356467	1.15338840516444	1.15223459964639	1.14699555442298	1.13256399222569	1.12511976564194	1.12646749792583	1.11615475023732	1.11171461448198	1.10615594716384	1.10774215082372
104	Myanmar	1.81142360840795	1.65214346671996	1.57306106842182	1.50470080910839	1.4573304318409	1.42263061717636	1.39005850154706	1.36494794122694	1.35513657030682	1.34545615514897	1.33344996985899	1.33081671598652	1.32052267972006	1.30707666016779	1.28522791877943	1.27683355954615
608	Philippines	1.73912618982149	1.54218461207434	1.46011211541336	1.41814757476763	1.37808867196514	1.36331048580742	1.33781979292065	1.32035495646051	1.3028491053946	1.29224644572011	1.28830645942529	1.27481237149068	1.25547798035054	1.25483290812352	1.23482867776275	1.22201299275861
702	Singapore	0.889193899254795	0.822005328030354	0.795149038087678	0.788568322565708	0.79260151055284	0.794291160688536	0.794706547558788	0.802584443264068	0.804918600233245	0.810791162902574	0.816255201283149	0.823881635240386	0.834211478602289	0.84294161719148	0.859198821071337	0.861862789989338
764	Thailand	1.10123948316853	0.958759713441566	0.931197998982076	0.932977339756899	0.931145083001135	0.929373488841711	0.932039531448095	0.939201247052579	0.946320246671383	0.953697612917043	0.965486027464076	0.971787693506401	0.965894281011009	0.970936515101425	0.974965068116162	0.983410672052888
626	Timor-Leste	2.3013063376568	1.91800590741129	1.72324713502161	1.59615697605384	1.50568877070646	1.44672286436589	1.40407835592652	1.36611100798437	1.34520725308125	1.33612996276913	1.32610494500145	1.32914198926958	1.30869916144649	1.2891783878091	1.27859409165857	1.27582811841245
704	Viet Nam	1.73059374452563	1.56525347282761	1.48614948437737	1.44408510286548	1.41970016455788	1.39463259489417	1.36945076829639	1.35779859763397	1.33849446556431	1.32520067142694	1.32026002874738	1.3039276064596	1.30057309816047	1.28780268880867	1.27589848362739	1.26319143850046
922	Western Asia	2.387922491533	2.30245634272597	2.18379280945608	2.07593457142501	2.00251072395345	1.93658874449969	1.87332933181159	1.82361652199903	1.78440618710163	1.73683727304824	1.70678007551963	1.67807996767662	1.64989161997309	1.62460323074471	1.60320357802645	1.58962391849796
51	Armenia	1.55504169977795	1.48970787343423	1.45226453339925	1.41466518155491	1.38815513684271	1.36164122957811	1.34813943245732	1.34699607556873	1.33381837411749	1.31550541563264	1.29907785615627	1.29776638826839	1.2787423751306	1.26524343088443	1.2531086361548	1.2429194761456
31	Azerbaijan	1.5682926421368	1.45799573591289	1.4045174134911	1.36511246884275	1.3255268986037	1.29764434055058	1.28431739135897	1.26950795490944	1.27092929740318	1.25803372419942	1.24673832074373	1.23057106981551	1.22800009555941	1.21258238956833	1.19832356166847	1.18516842467369
48	Bahrain	1.65137030369372	1.45876473391648	1.37746261366175	1.33701154222762	1.30294486520533	1.26205419748884	1.26360323124042	1.25728487480889	1.24899403077157	1.24130233115422	1.22401014729632	1.21900247793253	1.21488789348611	1.20589882770188	1.20820737156772	1.20562793881058
196	Cyprus	1.28352529469544	1.12290929908514	1.08170526494316	1.07561480567507	1.06380465080561	1.06779153533359	1.06794709038109	1.06769091473941	1.07422415565481	1.0632525749034	1.06095058406879	1.06617209364643	1.07078316110027	1.06335926105294	1.05767434883468	1.05455133305775
268	Georgia	1.72285948889965	1.49860396633897	1.4223504691295	1.38492915765761	1.36876740371013	1.34634306928316	1.32392762924065	1.30932883424273	1.30018724348972	1.2911547103384	1.2831716387581	1.26690221992037	1.25887756337585	1.24486697552392	1.237489481698	1.22764085457536
368	Iraq	2.87746098541097	2.50422301385226	2.23098836294102	2.02059807882078	1.88553218352221	1.78739619057806	1.69590377629575	1.64093451668981	1.59774819339001	1.55578616908951	1.51925736882087	1.48682026778136	1.45992790673095	1.42701126805803	1.40833353669818	1.39621032389905
376	Israel	2.75448470441714	2.34588034731264	2.13954092038194	1.97870901417249	1.84732750447938	1.75836077020755	1.69823442027974	1.64755501284231	1.59464023089767	1.55305510132429	1.52424819693103	1.49384036084183	1.4664574488569	1.43892859763485	1.42531760987188	1.40540553778238
400	Jordan	2.48681047417314	2.15787533132097	1.93280033077258	1.75549740151915	1.63898440553956	1.54518892875098	1.47897499587573	1.42986883937108	1.4008365385318	1.36648902254304	1.34619132186017	1.33121477913105	1.31749715398452	1.30920674185267	1.29350487509326	1.27599793147662
414	Kuwait	1.45225458367328	1.19219009568096	1.13813433712962	1.1245166273894	1.12140587667586	1.1217785435571	1.12818733808394	1.13157738478199	1.12495461154098	1.1254538739541	1.12400754929401	1.12706942647463	1.13072003612162	1.13071415845482	1.12872471217907	1.12875213489469
422	Lebanon	1.90066891958405	1.75149454141273	1.65653103043531	1.59037641746034	1.53683542684416	1.48772806337675	1.45145280025576	1.43524862617025	1.40004953656023	1.37684282702007	1.36913214562988	1.35665279125052	1.34528236023507	1.33630862564846	1.33251773609664	1.3221183640638
512	Oman	2.3852967159495	2.07330512979773	1.82314940316957	1.67192715813244	1.56064977730522	1.48162573604427	1.43568879668453	1.41373451415892	1.38997261712156	1.36405367909677	1.36447728554834	1.3419628808072	1.31938746813981	1.30798252543465	1.29869692337965	1.29730529070356
634	Qatar	1.53902035063585	1.39973476316916	1.32399074314382	1.29009292278949	1.27341798957543	1.25917394597363	1.24350802991805	1.23038886333785	1.21382659926414	1.19738823255559	1.18683340868621	1.18530865986798	1.19726380644404	1.19373939062105	1.18241485031102	1.18449573847747
682	Saudi Arabia	2.10012978761034	1.93764797324909	1.74916594866175	1.61312711418817	1.52311516814691	1.47513151794909	1.43217923728391	1.38159762037823	1.3594566852562	1.34386151777457	1.33057728056794	1.31356455224136	1.30149975853265	1.28837364408837	1.2804034088271	1.26517172955108
275	State of Palestine	2.95465436215811	2.52919476719493	2.23018879388297	2.02246739548359	1.87162564644001	1.73842121381249	1.65630776489662	1.5829585255773	1.53268113655638	1.48101726963564	1.44410625081253	1.41088894851876	1.38683577147161	1.3619277411916	1.34729778265842	1.33159091600346
760	Syrian Arab Republic	2.19140189827601	1.95446585642311	1.7992758249439	1.6916010949332	1.60725101628858	1.53951288807104	1.48704225463324	1.46419951327729	1.43884295891752	1.4090675329023	1.39092624273038	1.38161484293153	1.36009599426653	1.34070309442279	1.31730705474572	1.30934145545168
792	Türkiye	1.53879311458053	1.41641341686569	1.36912610810355	1.34524876743742	1.3142134254	1.29997291600227	1.27726573776966	1.26537674686837	1.2458281703798	1.22744379810346	1.22375430783149	1.22583829685611	1.22415974266239	1.22336497124156	1.22337205994398	1.21610089362995
784	United Arab Emirates	1.03703998918011	0.964676245368031	0.957107145723765	0.95737419194293	0.940393223831851	0.955601481176013	0.955812915534831	0.955803315003652	0.952804625881533	0.951085817070679	0.944744296391174	0.959590119973644	0.962637558693734	0.970913310894932	0.962397326105616	0.969618919435643
887	Yemen	3.8190847004446	3.27029542069505	2.7821399326402	2.4034771076487	2.14968572567566	1.9711726879539	1.83563639684954	1.73955672897066	1.66507977177434	1.59748053453151	1.53363267732275	1.49067892993545	1.46446958510301	1.42440618422141	1.40648958445286	1.38981157128278
908	Europe	1.369	1.37178777321564	1.38448398328711	1.391893814794	1.39330163459955	1.39459338410978	1.39728800072871	1.40697419449927	1.41180111192873	1.41101002996551	1.41099070687418	1.41168653197348	1.4136948793333	1.42097353142754	1.4282977820855	1.42830933835805
923	Eastern Europe	1.33566980447105	1.32003518119162	1.3107244875999	1.30510512307314	1.29692947220802	1.29910558384538	1.30117945016095	1.3068958351287	1.30548103464231	1.30821636161903	1.3047035047935	1.31118893299552	1.31308887306243	1.3096854700594	1.31143424568678	1.31758564215103
112	Belarus	1.14348206832985	1.04646151853263	1.04297923416344	1.04358550007076	1.04600873075703	1.03701824797497	1.04742790578732	1.05955298802086	1.04496078617643	1.0451862458425	1.05263827527796	1.05959120864332	1.05220868453785	1.04705618284388	1.0492345844902	1.05703749254273
100	Bulgaria	1.64584396348562	1.58531561372242	1.52642072106044	1.48818534147613	1.45425094209499	1.43424673041593	1.41657472134052	1.40719108923742	1.38551227418451	1.38055810892377	1.37450565994225	1.36891821758825	1.36503277112106	1.36452372063002	1.35447398746813	1.34898008223288
203	Czechia	1.53544096952165	1.32686823522027	1.30753258711227	1.29553207599041	1.28421058664085	1.28341452627957	1.28129881538528	1.2756201137816	1.27483780442988	1.27664163712003	1.27626193929602	1.27645372376102	1.27169867382763	1.28034398837522	1.27642501711763	1.27599344245938
348	Hungary	1.47757237790436	1.34863682641588	1.31115143069361	1.29476042733541	1.2768368778595	1.26412763119114	1.26221351818163	1.25330766837666	1.24861269161379	1.2368627086985	1.24057051245933	1.24272492045007	1.23705670853328	1.2444040464665	1.2310575239511	1.2271941677491
616	Poland	1.25079295299905	1.15833320598089	1.1292621824576	1.10596591082991	1.08513109203203	1.07563503110535	1.06288511596039	1.05587799320482	1.05049511950209	1.04001995097787	1.02401940640957	1.02083434450018	1.02039321455129	1.0314103710501	1.02070141569774	1.02762058509683
498	Republic of Moldova	1.66407843835857	1.56229538594188	1.50842150393495	1.47068316235057	1.44666677285955	1.42124694193091	1.40199743014074	1.38671102312573	1.36962614130643	1.35116075991215	1.3411293542528	1.34333528544097	1.33511039498366	1.33042656918532	1.32817340208418	1.31441614224321
642	Romania	1.63882271172135	1.54353820848638	1.50062167217755	1.46926159261637	1.43831717835003	1.4280699639762	1.40759998769189	1.39542638921281	1.38586226210843	1.37661773634121	1.37411104444168	1.36198820395479	1.35799741649478	1.35980520647598	1.3611849162706	1.3531741962643
643	Russian Federation	1.40742680825828	1.31898407429587	1.2899534981109	1.26611394756489	1.24494559105511	1.23631660361089	1.2293013150193	1.2372753704508	1.22980984236629	1.2302339806683	1.22606873909917	1.22770123714591	1.23610086759679	1.22912490718788	1.22343229453864	1.22159926562212
703	Slovakia	1.50012536110203	1.41044335426311	1.38124920440852	1.3555773213256	1.3306289102869	1.31917581538373	1.31624797204754	1.30866287237973	1.29784370178785	1.29109748996092	1.29307814534872	1.28851188143875	1.28309066676966	1.28198132551363	1.28088450837931	1.27603996401147
804	Ukraine	0.923329551561833	0.829283177526132	0.806125180147874	0.785388444022451	0.772112817381058	0.773217153868635	0.769899311075542	0.755110480549408	0.77002104988581	0.781132304761153	0.776131811305638	0.772507695396712	0.769247916441872	0.775186049934703	0.778019338421109	0.77712048945676
924	Northern Europe	1.37931305534606	1.3294667399833	1.30080146757459	1.29150493599488	1.29119914575652	1.29289144333619	1.2977980593767	1.29360442417989	1.30327033033605	1.30441338694993	1.30290611598202	1.2988919700024	1.30607796814775	1.31936746773724	1.317605800745	1.31897974539063
208	Denmark	1.526442996758	1.37130007518775	1.33381367888297	1.31111198656086	1.3027279708703	1.2897341985908	1.28088369203632	1.27133774809245	1.26428475393159	1.25670222277549	1.25134159291538	1.24755442431621	1.26258619057668	1.2511274324296	1.25258632967552	1.2478502838224
233	Estonia	1.38353495526448	1.23873130534194	1.2212576485904	1.21334870922255	1.21041562138486	1.20319242176775	1.20351615600541	1.19767621491648	1.19308945873582	1.19382329402871	1.196133123146	1.20123862728389	1.19590504240472	1.20087995744952	1.2106754302261	1.20704225313392
234	Faroe Islands	2.13716523664967	1.88035888696847	1.76576292676284	1.68784506421678	1.62743286595403	1.58146874038571	1.55447535272891	1.52050371457004	1.47767120366751	1.46166176699688	1.43877808886472	1.413320970649	1.40318698548179	1.37335301857462	1.34943554363102	1.34456154053811
246	Finland	1.28181989191257	1.15736299456852	1.13101184205364	1.12031144921649	1.11022892784593	1.09773844091683	1.09342408908785	1.10046929643197	1.10923817696131	1.10578381460865	1.09562911614076	1.09049759400261	1.09261540864699	1.09198320303989	1.09131169783589	1.09004877616687
831	Guernsey	1.22663122950375	1.16974627171216	1.14303954868271	1.12083585781923	1.10831616765277	1.11317054252952	1.10805803290239	1.09478857172603	1.09250675288309	1.09571036527922	1.08070624859285	1.07742038957087	1.07040398100511	1.0787087792218	1.07255352703543	1.07558942245682
352	Iceland	1.5366540392252	1.24622870879582	1.18580626270699	1.16992628456356	1.15703290267159	1.15698137723201	1.13487942997164	1.12624722140533	1.12210333646608	1.11992570694104	1.11358900330754	1.11206486152873	1.1097066583541	1.12239683190183	1.11544693780249	1.10997493502254
372	Ireland	1.57721307048881	1.43087923014936	1.37196130543652	1.34443322773082	1.30944048219045	1.27775800800346	1.25801508005786	1.24003904099438	1.23709532770597	1.23379964594529	1.22573914338021	1.21802980459409	1.21447051157168	1.21478335311228	1.22001788235638	1.21148469853124
833	Isle of Man	1.39927583010927	1.25304577333197	1.21051999443454	1.20018643395038	1.20151205410942	1.18484407761096	1.17362481243241	1.17471980407343	1.16306952126418	1.16581650138524	1.1613446469426	1.15709191982234	1.15620941487022	1.15669920296151	1.16081303908283	1.16426962241938
832	Jersey	1.24187355244955	1.2094164596178	1.18785225770474	1.17061578892797	1.16900809519225	1.16146195837888	1.15345311969614	1.14689163132685	1.16080179420392	1.16248987272713	1.16758495155109	1.17139267439047	1.164935854957	1.1694802289659	1.16273896575875	1.16454422899354
428	Latvia	1.38278723367641	1.20940026913624	1.18160579438339	1.16571191330903	1.14885700407551	1.14093740936728	1.12680687449976	1.13120959393333	1.14430948039868	1.14052119383663	1.13525008246332	1.12740360666471	1.1311680293968	1.11529193051447	1.11688286112822	1.12210512852582
440	Lithuania	1.22578119685587	1.07595858048241	1.03953737376152	1.02110293257823	1.0101514990272	1.00494990738898	1.00564778603686	0.991181059406697	1.00158539850762	1.00111741237554	0.990907591956657	0.98380681306253	1.001414603032	1.0003785615758	1.00768650612159	1.01668411972128
578	Norway	1.39622318120904	1.27197876820573	1.23941075180031	1.21729498746068	1.19972548850502	1.19230397398975	1.18512843116286	1.18098640674259	1.1692215071681	1.16193327844953	1.1628986898704	1.16161419247371	1.15870527398657	1.15677874344363	1.15671281061639	1.15585934526634
752	Sweden	1.47016933643174	1.29778817717247	1.26221482879277	1.24051552836989	1.23201170150621	1.21170145192695	1.20831150453176	1.20877859188068	1.21169259268299	1.21369015528074	1.21251675161213	1.20131200365876	1.20399710716373	1.20111078017385	1.20261184118616	1.200060569452
826	United Kingdom	1.45486385379778	1.27903688411793	1.23040073904976	1.2070133644919	1.19940445962496	1.19160842224366	1.18402763499357	1.17779288853687	1.17748319738491	1.17541061990275	1.16809650803767	1.17331060841484	1.17096086882889	1.17745570143908	1.16121296333264	1.16199452716583
925	Southern Europe	1.23400338607558	1.22284049222224	1.21443169613295	1.21309052660724	1.22034803075066	1.22809212941608	1.23015505430486	1.23596428760855	1.24180125387572	1.2437173152507	1.25228607528087	1.26115396786471	1.26487360435731	1.26978194087761	1.26688718814453	1.26621720110811
8	Albania	1.23062768348213	1.0779190422245	1.04480792166029	1.05172199565733	1.05226790541921	1.04824472498761	1.04544396257967	1.04773595462332	1.0580007091245	1.05397485191899	1.05786243933863	1.05431607299732	1.04050814843696	1.04446329066779	1.03723446483646	1.04086555218375
20	Andorra	0.974308913095455	0.936157646821041	0.915457914651311	0.89599438571274	0.888613458983028	0.88286712890384	0.886895432899899	0.894969242306501	0.90056429663512	0.900113423831071	0.919845901707362	0.930295595354023	0.935652525934047	0.938209068776628	0.937570802739557	0.938314086814087
70	Bosnia and Herzegovina	1.34960559460649	1.31210821655248	1.2953653371852	1.27856292408682	1.27127439564121	1.26203325836105	1.25177877827027	1.25085400923228	1.25125729936136	1.25432032514147	1.23459597360211	1.24535318108247	1.25255833824777	1.23929225284666	1.23351848731014	1.23897430360511
191	Croatia	1.41841869761747	1.2851379226223	1.24245302439539	1.22259746125786	1.20026335986792	1.19575765193862	1.18501858503767	1.17927690605797	1.17085114206136	1.16425197389067	1.1633453211348	1.16659982789894	1.15823514843788	1.14463118582709	1.13603147818306	1.12725558516914
292	Gibraltar	1.72805649046013	1.66434085512433	1.60537878460467	1.55907286638744	1.52399310300374	1.49174018601096	1.46889320940819	1.45476577402687	1.438613930503	1.41708448369383	1.40304899905771	1.38682846095813	1.36476814487176	1.34888677134311	1.3420972911256	1.31888675514906
300	Greece	1.28352488072601	1.18153960888859	1.14839204427352	1.1291842978041	1.1136452004898	1.09245839962318	1.07849736135755	1.07355226629552	1.07376864917824	1.06381413409435	1.0663992158465	1.05440827181611	1.04589439832695	1.04942887612418	1.04456464605391	1.04286728993962
380	Italy	1.17087500480978	1.07330766277583	1.04754575613284	1.03823462928076	1.03224016492882	1.02687289635836	1.03321983293678	1.02992034806768	1.02746668958184	1.02262927317944	1.02719026547575	1.03706499467091	1.03746072408954	1.0420824655988	1.04133235226513	1.04603426887296
412	Kosovo (under UNSC res. 1244)	1.34850844289427	1.21609160993687	1.17282554591626	1.15984151604798	1.13539737841172	1.12930367705186	1.12542071160464	1.1204526305318	1.12576067274319	1.12192560449978	1.11407486005127	1.12099214586932	1.11347104704302	1.11548648155353	1.11375758105046	1.11390293818428
470	Malta	1.02084156262387	0.949052547045075	0.933235631311517	0.918464145838799	0.913069041577642	0.911196166495274	0.90182550514797	0.911083826711187	0.91248258695082	0.913768140339127	0.913043951775304	0.913970808253688	0.912066461989199	0.908157409758379	0.906587708461653	0.91048690909479
499	Montenegro	1.73904845696802	1.62024878961956	1.55982645934574	1.51079106620151	1.47687602682116	1.45118989066048	1.43183303907765	1.41284304621268	1.40286625643742	1.37719061659326	1.36249636964901	1.34653313599908	1.3376128180016	1.33411642452902	1.32689227404627	1.31923443694527
807	North Macedonia	1.3865440022452	1.25370893828848	1.23284164500866	1.20901324416184	1.19844707015581	1.18595680957684	1.17107512703091	1.1732422166402	1.16662848447917	1.16237369093971	1.15522867977003	1.14710192710875	1.14420520109899	1.12578304736248	1.1254519003134	1.12368095186486
620	Portugal	1.38012297699928	1.35830240882809	1.33312965994771	1.31585527097425	1.29214335417822	1.28843750728442	1.27689450910713	1.27043745590594	1.26239995306474	1.25520082557934	1.25276503999104	1.25038397310653	1.25390689215143	1.25520620391787	1.24493870125287	1.23490194980655
674	San Marino	1.0015226681015	0.976169389784319	0.956953985733872	0.942806332303427	0.93522619776825	0.931514414395859	0.936394257882594	0.940394201129024	0.941537401068142	0.947695952734674	0.954956976080432	0.959021662974853	0.961732117178191	0.965289919260845	0.968121742581243	0.96518384324824
688	Serbia	1.42927961493754	1.34228493725707	1.30774037519962	1.28857852134135	1.27254177734055	1.26720357276355	1.265528121218	1.25665113090332	1.25775840279909	1.24200479608131	1.24370720114288	1.23146362842648	1.22520056488565	1.21508382822895	1.20779525425099	1.19954438201469
705	Slovenia	1.53859115555065	1.43159650549324	1.38377848882501	1.34897639854945	1.32865114015101	1.30842355930524	1.29955843657633	1.28972231413774	1.28194922573674	1.2725652559335	1.26740448511607	1.27229841807031	1.26793999045371	1.25448174542583	1.26237210726111	1.25237581445923
724	Spain	1.14308860691029	1.0837476691099	1.05919351636295	1.0443352218954	1.04605865810925	1.04810437743711	1.04677013523572	1.03275881865581	1.03698382173167	1.04429397358036	1.05176185359436	1.05845012610396	1.05249679485746	1.04652870396017	1.04318328409284	1.04975137740795
926	Western Europe	1.44100222243071	1.42870904580515	1.41770966898665	1.40871541239179	1.39641407435655	1.39460283527556	1.38731061308817	1.39288181877773	1.38871943455869	1.37962668982906	1.37239609924011	1.37009960856074	1.37041326596846	1.37788941374267	1.38248313773606	1.38679542695253
40	Austria	1.3243838633892	1.19287064629813	1.16653608193987	1.15404765549776	1.13853312814648	1.12067204317064	1.11948363559824	1.12500736049892	1.12019878451336	1.1259564456057	1.12863118998448	1.13037373980413	1.12260565449832	1.12122144028181	1.11901871297809	1.12266847973535
56	Belgium	1.42192978767803	1.24961912153896	1.22272002512339	1.20024067693817	1.19379767697135	1.18791609804335	1.17853884105647	1.17112195704037	1.16666218568931	1.15547026076446	1.15380933963445	1.15361284457378	1.15392711119625	1.15548607226539	1.15679628586446	1.16330422034929
250	France	1.64713329560126	1.48191323181911	1.43861058092214	1.41101158044887	1.38512768321635	1.3631305111217	1.34101516234127	1.33131955287751	1.3168149388403	1.30641968889674	1.29522952970899	1.2857829951595	1.28202949345315	1.27972566297115	1.27040406766094	1.26184129553255
276	Germany	1.4291918933856	1.30851512382725	1.27336786218339	1.25870238642766	1.25064709506687	1.2348878984323	1.22467901885585	1.22441099961809	1.21563955463474	1.20861986397819	1.21013612364819	1.21561146639513	1.21280129588328	1.20460037923452	1.21287421436442	1.22053674596939
438	Liechtenstein	1.44787833467661	1.37456582162039	1.32422282181279	1.28677548690161	1.27189964632387	1.25129954714049	1.23200092747377	1.22807171788815	1.22052654511454	1.22258601800269	1.2213469057103	1.20536701619874	1.19159700147271	1.18527827040386	1.17529749615226	1.17122426234847
442	Luxembourg	1.31088985730998	1.25173098668037	1.21760724238632	1.20121891675161	1.19352051127598	1.18312025451012	1.17378314999102	1.16844098246261	1.16959408164764	1.17077880676117	1.16608215351949	1.15649515568498	1.14014893198299	1.1409479601332	1.13557643746539	1.12439957872565
492	Monaco	2.05869053045027	1.90314336944542	1.82423659595983	1.76007882652905	1.70050037972465	1.66224789893111	1.62489223542609	1.59071139308659	1.56584435544317	1.52550283556812	1.50531599876671	1.48544224110292	1.46253504694044	1.44343660959133	1.4257763249666	1.42220634973349
528	Netherlands	1.44767369135107	1.29167139677097	1.2602134494447	1.23461385748493	1.22244831354956	1.20691022395747	1.20108192705994	1.20578831475886	1.20132408393852	1.19142270351332	1.18870573180998	1.17732864024816	1.18009598127619	1.1836046914496	1.18558145193158	1.18803964801226
756	Switzerland	1.39550992480903	1.29752883421774	1.26704038677869	1.24792388539305	1.23942625276997	1.22885888240467	1.22473759759126	1.21337024993388	1.21011062655285	1.21084013443483	1.2037427935152	1.20062806860558	1.19964794590667	1.19762497730446	1.18891236757126	1.18031821756264
5505	Americas	1.66397343682477	1.61858159851994	1.58116151380537	1.56368468345715	1.54518588206001	1.52859889484563	1.52300000019777	1.51970635038969	1.51649791518419	1.51380691030746	1.51009844908653	1.51169287483438	1.50959532988571	1.50870749968785	1.50810984206999	1.50669383600514
904	Latin America and the Caribbean	1.7049597900992	1.64694553521252	1.59824827042214	1.57137549775736	1.54838835124455	1.53240025914005	1.52410150578913	1.51951919716116	1.50930649797188	1.5010184412118	1.5030102855524	1.5002990318174	1.49810205403707	1.49691404185755	1.49002095910892	1.48610754965258
915	Caribbean	1.81398371701319	1.74431864190468	1.68197701998594	1.64159698455934	1.61331228333173	1.58732332693321	1.56514047521194	1.55361678769952	1.53883477762379	1.53100005474816	1.52132394217504	1.51071892750338	1.5005243849027	1.49054252916665	1.48155934646519	1.47196421697156
660	Anguilla	1.14304876269721	1.03475595613261	1.01532082643161	1.01477337899899	1.01732747764869	1.0181899530698	1.0234684585221	1.0213136175488	1.03349234875854	1.03873355963117	1.03619859760235	1.03689870383803	1.03914681674288	1.04221936471489	1.04052244675955	1.03081690864105
28	Antigua and Barbuda	1.42903851754104	1.30798105336168	1.26519569172779	1.24066746553771	1.22659908236785	1.2191728600939	1.20800795915509	1.20624125122846	1.19843157587314	1.19751704867245	1.19451517555956	1.18553103067093	1.1743305978898	1.16837325901947	1.16114292623608	1.158413826216
533	Aruba	1.43159033214981	1.36179774583452	1.32387046851609	1.30837636096508	1.30160907778884	1.277811315478	1.26032995687719	1.25103940918287	1.23991014206832	1.23787884521974	1.23371009317909	1.22941637862871	1.22517939713199	1.2295744922815	1.21083981784708	1.20481086154384
44	Bahamas	1.15577054659846	1.05612047319121	1.0270032115023	1.02568843155889	1.02626496134288	1.02993398030332	1.02387133548621	1.02746830117944	1.03021205264556	1.03366210605186	1.03403186479336	1.03796425591719	1.03417272599197	1.04389707836715	1.04431920402992	1.05307438441641
52	Barbados	1.50620015142036	1.47264866824849	1.44869881327477	1.42178803109203	1.4006039516167	1.38213847779945	1.35409493250554	1.34213737615601	1.33035011435358	1.32470909701834	1.31969942171499	1.31311395752485	1.29908866835763	1.30083414203037	1.29820148685457	1.29388995598239
535	Bonaire, Sint Eustatius and Saba	1.44081253093916	1.2141818937044	1.1668344783989	1.14319008803391	1.13560126882673	1.1306784576683	1.1283741217299	1.12482342884637	1.11549284729499	1.11816215956693	1.11491961832973	1.12008868182419	1.12074754662207	1.11561346393293	1.11997703921157	1.12279931489998
92	British Virgin Islands	0.885392145922111	0.877762246769573	0.871273470846966	0.86848955171773	0.873203746040328	0.867601277035506	0.867110650658658	0.87712601913077	0.879558058925477	0.892168863622702	0.909192487326992	0.911781131915255	0.907564794701043	0.91717769761606	0.931561095906033	0.936503894355098
136	Cayman Islands	1.35002202301103	1.2006459428643	1.16680110159431	1.15371746897257	1.1433810680318	1.13947666262993	1.14424723971611	1.13569787710492	1.12937190803744	1.13003794474774	1.13002419457309	1.13322345910249	1.13641242086222	1.13205655382453	1.12669722491208	1.12621177734975
192	Cuba	1.36065152393479	1.29420689251018	1.26383243535752	1.24545918050136	1.2298337416213	1.2212438902975	1.20709791887863	1.19846218394047	1.19431562952054	1.18207521703694	1.18641043967795	1.19441745111424	1.18521916501465	1.18948587046469	1.19510213774437	1.1916832703512
531	Curaçao	0.91542003806962	0.826498846914123	0.815284988799552	0.823870225002522	0.830304019411059	0.833469992435685	0.841375493592009	0.854775477111479	0.850713974058311	0.851955382073841	0.86252505928389	0.867715257294263	0.876797751585493	0.87643445520831	0.884921087161091	0.883431297240606
212	Dominica	1.20634207507805	1.10723243301787	1.07303117027252	1.09357360321945	1.09739611722437	1.09946621125642	1.09902809307058	1.09109114694999	1.09398320072191	1.09676971956135	1.09453286118208	1.08471300409789	1.08131055245899	1.07538411194677	1.07081456140922	1.06961367078878
214	Dominican Republic	2.02493620918677	1.78933349596416	1.65378641446782	1.55842463070673	1.50117605735614	1.45379066491352	1.42561069882294	1.4028280074402	1.38393496620704	1.36337996365783	1.34984198314605	1.33153042664058	1.32445094208705	1.30982335373179	1.30437695100948	1.30350435818842
308	Grenada	1.28923667849692	1.14068177046399	1.09597169853687	1.08750835689199	1.09305857022223	1.10053392132467	1.10074329261385	1.09960802614133	1.10683721639388	1.11086250510538	1.1120895532675	1.10923277282193	1.10384438602176	1.10951980877259	1.10841094966035	1.11152036548656
312	Guadeloupe	1.92033863078443	1.72471140972622	1.63552769470267	1.58905081681343	1.54767837386426	1.51632681001986	1.48285836952288	1.46503564691779	1.44785654490702	1.42011491232517	1.41131097014775	1.40204239102351	1.38367937956814	1.37061161488693	1.3548358238693	1.341324836064
332	Haiti	2.29680976305302	2.02591686956017	1.8499958595245	1.73265028440561	1.64443289340771	1.57199826347935	1.51665188007887	1.47529754193869	1.4473185605722	1.41864854782271	1.39633789171293	1.37702832831836	1.36662871903819	1.3498066893919	1.34089563686637	1.33135058527763
388	Jamaica	1.14750146966821	1.03337998785349	1.00316687827969	1.00774037475512	1.01158058821329	1.01761723375011	1.01846767386335	1.02808461199847	1.04612650845664	1.03909165705375	1.0412596298412	1.03525587975609	1.04547526033343	1.05214608297162	1.05608705609994	1.04165539257133
474	Martinique	1.85246403726929	1.67479292491883	1.60242958771398	1.55529229699924	1.51911804722124	1.48959267759679	1.45620187954106	1.43340007518911	1.41501163011219	1.40031674868661	1.38065500689849	1.36791311555319	1.35355771120376	1.34690342818851	1.32766755625998	1.31323108935793
500	Montserrat	1.51306711318278	1.27435831782283	1.24495708256554	1.22915216320788	1.21091818181818	1.19768846964183	1.18396922592165	1.18152885720855	1.17364370455415	1.17001516600629	1.16317506404782	1.15982427155302	1.15390755208333	1.1539332530535	1.13722765414082	1.14197082228117
630	Puerto Rico	0.87977908915019	0.760016693143419	0.744654875703661	0.75116049733675	0.750777881213321	0.755253863438083	0.759713593927699	0.774321734396828	0.793618310795351	0.79673875468295	0.810148096331178	0.815277795465913	0.827459845736095	0.830988689996288	0.839688033966787	0.85161395139166
652	Saint Barthélemy	0.662661746004468	0.659753265800335	0.665285138248848	0.675758617992687	0.687164202484925	0.706504835272906	0.717206867371012	0.722688613805549	0.734668428580312	0.751758033240997	0.76188489046995	0.772976771100273	0.788913285057157	0.803957513261613	0.812497265294615	0.829256054474208
659	Saint Kitts and Nevis	1.16639162809832	1.10079416901787	1.07012189960365	1.07013683520008	1.0761847770854	1.08606089650384	1.0850258133907	1.09425120011025	1.10547295844803	1.10389487273319	1.10139232328501	1.09895717579731	1.10861865897762	1.10591760088597	1.11987063372145	1.12817265550063
662	Saint Lucia	1.0991645000539	1.01068213421017	0.985491334107284	1.00195743873522	1.00296181472978	1.01088928943251	1.01659981173652	1.02305398681598	1.01021206661687	1.01275873425966	1.00680991374632	1.00694404252623	1.00748971464807	1.01726433391739	1.02562537954529	1.03973208155392
663	Saint Martin (French part)	2.54653040948457	2.1886221470759	1.98859348928141	1.8389659220086	1.73980856437232	1.65798219982658	1.60413360852853	1.55087535429584	1.50991209720021	1.49346722173795	1.46294264205055	1.44039179024285	1.42437822749477	1.41054032773978	1.38834105894106	1.36551843215083
670	Saint Vincent and the Grenadines	1.61200729988624	1.43643426654897	1.3643302852628	1.34638058361686	1.32817165120213	1.29656918579382	1.27849651042642	1.26493594089966	1.2697745077831	1.24714046837382	1.25078758097391	1.24740280732335	1.23016220026342	1.22640693702904	1.22413598103457	1.22019459887189
534	Sint Maarten (Dutch part)	1.21691709096436	1.09867711364959	1.06643875863457	1.06761984919937	1.05976599430764	1.05757551162135	1.06494695251897	1.07006741918526	1.05694028603491	1.04086801799884	1.05597343191121	1.05724867611432	1.04904315907725	1.04600033225602	1.05114387338881	1.05799852728933
780	Trinidad and Tobago	1.20687161200967	1.12876191458574	1.11279096923586	1.12016248699164	1.11637767575535	1.10894663340464	1.0989706431072	1.10386148853355	1.10290593544215	1.11990500920308	1.11686041669014	1.1090504514941	1.10546841531714	1.10872267043089	1.10812931333916	1.11530798315907
796	Turks and Caicos Islands	1.28105670992735	1.13591284782647	1.09440302422608	1.09783635346701	1.08465754373809	1.08563599134928	1.06045842514287	1.06330664823026	1.06436377958526	1.07375414448515	1.07408926987549	1.07293654627862	1.06742340104675	1.07641111329533	1.08123589289666	1.07491980300359
850	United States Virgin Islands	1.78021667850531	1.6401932874042	1.5700064328557	1.52143084316624	1.47887080706386	1.454432993098	1.42686847207892	1.39609459475266	1.37390985550709	1.36662196021206	1.34869610373374	1.33649119059815	1.33379883737083	1.3313104362497	1.32453698815808	1.30570361330521
916	Central America	1.77025611263264	1.66480458600159	1.57645849701334	1.53675529130075	1.50126962770243	1.46939284827517	1.46269906415953	1.45541134016307	1.450686628913	1.44421941713843	1.43224392069788	1.42041732790249	1.42671590452547	1.42487903219446	1.41458644284202	1.40820683852598
84	Belize	1.8464598523627	1.70200591118538	1.56057590215257	1.47551438121303	1.43156482807682	1.39839269541472	1.37250677954498	1.34603438589948	1.33060509144369	1.3201819887297	1.309123232332	1.29627958685149	1.28996479004516	1.2796241242929	1.27098183193	1.26315283835158
188	Costa Rica	1.24272452879717	1.07152681682291	1.03759642590994	1.03680462885335	1.03349702632917	1.02342634692409	1.02339041246244	1.02982112003323	1.01819210874192	1.01675930985954	1.02946332387001	1.04129610317376	1.03223349830061	1.02793472099727	1.03219142297467	1.03601804208304
222	El Salvador	1.50614465720554	1.37827769587036	1.31345594838943	1.28874897672276	1.27780746489339	1.26289476649408	1.24606457210876	1.24475545141808	1.23641405316953	1.23735443452994	1.22698442594328	1.21159780600581	1.20690598062411	1.18647502744944	1.18704361729541	1.18266761749011
320	Guatemala	2.12561448386273	1.82046033426691	1.66046596546548	1.56375070662757	1.48991739599297	1.45171342744286	1.4186359562008	1.38057928694347	1.34659939514829	1.33362048600833	1.31711055151195	1.30913972555799	1.29492795253286	1.29353466356441	1.2798309166538	1.25842834780135
340	Honduras	1.97853361297765	1.82453645694351	1.71829924432365	1.62708843888448	1.56241340084261	1.50091547039525	1.45312837827498	1.41876878082352	1.41520002851378	1.39450331833679	1.37882054252156	1.36300298276842	1.35222530537147	1.34308565337009	1.32771621815424	1.32453912202002
484	Mexico	1.70156918658084	1.49379732257593	1.39900588120667	1.36929070952807	1.33858688354509	1.31250881846719	1.30520828928114	1.29213259037948	1.2815999732652	1.27283396895148	1.26786785594289	1.26246397846127	1.25493555127163	1.25131112561661	1.23907964755999	1.22513245524463
558	Nicaragua	1.84580156602375	1.69152174326576	1.58637885731503	1.51364042376867	1.46482640502491	1.42696232092378	1.38789136407012	1.37221142043133	1.35074013304491	1.33983407200413	1.31196950308961	1.29733451936498	1.29526883285142	1.2967894136166	1.28251248587621	1.28018176231837
591	Panama	1.97406352753742	1.75312219835068	1.6364308799514	1.56996723573917	1.52371730984108	1.48243004507129	1.4494736656571	1.41299275754508	1.39100572973519	1.37513038361704	1.35061303632461	1.33972764378705	1.32455622941001	1.30790486500153	1.29971017190182	1.3044009624044
931	South America	1.59562867052778	1.53548193652912	1.4929728622714	1.47829725058578	1.46599885945264	1.45421130985203	1.44090877326235	1.43951295398716	1.43560624241404	1.42900781814627	1.42849810138171	1.43309398739327	1.43508036761822	1.4307090689096	1.4309926268139	1.42690768024198
32	Argentina	1.45129105017071	1.34415777528987	1.30258180179218	1.26239734249754	1.23401192309719	1.21979543302583	1.20763769002773	1.20109562227201	1.19798956293494	1.18216507267246	1.17312718102465	1.16591680434923	1.16499920760195	1.16454083686722	1.15517207457411	1.15011358829668
68	Bolivia (Plurinational State of)	2.16521639954072	1.9581358108036	1.81176881255513	1.71143038529168	1.62721759543785	1.56950882006382	1.52665466719725	1.48507873871845	1.46729738022074	1.44501405728525	1.42293190140571	1.39502551918476	1.37950381092605	1.37236554944063	1.34840777838071	1.3356753048457
76	Brazil	1.51531390343233	1.34341650256411	1.28549914612779	1.26261144158663	1.24163366998285	1.22064425123091	1.20553709629957	1.19291810105709	1.19094838096975	1.18857565975589	1.17794644096889	1.17326297033027	1.16857218882126	1.16975127083286	1.15696160008155	1.14675124322871
152	Chile	1.08411196877841	0.887976621056524	0.850002382084631	0.85717293173319	0.85980895217885	0.868943820892732	0.874703632893307	0.875326137892668	0.888881735340172	0.893157689310614	0.896858822579728	0.902371774253523	0.906184241684965	0.914117475406686	0.911516808806487	0.927386319960524
170	Colombia	1.46407150810067	1.30285880679759	1.23726351641552	1.21930180206199	1.20789413162387	1.21488931951548	1.20380198117825	1.19434677784793	1.18601733978135	1.17686113401485	1.16629824960556	1.16163612253347	1.15986491542588	1.15552427673506	1.15927293131716	1.15591656726722
218	Ecuador	1.66464305683867	1.46578169765699	1.39196160795521	1.34994686033663	1.32075978579745	1.30399614164704	1.29520492378457	1.27641440138418	1.26043212847633	1.23946064019842	1.22362591934937	1.21648827839148	1.22575432972052	1.22475836873506	1.22696994549536	1.22751985241094
238	Falkland Islands (Malvinas)	1.50296258764086	1.46623010207092	1.43603590332249	1.41606295365717	1.38519995413896	1.35575592295892	1.3358416220352	1.32162964563526	1.30245495271279	1.29033719056687	1.27548097826087	1.27087881188119	1.26971879255561	1.24678367875648	1.24974839400428	1.24852802690583
254	French Guiana	3.24040092679031	2.78241342230813	2.52386036914086	2.31827067018632	2.1347460254719	2.00751967515811	1.91114281603424	1.81308580375624	1.74260155378529	1.69404294907603	1.64586060098045	1.60253228480539	1.57089197505998	1.54884721238975	1.51731982611242	1.48883558033698
328	Guyana	2.10831868091121	1.90566911542507	1.75955118691319	1.66577400754559	1.60567953620518	1.54995457679729	1.50887096127014	1.4729761349722	1.43270075899097	1.40504347338629	1.39371768305776	1.38583840789296	1.37550616092412	1.37062955688756	1.35585524570889	1.34878791407965
600	Paraguay	2.0726176842404	1.89751867394971	1.76979027620392	1.67282301842731	1.59923984774095	1.54936083620023	1.5120938224908	1.47220671614547	1.44433136023859	1.41736329629519	1.39161022636115	1.37672273476982	1.35994441901759	1.34266207458373	1.33368733213005	1.33272457051282
604	Peru	1.8259933438523	1.61392271637647	1.50537620567909	1.4404617347623	1.39819130055367	1.36140224133507	1.34460949553139	1.32824137205038	1.29303257353871	1.28442918301551	1.27870647801982	1.27435728831313	1.2673728202183	1.26287571740127	1.25234075823418	1.25113161248844
740	Suriname	2.09882837532633	1.8368610615476	1.70238779814033	1.60671144128265	1.53871322798755	1.49483223832014	1.4546734617708	1.42876503866487	1.40027585194004	1.37497779224058	1.3702650118534	1.35941659695391	1.34485160892881	1.33035399445448	1.32610813546671	1.31429135860827
858	Uruguay	1.32257096700454	1.14388046429	1.10923174710329	1.09443310179666	1.07975559879908	1.07500271994057	1.07103172020928	1.0598700884826	1.05696693767013	1.0435330368559	1.03972938752701	1.04053633568466	1.0347677608369	1.04074996949735	1.0485879307518	1.0474104444322
862	Venezuela (Bolivarian Republic of)	1.84297719970688	1.67448969799147	1.57708616313857	1.51485306904275	1.47519276226093	1.42781888016963	1.39606933511021	1.3802325304268	1.36648371814575	1.34995146941011	1.3442126162308	1.33726454573232	1.31866983271441	1.30748584852328	1.29701257840427	1.28281732595034
905	Northern America	1.50031000779461	1.45200432776928	1.40716190892308	1.3792881537179	1.36649803718047	1.3478068064035	1.33390281023723	1.32330519465693	1.31849947689523	1.3044109328154	1.29650668354887	1.2939942526075	1.28300697862903	1.28329917451839	1.28430083588859	1.28691404877896
60	Bermuda	1.32871296998986	1.24873393194561	1.21328337604233	1.18582200580398	1.16888298033044	1.15402975339528	1.14239775183917	1.13052972190185	1.13216660129947	1.12894181428416	1.12074776743896	1.12004717748192	1.10897333005088	1.10640899806134	1.10698699118418	1.11111964228453
124	Canada	1.30747638334807	1.10711006181218	1.06336307196896	1.05449042753636	1.04710018131744	1.04399924227315	1.04970135393755	1.04839810826895	1.06378721484808	1.05871906514522	1.05939336015388	1.04209732795806	1.04827144959066	1.04871807412991	1.05219641147099	1.0510196096229
304	Greenland	1.72054720715646	1.55693856495111	1.49386178472039	1.46632312077865	1.4461482976292	1.43751284911345	1.42527305137921	1.39976896613181	1.38341259263086	1.37441538329386	1.35907484970206	1.33951840968146	1.32815435520538	1.31957471707603	1.31103077505203	1.30157708192608
666	Saint Pierre and Miquelon	1.11922014841075	1.06430057975323	1.04824533888133	1.04296610896611	1.04189230981637	1.03252697302697	1.02242024590616	1.00074463877387	1.00207875611461	1.01234240327147	1.0108022897402	1.00007282031096	1.01053266111355	1.00305252870755	1.01126802721088	1.01254369376239
840	United States of America	1.57917424031403	1.46770651985484	1.41636709921281	1.3845915717669	1.37200148723844	1.34971239647532	1.33090708914654	1.31491549661869	1.3090999978865	1.29090706625425	1.28691949940459	1.28239564828576	1.26942890727948	1.26609636124736	1.26211950423469	1.26052099895292
909	Oceania	1.96462632283306	1.9101390588409	1.83141970837299	1.77990879452969	1.73530686425691	1.69355361579767	1.65926915923361	1.62988554573279	1.60058006222283	1.57489737029928	1.54912610540135	1.52599852950694	1.51530384351297	1.50910664363073	1.49071391635334	1.47331247232765
927	Australia/New Zealand	1.55097567041962	1.51122027014735	1.47845052534278	1.44558828153933	1.42287930066702	1.40079743963029	1.38069906874095	1.36931723884063	1.35270067364161	1.34870491247402	1.32851429977386	1.32481663135065	1.31532536785761	1.31059625440847	1.31230109342282	1.30779958069072
36	Australia	1.57960867485893	1.49428931921638	1.45365401172445	1.41867448036931	1.38577536713786	1.36049584399852	1.34659991672402	1.32781336209498	1.31091554348599	1.30930268636864	1.28264243370481	1.27910342142403	1.27332178637159	1.26918724831586	1.26799656180086	1.2645997806278
554	New Zealand	1.58231439516996	1.40631235639149	1.3445176802764	1.31733437586058	1.29913406962533	1.28322304649792	1.27841345532791	1.26487287399153	1.25364741604235	1.23818784723332	1.23902878488531	1.22853139505593	1.21414056822592	1.20798569382459	1.21510349310686	1.20551941878725
928	Melanesia	2.51780906438602	2.36152432254043	2.17984223070988	2.04658706664361	1.93950514674728	1.8781600556137	1.81724662928398	1.78448551913193	1.74790166348081	1.70831760896552	1.66201000478219	1.62311302115629	1.59762523890854	1.57755603382871	1.55474617374443	1.53594799766497
242	Fiji	2.0050158585595	1.80845061826865	1.68662148646426	1.60527554650528	1.5466903020001	1.49313520458498	1.44798627582994	1.43487432019712	1.41912702457681	1.39029889867703	1.36693580779484	1.35710773280473	1.34544111732758	1.33879692421637	1.33337614243496	1.32137285169547
540	New Caledonia	1.83206627957407	1.62505338800764	1.5384619083087	1.48196152712646	1.43855761002083	1.40817100923932	1.38807563918889	1.35770851453952	1.347131938845	1.32045053859838	1.31730539209003	1.30529830463903	1.29405552477948	1.28654197876493	1.28834249930039	1.26964481216743
598	Papua New Guinea	2.57421685374398	2.25719072766005	2.06488970000573	1.92549726570544	1.80137915432061	1.71995432318514	1.64474104861822	1.59677769143564	1.55621138329435	1.51992128528043	1.48735015184028	1.45732436943184	1.43864502786191	1.42323533867326	1.39955796930381	1.38216755994866
90	Solomon Islands	3.27471778789192	2.8513950096557	2.56205027679247	2.32438721526288	2.11044190864601	1.96373831803319	1.84011658375515	1.75290406369164	1.67823024453038	1.61839069271507	1.57569985525552	1.53670586596309	1.50161210005198	1.46553404277274	1.43907056600273	1.41801945088898
548	Vanuatu	3.16971307949393	2.83926783250622	2.57056849630798	2.36401416021817	2.18266602254792	2.0376829649891	1.92566803761087	1.83424068252977	1.76514708529203	1.69551601848012	1.65005508940992	1.6017765987808	1.56637374155004	1.53342351728242	1.50331363477233	1.47809276163351
954	Micronesia	2.60667273290256	2.4844123470203	2.33319378494228	2.20139275915819	2.08431429615817	1.98852756114381	1.9222268719458	1.85956340764692	1.81009270282204	1.75871686900581	1.72026263528351	1.68793529366974	1.660418257827	1.62859404337208	1.60952639457116	1.59367661450047
316	Guam	2.51108747424759	2.21519062588556	2.0226148781269	1.89511707709362	1.79178655455881	1.71710588278906	1.65483763061043	1.59829861602779	1.56022822553169	1.52662723190436	1.4941763877203	1.46715620734964	1.45119825566969	1.42932821335134	1.40325816185595	1.402547454565
296	Kiribati	2.80972867464539	2.53167456618614	2.29875220841902	2.11850598399771	1.99081385575113	1.87491017685511	1.79489167792754	1.72139521321897	1.66748030459591	1.60968552231599	1.56312559373797	1.51902935621223	1.49454250483412	1.46319265923706	1.44411767354358	1.42383020946619
584	Marshall Islands	2.46964606077029	2.1844858602891	1.95002621722846	1.78816315327781	1.67326773947284	1.58618149412375	1.52387246094868	1.46056588692528	1.41938796247032	1.3926060899843	1.37354976160818	1.35408377825236	1.34633434206564	1.33823858584	1.3206390395534	1.31099632727685
583	Micronesia (Fed. States of)	2.2598462151931	2.06147740391709	1.9215387532198	1.78952740593292	1.68927667371001	1.61246885698259	1.55537568563723	1.51068214270051	1.48190741614574	1.43910404769244	1.41515795511948	1.38725845333132	1.36718363949542	1.35301883469426	1.3384160263107	1.3278111174907
520	Nauru	3.13107056650034	2.73462606617711	2.46717351268394	2.26620663827287	2.09620772680488	1.95589994101165	1.86064393981976	1.76874628441952	1.69678018286623	1.64067673961785	1.60257122919153	1.55755073722522	1.52248355481372	1.50383672054426	1.47988495746326	1.46127445548742
580	Northern Mariana Islands	2.02710034985082	1.81756357511682	1.68702385041448	1.61311922065606	1.5522058430766	1.5211721440077	1.49031626206318	1.47317553305132	1.45388943572201	1.43255017802738	1.41858334607154	1.3934436677545	1.37466689290941	1.36307882232974	1.35344385457648	1.34016961812426
585	Palau	1.71812029623454	1.50730706990656	1.43124054105962	1.39341936441055	1.35994250080985	1.35408418417174	1.32440251216034	1.30655110022348	1.30662517780939	1.29280020080321	1.29531662837032	1.29701474358974	1.29556152704429	1.27969523159212	1.26594251968504	1.26901045062748
957	Polynesia	2.3360194493791	2.23855381993918	2.14406238452329	2.08384748370719	2.04134490416347	1.98013836714603	1.89740327872247	1.83029224274823	1.79296572468686	1.7534937359264	1.73161839168723	1.70218070128267	1.67586861681709	1.65196838091871	1.62440115780311	1.59484322404538
16	American Samoa	2.03302311176812	1.81445176740613	1.68035044093631	1.59089804344149	1.5308974107737	1.48434115239561	1.44445155207285	1.41334720114174	1.39380478821363	1.36660913505311	1.35165644712745	1.33080813860221	1.31830236023039	1.31048813734159	1.29569690391656	1.29691208529939
184	Cook Islands	1.8565163433467	1.63688898443546	1.52203308635667	1.46087743000826	1.42292398438629	1.38997495693653	1.36167183035043	1.33867750228045	1.32825050136737	1.31346768893757	1.30107883315937	1.28581196183384	1.27153833893095	1.27239064089522	1.25860544217687	1.25469607567142
258	French Polynesia	1.40962021233865	1.22178188176495	1.18053273605677	1.16273426967346	1.15036755208902	1.13866138397049	1.11498676475892	1.10366615178353	1.10203715551088	1.09876682903099	1.10311938625408	1.10896049734002	1.10139113042408	1.10259061007144	1.10349262224387	1.09265531614868
570	Niue	2.27748395508488	2.03641169928826	1.85428183934808	1.7279570719603	1.63892968852674	1.56810633419318	1.50469827176153	1.44926104559057	1.41492564200843	1.39949918367347	1.38048510987883	1.35851883526777	1.34263258232236	1.32632777777778	1.3185142801252	1.30681571709234
882	Samoa	3.43316608266118	3.08136158281439	2.81204699539058	2.54394474938036	2.32350131079643	2.15053034332809	2.00639994132935	1.89305079049098	1.81105040209304	1.71871235426551	1.66598887790626	1.60864529902815	1.56209208660936	1.52283766759663	1.48489508528476	1.4536408981686
772	Tokelau	2.22813679225514	2.00896535796767	1.84930395852969	1.74933479710499	1.66627382663848	1.60489309167323	1.56233769322235	1.52522952079132	1.48872128811627	1.45338195575137	1.4235280511811	1.40433455228306	1.39149989812551	1.37624140100671	1.35320163987485	1.34523020625416
776	Tonga	2.78268460703563	2.46340353050069	2.22871141572149	2.05908107815269	1.93256849553128	1.83180090521819	1.73907240499112	1.64982319316744	1.60000011472183	1.54480118688638	1.51063284718035	1.47290420830711	1.45314059642916	1.43751760844294	1.42235554327221	1.40687640176765
798	Tuvalu	2.91849732321297	2.61077125237192	2.36110713606606	2.17208687311592	2.02860596897186	1.91496873708855	1.80503239039703	1.74300210328639	1.68671286743235	1.62695838546922	1.58449344942632	1.55342674230146	1.52810464684781	1.49896619138022	1.46604567896279	1.43884109622711
876	Wallis and Futuna Islands	1.3327600457793	1.15340132406243	1.12494190801753	1.11713692936259	1.11259035442971	1.10506596345715	1.10260285513691	1.09727556260384	1.08623667671115	1.09224980252765	1.09348443140794	1.08643772870662	1.083294684363	1.08208568246676	1.08183632303684	1.08179829814056
