country_code	country	2020-2025	2025-2030	2030-2035	2035-2040	2040-2045	2045-2050	2050-2055	2055-2060	2060-2065	2065-2070	2070-2075	2075-2080	2080-2085	2085-2090	2090-2095	2095-2100
900	World	2.34332418223726	2.51432673885969	2.60610041722169	2.640785578465	2.62196828134416	2.6005262879101	2.56798741940132	2.52823488647951	2.4912342381326	2.46109467733348	2.436985601993	2.41627446847596	2.39528052623627	2.37271198263518	2.35007174761393	2.33027360493957
1834	Sub-Saharan Africa	4.42828578939764	4.30230130402458	4.10961702361225	3.88914132023932	3.64884335905871	3.44985968846697	3.28494285294065	3.14660306252386	3.0293236470206	2.92728867929844	2.83925744800136	2.76181715918397	2.69630534885744	2.63982149275149	2.58970970172558	2.54621433868628
1833	Northern Africa and Western Asia	2.81942257121458	2.92300021793487	2.93952305474277	2.90681811308298	2.83081052754751	2.75554770612014	2.69105623836693	2.63729895900133	2.58690168475315	2.54231700578663	2.50318187838173	2.46984729929942	2.43961730508908	2.4105797524963	2.38382385965083	2.35970797928947
1831	Central and Southern Asia	2.34088415469217	2.46593210073356	2.53343700014063	2.55284717234037	2.51420073010654	2.4789568057183	2.44712946811743	2.42208392626924	2.39710515390159	2.37522482239869	2.35349638661241	2.33429967391108	2.31835730570264	2.30680550048927	2.29560070359448	2.28298904736309
1832	Eastern and South-Eastern Asia	1.44886474387769	1.65250439062907	1.80956372637926	1.89888302440732	1.92429724184647	1.95877735812329	1.97679960717891	1.97754090486219	1.97851230170973	1.98499169014994	1.99730909213305	2.01590513973947	2.03193583871326	2.03584855217056	2.032335804795	2.03100319933323
1830	Latin America and the Caribbean	1.89617956260419	2.05654332346908	2.16103178382701	2.21338565653477	2.19939624426707	2.18781360107253	2.18045121830883	2.17261828414228	2.16589266788209	2.16236718629739	2.16238969187127	2.16216769366404	2.15777120908762	2.15227169713832	2.14939566616502	2.14812077897932
1835	Oceania (excluding Australia and New Zealand)	3.13435636367215	3.17187037537013	3.15920475323568	3.10325605485731	2.99562551186773	2.90332509722263	2.81985284957409	2.747816008766	2.68405379838896	2.62918006011094	2.57698925391827	2.53488125319179	2.49922149755068	2.46866012457017	2.43513611784276	2.40608190292167
1836	Australia/New Zealand	1.7157284432154	1.9370471797184	2.06944896190304	2.13564003030231	2.13283693306621	2.13279752269311	2.13341578925042	2.13221473650544	2.13087855119686	2.13043713042864	2.13138163219629	2.13136847619843	2.13272073773821	2.13313394035967	2.13411468571632	2.13301708839737
1829	Europe and Northern America	1.56604174260199	1.78345125790694	1.94240965303226	2.02778112581224	2.03256509304183	2.0367050203658	2.04859908750779	2.0608416932849	2.06830590461435	2.07255293769257	2.07598955977839	2.08070762187733	2.08504781039553	2.090890081885	2.09616443431934	2.0991283937932
5502	Europe, Northern America, Australia, and New Zealand	1.57036564818217	1.78841969651776	1.9465199507953	2.03115188224771	2.03579089446486	2.0399374466642	2.05169703531686	2.06355457789946	2.07059525629946	2.07463972369395	2.07808065469767	2.08274395944217	2.08705051926445	2.09269324765363	2.09776370264771	2.10052753629224
901	More developed regions	1.54924269320326	1.76768092959194	1.9276976201583	2.01458456918074	2.02111093966539	2.02666058845507	2.03857155405573	2.05018874827716	2.05781153963656	2.0631656025293	2.06823315597433	2.07408130546835	2.07902951147391	2.08468329028738	2.08943342371253	2.09210394069177
902	Less developed regions	2.45376714293334	2.61534677304066	2.69686578249598	2.71973534312439	2.69279277609049	2.6665018088878	2.62860787479912	2.58336456810449	2.54183027278621	2.50704388442631	2.47759504134504	2.45213656417541	2.42830624234071	2.40407429911653	2.37978074367581	2.35774578402836
941	Least developed countries	4.03318263291044	3.99165406741759	3.87468591049471	3.71587522762202	3.52885162126776	3.37183440527947	3.23320751201557	3.11122487064941	3.00360357428146	2.91003888663632	2.82839195341413	2.75538516466668	2.69261082156747	2.63720951416038	2.58780104260247	2.54530024692447
934	Less developed regions, excluding least developed countries	2.11489062446859	2.2876082696572	2.3868174997539	2.42392760112418	2.41290758599893	2.41137206702641	2.39699225391809	2.36825394356607	2.3399408108855	2.31932139813606	2.30586716441811	2.29846226704634	2.29078809879465	2.27894822588999	2.26385393649197	2.24965712781566
948	Less developed regions, excluding China	2.73615303714848	2.85492205596529	2.90063687243811	2.89400444430377	2.83115387868283	2.76972382343945	2.71205011394794	2.66069996548959	2.61434882838635	2.57243919720445	2.53268333598129	2.49612726400252	2.46472724628969	2.4375590662694	2.41252419099693	2.3889875780304
1636	Land-locked Developing Countries (LLDC)	3.96244855982944	3.88594735661995	3.75546094822868	3.59824966794446	3.41296822044568	3.25338340214918	3.11052084164461	2.99024661668736	2.88621904205125	2.798405736801	2.72456314568939	2.65823935956527	2.59989880144362	2.54881193381851	2.5061160694479	2.47038219084768
2087	LLDC: Africa	4.47073135563605	4.27368398013495	4.04570773260521	3.81015861578307	3.57155929711912	3.3749411722756	3.20666288764551	3.06430462073658	2.94479038862843	2.84576763671164	2.76304535608045	2.68897719013951	2.62465182198036	2.56988199223849	2.52493616200574	2.48579347597678
2088	LLDC: Asia	3.18104561585679	3.23623694297958	3.22403618178391	3.17568138741161	3.07535080391995	2.98158494816114	2.88751828911724	2.81599881686343	2.74708979134301	2.68560269288031	2.63082081395419	2.58126890320159	2.53623851921498	2.49413251399692	2.45734844675759	2.43131156789596
2089	LLDC: Europe	1.72316895277409	1.93070380180046	2.06630370459388	2.12323829946693	2.12773295062413	2.13290282838961	2.13188748632268	2.13184295683544	2.1320843983981	2.12977156437246	2.13041809198098	2.13208354426208	2.13372393097288	2.13341853510668	2.13061270828537	2.13074080974057
2090	LLDC: Latin America	2.59722836229406	2.69675211373612	2.73041608740638	2.71114868415401	2.63547582440629	2.5730274947461	2.52127140873994	2.47401526082768	2.43970892209605	2.40873489089459	2.38467424072413	2.35905722752902	2.34114782193842	2.32664198064697	2.31174156482032	2.29506125539219
1637	Small Island Developing States (SIDS)	2.27326778207771	2.42765781202889	2.52799390167995	2.56384707793133	2.52688082593656	2.48816119903678	2.45145070760022	2.42608807165367	2.40578750878851	2.38673576102119	2.36423576236005	2.34267655741793	2.32145252531557	2.3045247664388	2.29161996250291	2.28108592285894
2091	SIDS Caribbean	2.0789782133719	2.23060707234798	2.32324493006015	2.36568093712089	2.34444691808405	2.32354712868466	2.30394091259192	2.28826413338756	2.27207193871844	2.25864569676023	2.24782015742204	2.23907881277847	2.22817933494997	2.21787218231683	2.21242914254377	2.20723596443459
2092	SIDS Pacific	3.10657918674206	3.1315221969434	3.11396389411477	3.05302662307439	2.94795788222514	2.85885287786428	2.77826510028066	2.71238409704933	2.65367332250619	2.60146512551523	2.55164024808333	2.51151563240599	2.47869283454527	2.45100647187966	2.41949522501756	2.39170198072417
2093	SIDS Atlantic, Indian Ocean and South China Sea (AIS)	1.93982682825171	2.19204211739437	2.39631875876414	2.48577626165221	2.45699317594968	2.4155231366774	2.37810969046441	2.36585594749745	2.37289342671366	2.37481723147395	2.35511430593219	2.32288416478326	2.28813948654046	2.26787367168248	2.26315139140417	2.26538622995231
5503	High-and-upper-middle-income countries	1.57926269932259	1.7772366115093	1.92654007994794	2.01688007014831	2.03798381396651	2.05348218541101	2.06130123916297	2.0644862223287	2.06739745463747	2.07103485141327	2.07817234241481	2.087543909723	2.09307070129776	2.09398813155293	2.09388298541249	2.09446779407978
5504	Low-and-Lower-middle-income countries	2.97979751456844	3.0679567940119	3.08422808365256	3.05241943301252	2.96775584673322	2.88817734195085	2.81767811344699	2.75573477030449	2.69824725251726	2.64551049713326	2.59615590028176	2.55156892737805	2.51448837075892	2.48340524234048	2.4542709773541	2.42631265660401
1503	High-income countries	1.56390437012568	1.77683108023706	1.9295785580821	2.01508069415387	2.02938784090739	2.04210125485751	2.05096670218322	2.05650740504024	2.06177893090921	2.06820517468426	2.07436158464713	2.08143304696829	2.08629651257104	2.09065063079774	2.0945412702737	2.09689730464808
1859	Low-and-middle-income countries	2.45248430526459	2.61370407433212	2.6941973566571	2.71716176333207	2.6912345513135	2.66630515219878	2.62960071000961	2.58435990975436	2.54211179364667	2.50685666351955	2.47752814640077	2.45231564624356	2.42879340625486	2.40474571135035	2.38032300036139	2.35804517775125
1517	Middle-income countries	2.19597881882736	2.36263901813914	2.45596367836232	2.49353287381499	2.48353340587391	2.47877991919736	2.46053792577325	2.42943460646491	2.39975230273648	2.37814672264661	2.36304027112416	2.35213073153287	2.34086098356412	2.32660617647489	2.30960590142062	2.29362026457962
1502	Upper-middle-income countries	1.58873392648321	1.77969810411473	1.92081000908057	2.00729705950429	2.04028478826711	2.07014149029788	2.07483930155191	2.06726370969168	2.06505689279301	2.0686071887961	2.07874842220958	2.09190463503075	2.0994095253956	2.09780495394646	2.09356331567347	2.09197690810794
1501	Lower-middle-income countries	2.63994903504669	2.74856876948667	2.7919345172172	2.78924077805922	2.7318375986122	2.67879218206801	2.63259624092565	2.59115614482502	2.55191627271134	2.51727944549503	2.4846582910465	2.45500633658515	2.43024947508083	2.41034330878281	2.39069919760479	2.37048548807476
1500	Low-income countries	4.63938151658476	4.48002858814598	4.25745999412171	4.00808574478563	3.75123208122288	3.5396212319481	3.36031562723543	3.20774371680185	3.07579662367016	2.96191239054596	2.86430642343571	2.77924040885685	2.70739138192925	2.6445868733756	2.59006010543775	2.5436567395417
1518	No income group available	2.167757248437	2.3209174628811	2.39541253643208	2.41627389346521	2.37417409605128	2.33959612643981	2.31748466608534	2.29812123999738	2.27981160067281	2.26698816868623	2.25654062685175	2.24650088981929	2.23696412990588	2.23288367122303	2.22706321504507	2.22035339280961
903	Africa	4.17303792903759	4.09493542460652	3.94054810605011	3.75532252220251	3.5458475400147	3.36654942917769	3.21807164152251	3.09267268635552	2.98445590131139	2.89020419720497	2.80876560444461	2.73687639969312	2.675735536068	2.62257295909451	2.57487406940334	2.53305832016443
910	Eastern Africa	4.22415463054022	4.08154252416386	3.91079687268221	3.72236542812881	3.5105942223476	3.33294056839826	3.18342300231761	3.05930038272969	2.95499978435896	2.86433096455309	2.78695724217663	2.71761477360204	2.65875819263624	2.60854041720399	2.56384184338158	2.52440370928225
108	Burundi	5.00316285246838	4.71459373831178	4.41302528711259	4.08557523162998	3.7933055674559	3.56027496782406	3.37266485799007	3.21357195247351	3.08336472276689	2.97410057888023	2.88363374334178	2.80769421242148	2.74174518423653	2.67993314517979	2.62197978530109	2.57792056164117
174	Comoros	3.9851025621449	3.92205524467675	3.80830662183356	3.66792725999797	3.48464341583868	3.32631202431264	3.18399177849906	3.06514661021781	2.9638923010055	2.86913723100355	2.78454651759402	2.71435282700518	2.65113002045875	2.59476718384121	2.54581480183762	2.50310053493197
262	Djibouti	2.72427095034113	2.79011061729072	2.78023428611693	2.73676018694239	2.6504985971049	2.58231001616802	2.51895242034622	2.46515530866727	2.42647951673731	2.38824735917398	2.36090582049995	2.33687093542438	2.3156145814522	2.29768727857701	2.28385664749747	2.27214986138232
232	Eritrea	3.83892596261689	3.75751468649142	3.63108051652314	3.48738261406179	3.31322070100392	3.16550962026332	3.0426320735333	2.93282904716306	2.83722726019809	2.75020188856825	2.67989810301288	2.62157273074794	2.56944396352094	2.52738492406077	2.49071682182672	2.46186604395505
231	Ethiopia	4.1125009072668	3.90266727678033	3.70432291971403	3.51086894006585	3.30751596485809	3.13254386810525	2.98670080106211	2.86739253991821	2.76999759046179	2.68781656782321	2.61919142430944	2.55722881613096	2.50325978911368	2.45936958756925	2.42555909534968	2.39440149968193
404	Kenya	3.31379821021575	3.30897782199355	3.26331243709021	3.17645977569212	3.0370075827373	2.90818047679046	2.80681276773687	2.71708109416891	2.63663912275983	2.57061226604095	2.52021451548224	2.47570768952463	2.43437121187236	2.40414495804959	2.37586892040744	2.34866139326213
450	Madagascar	4.08123058916827	3.98916971162154	3.86491430399289	3.71746678131774	3.53589525407477	3.38187471994347	3.2501830329864	3.14053818285566	3.0415194219832	2.94803072665709	2.86442772948942	2.78728272720509	2.72326363798676	2.67225384494058	2.62370268815789	2.57886537314066
454	Malawi	3.7647593327499	3.66221514165272	3.5402339252125	3.41216526774845	3.24209221343014	3.10298089505506	2.99187903047993	2.89731220422424	2.81409555732967	2.74431672429067	2.68548203113532	2.62994994643391	2.57974170718149	2.54046057093816	2.49892366829786	2.46417296738051
480	Mauritius	1.35283289765314	1.50297372640861	1.65425094858324	1.75283902621588	1.77809146183988	1.80260349506798	1.82117382630499	1.8407103946122	1.85993935030226	1.87436884343856	1.89155678576529	1.905883170544	1.91861169943651	1.92727935814484	1.93906156051866	1.9499601010655
175	Mayotte	4.64785225560687	4.62820040982485	4.46841932641793	4.27990451491816	4.05780691607661	3.85658024791964	3.6839190159361	3.52279222025579	3.37343912766144	3.25186687834593	3.14145890608606	3.04504295953181	2.95724163176565	2.87651970507241	2.80350009475225	2.73581042732089
508	Mozambique	4.87201407873681	4.71582837112206	4.44302090101414	4.13405881110876	3.80567666075171	3.53695179823703	3.32060073428685	3.14522534421775	3.00948700462395	2.8940959141136	2.7934957375034	2.7161503567157	2.6519770620518	2.59509416013631	2.55147199109794	2.51165027557887
638	Réunion	2.24384086950658	2.38628067635101	2.45064942807835	2.4754127062801	2.44364153095871	2.41879821075686	2.39515150217642	2.3737148681713	2.35596138224059	2.33887639401677	2.3226888028844	2.31171735478067	2.30136186876284	2.2917243095255	2.290209192894	2.28736031017175
646	Rwanda	3.81747437816422	3.75312248238893	3.64652360754425	3.5107617318316	3.33104278825053	3.17962085562505	3.03748097766254	2.92167591586359	2.82053471855488	2.73376901481239	2.65549637248752	2.58956925613026	2.53434382348297	2.48053942958532	2.44051369997941	2.40265582025839
690	Seychelles	2.22915657270426	2.32515089360586	2.37945961341342	2.39843580343769	2.36756468977497	2.34241042098295	2.32186709211199	2.30336697691163	2.28618615031896	2.27178174858596	2.26049642470653	2.25208822226322	2.24261979908751	2.2391531881211	2.23333523028129	2.22555951309105
706	Somalia	6.25859413329844	5.92303108259407	5.51787578390319	5.07719281160903	4.61614195806758	4.24413328328939	3.95188102385022	3.70397213281266	3.50080461754539	3.32872178302312	3.19002554990723	3.0673387051481	2.96153835912357	2.86689611052824	2.78411717537543	2.71753996759621
728	South Sudan	3.99243467998799	3.82594296331694	3.66128103372386	3.48684548597703	3.28174989531996	3.11839224629703	2.99428059456145	2.88173393029709	2.78387346218428	2.71119165708852	2.64185253966435	2.57811163946884	2.52394463828009	2.47895927610089	2.44665135055623	2.41292597837961
800	Uganda	4.4093606760681	4.12368696267633	3.84724651382143	3.61128944189906	3.37845024401515	3.18994987168647	3.03473402496486	2.90834070626027	2.80159244583788	2.70941474825615	2.63875156639139	2.57202914981171	2.51786739799296	2.47665116188231	2.44099368688575	2.41179552050804
834	United Republic of Tanzania	4.71185264799806	4.60493098087481	4.44561310014918	4.2448436712851	4.01275915796295	3.82097985948874	3.64554298344312	3.50229364904291	3.3840410088021	3.27320663376808	3.17053471605338	3.07411238268661	2.99535953728829	2.92552516161416	2.85307130030029	2.79139275963502
894	Zambia	4.21528264138905	4.1078628605754	3.95871563509073	3.77036227024395	3.5511036060416	3.38375170873032	3.2501425921848	3.13851868572379	3.03800167017848	2.95051686178389	2.87423669201564	2.80918310872545	2.75442264887505	2.6970979649498	2.65088724047713	2.60178697701004
716	Zimbabwe	3.79997316416664	3.79147551892858	3.69894676738574	3.57426488567895	3.41535266461873	3.26269264078271	3.13196084544867	3.01575580528686	2.91054050425038	2.82336985645791	2.74587043618839	2.68150902944886	2.62526375070871	2.57073538180841	2.52690641776399	2.4919021064069
911	Middle Africa	5.61343601924888	5.44762705920945	5.13980417177847	4.76700878014394	4.39651517374918	4.08952387418445	3.8328873544225	3.61194682890827	3.42594999480873	3.26656203157274	3.12951263448578	3.01072063515814	2.90962953236617	2.82274286519089	2.74721186293995	2.6823495874881
24	Angola	5.24286439833902	5.06421363015312	4.78148801742136	4.46792214343994	4.12645911170083	3.8539605405591	3.63450359104198	3.44512918634742	3.28867236876544	3.16202765325239	3.05256338089574	2.95078329949143	2.85551419500459	2.78268226220026	2.72497423466461	2.66727406861558
120	Cameroon	4.43820294648381	4.32034661550347	4.15716441764195	3.96727460753661	3.73365343985324	3.53786280586648	3.38152001410684	3.24590344559371	3.1283551591541	3.02772441859842	2.93791491643946	2.85525115948613	2.78110985020502	2.72003176230891	2.66925673205665	2.62031346885884
140	Central African Republic	6.07098284642446	5.81533392559359	5.38999463675741	4.90153467998467	4.40333740551544	4.02394447831103	3.71687020418069	3.47317445218216	3.26891351870093	3.09500476427244	2.95333618028317	2.84087785659401	2.75344679716189	2.68038133539596	2.61492500525721	2.55357847166953
148	Chad	6.22564143388026	5.97775592693505	5.6290283862953	5.25480516221649	4.85365469298951	4.5025847164218	4.20059698119241	3.93633473854035	3.70445694202932	3.50169288671453	3.34323588901268	3.20521395730701	3.08295146791669	2.97582608986155	2.87922925044657	2.80205971445794
178	Congo	4.26526259981	4.20060573396703	4.08755443323986	3.93821238949453	3.75183523588728	3.57657454098719	3.43013002879908	3.30205770621413	3.19389855118913	3.10343004940472	3.00977064278501	2.9303579171697	2.86049531858401	2.80502211196837	2.74971662968404	2.69862641276965
180	Democratic Republic of the Congo	6.14478711548649	5.95136099218457	5.57247744317518	5.104014757104	4.67470435942183	4.31578953846718	4.01045363210707	3.74978027488073	3.53541765193193	3.3513770441752	3.19347603671248	3.05954144430261	2.94909823776	2.85034517146048	2.76332030043636	2.6925835718431
226	Equatorial Guinea	4.24004198514577	4.13184571583987	3.92248717471149	3.70322274726031	3.46470309412149	3.27291449088449	3.11238159270332	2.97736259936081	2.86763738586407	2.76709548253147	2.67591168383573	2.6054266324615	2.5499806331935	2.49826628981306	2.45829520331834	2.42449988739884
266	Gabon	3.75748774869194	3.70062377077665	3.60829063057911	3.48943246778992	3.32740354445353	3.18315905940313	3.05600916897078	2.95045227937254	2.85928625632633	2.78297035210446	2.71775655982259	2.66154307080545	2.60851751566289	2.56034301049118	2.52176528101416	2.48598438829024
678	Sao Tome and Principe	3.7492989979138	3.68562682650658	3.579875555929	3.45488425120259	3.29191271323711	3.15851530924833	3.03612454505212	2.93484618791307	2.84893706121355	2.77945158836896	2.71824070268359	2.66160757005311	2.60799827148712	2.56509804644003	2.52671761260294	2.49009297527074
912	Northern Africa	3.03609562088256	3.09787396189877	3.08038386064702	3.02160993739792	2.92641234189191	2.84164724802309	2.78081674165908	2.72757461670823	2.66838683276403	2.61578489747672	2.57498275662466	2.54179672799348	2.51201486626938	2.48317237137905	2.45290705076408	2.42305260480877
12	Algeria	2.87154270212036	2.8524081907629	2.7945435538187	2.71912022134772	2.60864379380758	2.53192023267973	2.47187900656489	2.42801398471773	2.39623314720691	2.37313299200894	2.35057037860712	2.33033647697102	2.31274072186554	2.29937624832919	2.29007192538545	2.28049176956247
818	Egypt	2.82957111981925	2.94180888114261	2.9638048230875	2.9295672371988	2.83662500116974	2.74841082764457	2.67720370696534	2.61726175483501	2.5673190017334	2.52205226568481	2.48898305620284	2.45487713986284	2.42098146397025	2.39725199978514	2.37553810401393	2.34998292748755
434	Libya	2.45470041025797	2.45861651533499	2.45180963677807	2.428996752366	2.37050836475972	2.32866802189737	2.3024347832556	2.28372546243159	2.26556039711025	2.2555443926206	2.2466781264134	2.23975364038924	2.23564717500131	2.22792965690388	2.22101471809555	2.21907797494571
504	Morocco	2.32266118325586	2.42600249309328	2.4701359842883	2.47032633967879	2.41707999328439	2.37893231938505	2.35216220288676	2.32890313419468	2.31102180805734	2.29707093868579	2.28313605345229	2.27139576272784	2.26057788017858	2.2493771454941	2.24023455303634	2.23621573562975
729	Sudan	4.43352001200302	4.33049923160289	4.16658063887889	3.97129709677399	3.75891069454034	3.58036103974133	3.42744653635738	3.2964537746279	3.17568557169	3.07479359074927	2.98977421370939	2.91556178700263	2.84621240164442	2.78071079282772	2.7204470886525	2.66699736712347
788	Tunisia	1.91556382900137	2.07223595825996	2.17134321121856	2.22271324109757	2.21180541017185	2.20489824000984	2.19972128235001	2.19481268753129	2.19037121668823	2.18630134970506	2.18330224291592	2.18197712274876	2.18254114813737	2.18018358383553	2.17612877502234	2.17065741781402
732	Western Sahara	2.26681167749168	2.3974511176098	2.44880950603614	2.45110104808901	2.40149292808079	2.36415959051216	2.33651259806086	2.30841117922575	2.29251694790323	2.2754171350585	2.26360765289003	2.24903388599263	2.24005862452142	2.23039057751358	2.22439560888295	2.21906010767547
913	Southern Africa	2.38496947217635	2.51589841728204	2.56972867717603	2.57054048725102	2.51301147554105	2.46349625261427	2.42153376927831	2.38597947602584	2.35634411586192	2.33293051814253	2.31365614995537	2.29551129188589	2.28231422370467	2.27201146776517	2.26355153750343	2.25656706931993
72	Botswana	2.83768781537128	2.87106757899266	2.84995523751241	2.78843667205511	2.69023194839878	2.61593940642789	2.54450790606927	2.48839587959239	2.44119280099719	2.40355019206276	2.37281069347735	2.34957856705915	2.3261127220617	2.30978937215109	2.29899960901702	2.28739078052415
748	Eswatini	2.8548067931271	2.8882260989033	2.86980797729446	2.81215062868558	2.7078704288363	2.61902506700401	2.54617990737761	2.49476244244619	2.4520249608382	2.41282388334533	2.38381263573202	2.35915595040171	2.33778837511729	2.31885108463232	2.29835928869024	2.28647024859742
426	Lesotho	2.79250485700709	2.86281736471679	2.87031075637154	2.83355480446558	2.7474853991378	2.67589140165912	2.61330402791208	2.54809656493304	2.49597085934221	2.45640533828677	2.42587684908733	2.39936019812242	2.37334037547178	2.34953233191219	2.32938235182918	2.30982214146223
516	Namibia	3.32277312574716	3.36820613751525	3.32112557524387	3.22937902852221	3.09089451114695	2.97716540706351	2.88252690590598	2.79987338637483	2.72456826778376	2.66143582835826	2.60771377614325	2.56411272006848	2.51949905313934	2.48283949933321	2.4499774739321	2.42135025846516
710	South Africa	2.29993479278956	2.43822891157071	2.49895801233795	2.50995931440191	2.46074365214801	2.41486044263308	2.38001649917684	2.35089987760484	2.32450535240977	2.30419989276945	2.28853488472043	2.27335904452136	2.26315263831019	2.25500356571456	2.24880009357893	2.24417700668183
914	Western Africa	4.54087838365448	4.35610485796608	4.10261763694465	3.84748399704475	3.58745167110426	3.37928040532051	3.21318385165125	3.07444691110554	2.95805177401793	2.86063332535928	2.77802124044286	2.70650492440342	2.64564708560923	2.59248296113966	2.5458198090812	2.50690800691027
204	Benin	4.67062933737759	4.52391555479557	4.31448209038421	4.09867252475601	3.86648741274257	3.66085453251841	3.47751188795326	3.32650802521979	3.2042833374892	3.10511956261349	3.00925720196436	2.91963440367039	2.84337426539463	2.77411366312033	2.71036298457747	2.6602930766224
854	Burkina Faso	4.30447940592133	4.07209868659838	3.83098398413447	3.58404513588608	3.35884569941378	3.18553904195413	3.04432371361484	2.93543439674173	2.83837098204063	2.76058545478025	2.69083673553252	2.62722439334942	2.57543862770526	2.53499236319203	2.49731934173103	2.46924377734747
132	Cabo Verde	1.60835973093258	1.77440114353539	1.9010640986335	1.97380695640857	1.98395527777679	1.99396382785948	2.00090592527547	2.00577765183464	2.00772863898869	2.01476311370961	2.0205902140154	2.02557199155255	2.02996424159787	2.03141388810633	2.03180155207456	2.03490686812594
384	Côte d'Ivoire	4.39229260204254	4.31182056127849	4.19072467688282	4.03264407322583	3.82801926861	3.64828002252784	3.49136864817322	3.35735165989354	3.2471426622053	3.14404264957921	3.04988532047838	2.96092332347676	2.88760308278262	2.82137907666979	2.75820174776765	2.69879291269888
270	Gambia	4.1103003145756	3.85025832025061	3.56483503443347	3.33179146144952	3.11345437381607	2.94661014153491	2.81887908309723	2.71901004441595	2.63616748814282	2.56185599669993	2.50377448954108	2.45633173336269	2.41301000319286	2.37740605648146	2.35522144343954	2.33070201000743
288	Ghana	3.49302480463345	3.49291850157726	3.44086703332732	3.35245165542162	3.21876043221088	3.10365547978418	2.99474841988604	2.8965606095764	2.80726866472526	2.7279996866527	2.66085965134721	2.6087862061864	2.55888194073738	2.5162812165522	2.47931346756085	2.4470396682162
324	Guinea	4.33660441661225	4.13907954020915	3.91388743259747	3.68899392244257	3.45887305177775	3.27306860919092	3.13493659764741	3.01566066028378	2.91205747744897	2.83053770885791	2.76093926439584	2.69967844016997	2.6465166525073	2.59656286064067	2.54828601752806	2.50812400473447
624	Guinea-Bissau	3.95008161298177	3.8202533487888	3.6559511188502	3.47377915191366	3.2862923564509	3.12968699889141	3.00196098432089	2.89691893399968	2.80909828230298	2.73370138462452	2.66752481743923	2.61432948444626	2.56379213093968	2.52239675460942	2.48677373492108	2.45751705063561
430	Liberia	4.05416546991741	3.90203267850328	3.71399880301717	3.54205110425029	3.35099304158521	3.18926487203016	3.06162987214141	2.95254428393341	2.86359833510842	2.78686566092999	2.72562273325596	2.66995039623083	2.61168461475812	2.56368420026208	2.52345498214996	2.48801840389161
466	Mali	5.71935905754047	5.48584433162188	5.16323442004811	4.76860275492811	4.35854060403241	4.01757580205332	3.72919376016436	3.49734129802109	3.30579050305699	3.14934946677544	3.01585123986945	2.90573034292262	2.81387165698987	2.7367453565622	2.66896264019739	2.60994503831861
478	Mauritania	4.80968179329865	4.68620221245345	4.49680667395855	4.24363289270918	3.97219841380017	3.73441726523347	3.54174954629798	3.36714187401373	3.22818690465262	3.11029725301175	3.01142053952876	2.91580083798852	2.8342515940045	2.77274890451064	2.71077444831723	2.6567512576691
562	Niger	6.15383786540607	5.71487518937332	5.17194228500995	4.65714825252571	4.20397128225521	3.86443836566771	3.5979398018384	3.37071128312533	3.18810039082105	3.03686885474919	2.90960809784971	2.8042402424172	2.71550386528267	2.63799567156683	2.58198491461273	2.53034558317171
566	Nigeria	4.58413975636467	4.35079889047207	4.03628476944186	3.74428530565996	3.46303430005609	3.24577946296423	3.08222046740342	2.94786547798852	2.83450864360217	2.74066993329942	2.66568528384323	2.60191761696517	2.54795135250535	2.50195083834709	2.46155870510945	2.42951358064669
654	Saint Helena	1.71518343510082	1.93207373224844	2.06408792840355	2.13217580675251	2.12948917426028	2.12978075932663	2.12925621951111	2.12945918293756	2.12926997454997	2.13054243007703	2.13116153635259	2.1327321391741	2.13330559680351	2.13717875485105	2.13939118862639	2.13756004961324
686	Senegal	3.92365373026574	3.88956361285409	3.80842151504003	3.69408055419994	3.5325582871879	3.38554599322146	3.2580824714104	3.14807814492818	3.04787963476895	2.96274665953787	2.87391420668828	2.79745355257166	2.73223867006116	2.66953171520115	2.60811434523364	2.56575707074909
694	Sierra Leone	3.91208559353801	3.71148448094872	3.52732666048247	3.35790176100721	3.16660619667146	3.01367023462685	2.89324597196345	2.78858638663785	2.70689475666965	2.63784629116524	2.57663654102082	2.52386504430461	2.48142432855549	2.4425234850501	2.41203481528036	2.38598436055005
768	Togo	4.29837754449716	4.2200415942197	4.10700476731398	3.95928212650298	3.78002522661606	3.61623921610975	3.47104961659913	3.34806450796177	3.24137125813618	3.14575180999783	3.05397556831696	2.96816302349367	2.90003459738744	2.82514612811536	2.76169313522521	2.70392251363065
935	Asia	1.9774538029638	2.15552571219548	2.25987309167691	2.30239126679672	2.30254182306646	2.31884210376997	2.31535427102754	2.29096716620033	2.26637763648233	2.25137931348008	2.24410082894163	2.24404124255368	2.24303844043431	2.23501107697559	2.22151145535808	2.20899493104686
5500	Central Asia	3.25719411622051	3.3310026648834	3.27551953721356	3.19924893565895	3.0872664230963	2.97913119659067	2.88191526196564	2.80295977552106	2.72698202005835	2.65589214014697	2.60181154598338	2.5588459824503	2.52370285861742	2.48624561134225	2.44947422122458	2.4220698289861
398	Kazakhstan	3.15616499164616	3.17645562441971	3.17867109937002	3.13009199766026	3.03076471975432	2.93656352920623	2.85139460099431	2.78325555142985	2.72094015821482	2.66594253418984	2.62198764939292	2.57666554500106	2.53876968433229	2.50245087328716	2.47721974760636	2.45283326147187
417	Kyrgyzstan	2.91137714903906	2.97945631970925	2.98567872401166	2.94261956267206	2.85337834428663	2.76887218778826	2.69252235887824	2.62946050785426	2.57474340538051	2.52790478201843	2.49112995533702	2.45577679990789	2.42434011265101	2.39794101006659	2.37393178979417	2.35411935181956
762	Tajikistan	3.1771801986749	3.20554680621783	3.17878161327064	3.11289131908414	2.99696999424592	2.89312299093821	2.80514876520965	2.72756080132664	2.65858243621889	2.59814268281569	2.54351681022446	2.48992477238229	2.45129837341532	2.41836220696402	2.3923858000959	2.37060077137102
795	Turkmenistan	2.78480365722068	2.84845115812019	2.85390347741528	2.81974917871991	2.7303209443888	2.65786737066054	2.59701318142852	2.53964172389975	2.49137674902694	2.45348830277693	2.4258623999566	2.39847175978237	2.37542623640636	2.3497954785561	2.32992813844923	2.3151598865152
860	Uzbekistan	3.46334110635751	3.63097911395548	3.54464455035586	3.42405112687661	3.26266283185739	3.11506167462393	2.99481301176793	2.88795075161203	2.80211731000957	2.72854982455049	2.66776112515564	2.61234387614401	2.56338454545947	2.52138796251777	2.48221133685877	2.4562486428311
906	Eastern Asia	1.14240044714254	1.35154951773505	1.52992245004185	1.6367048809724	1.66124402831053	1.68669285705575	1.71509430052037	1.73922513844263	1.76120054339305	1.78131572545607	1.79652942641197	1.81176834007448	1.82663727135889	1.83989947459784	1.85120701220293	1.86215220385413
156	China	1.13346771057113	1.33644635691235	1.50894063247209	1.61488937535227	1.64351285785001	1.67030536167619	1.69517070568337	1.71805605648901	1.73938713375842	1.76013093279716	1.77521870943897	1.78877627518476	1.80173391635441	1.81492946674083	1.82754185387627	1.83947640692023
344	China, Hong Kong SAR	0.823526843614063	1.05624699714154	1.24117283611769	1.35737378813786	1.40363690824476	1.44259974785546	1.47860687574031	1.50877768032942	1.53882276490079	1.56923587827475	1.59304126072356	1.61940859676867	1.63902762716886	1.65728901500768	1.67180729133908	1.68759850671523
446	China, Macao SAR	0.784301863593249	1.010034630127	1.19657259228858	1.31272851266466	1.35160183399201	1.38925170895559	1.42468946635777	1.45488768008937	1.48428127166619	1.51259025076451	1.5425582591281	1.57046990869835	1.58981626780111	1.60978362732543	1.63124286062553	1.64702054835624
158	China, Taiwan Province of China	0.97537193586025	1.16714487939623	1.34682299606915	1.46924102920247	1.5170463154201	1.55666422678634	1.59278626698201	1.62816385379741	1.65746406551337	1.68466374170063	1.71071515075949	1.73496018300031	1.7626792345769	1.78506004352028	1.80361882596485	1.82056203653721
408	Dem. People's Republic of Korea	1.86754079829006	2.03527142782536	2.14243440990615	2.19514964598312	2.18524866433001	2.1754400768956	2.16753901306069	2.16543266624839	2.16123512831582	2.15726403772334	2.15286767351526	2.15005103224014	2.150752189968	2.15090095755222	2.14882250899527	2.14483647999631
392	Japan	1.31846164712373	1.53737036467768	1.7046872389793	1.80191199189662	1.8198457867678	1.83962827567819	1.85884554949513	1.87514494954705	1.89297050650646	1.91002109737557	1.92657245545149	1.93929533267999	1.94954748781269	1.95896520217938	1.96592491354519	1.97048631731639
496	Mongolia	2.80752798230164	2.77721189286789	2.74657742729613	2.68933574273971	2.59045008746654	2.51943624295726	2.46853809388825	2.43092731276585	2.40095136938186	2.37778526263101	2.3545233691086	2.3368638476859	2.32667559586828	2.31838729490392	2.31012878394752	2.2984038750996
410	Republic of Korea	0.834487244059985	1.07650068212459	1.27578289195769	1.40451596314782	1.45683054126817	1.50146697264867	1.54522012672585	1.58266315998892	1.61549708980173	1.64766226384974	1.67647933197489	1.70220790367257	1.72469839551641	1.74942096544322	1.76953476132729	1.78681154770586
5501	Southern Asia	2.30778815153573	2.43526193987691	2.50487819401902	2.52538910210805	2.48715186126045	2.45528433999751	2.42669481382891	2.40218075792219	2.37829062088795	2.35863027479053	2.33941482029669	2.32196941886302	2.30648323678455	2.29562410506963	2.28543775248891	2.27382230679262
4	Afghanistan	4.96831747207786	4.73068608134756	4.4726111368924	4.21439376264248	3.91686449625351	3.69710507631324	3.49459466491031	3.33421103689432	3.1907823012879	3.06723897495445	2.95333520496379	2.85529869011479	2.77193994186771	2.70258475300812	2.63795804932197	2.58544301417116
50	Bangladesh	2.23602431871617	2.35568899951707	2.40323151469495	2.40175411638095	2.35257058465576	2.32033215559545	2.29785619838042	2.28519605974984	2.26992716472815	2.25944960603126	2.25132706551629	2.24070952784423	2.23474950642592	2.2337834225511	2.22998077485858	2.22532215388162
64	Bhutan	1.54527742592616	1.71736549444924	1.84914236862002	1.92743185636298	1.93956708617145	1.95275355619397	1.96522437347078	1.97808589415237	1.98338083674398	1.98842032537649	1.99504649395522	2.00282273597273	2.0108321850604	2.01792010454951	2.0250213051739	2.0317551931692
356	India	2.0639161771758	2.20587604640775	2.28852212254815	2.31862318949884	2.29057825332767	2.27166419202771	2.25500172444877	2.23906395997777	2.22642449210888	2.21976569513817	2.21507756835284	2.21066979922402	2.20423971488727	2.20231400557506	2.19882928502255	2.19458507889302
364	Iran (Islamic Republic of)	1.7717183917186	1.9445851359335	2.05912515606083	2.12833247411444	2.12845953380518	2.12783412830654	2.13008072223889	2.13336054533289	2.13512801440658	2.1386603626753	2.13559577998768	2.13306648740612	2.13093848175135	2.13135359095212	2.13458685772029	2.13667406959775
462	Maldives	1.65552458601166	1.82153043748447	1.94466560713066	2.01813914508615	2.02340329179907	2.03286705180465	2.04070150542555	2.04457186298195	2.04839832403254	2.05436448067443	2.05762494128556	2.05953018690133	2.0642734063716	2.06845087568652	2.07567485905214	2.07861507426493
524	Nepal	2.06888777817055	2.19261525209234	2.26224555639309	2.29086562513735	2.26467458855598	2.24191276459864	2.22682003053882	2.21601922791214	2.20836197806364	2.20207557162054	2.19665215932157	2.1907840185011	2.18651250669092	2.18205862794173	2.17990183160842	2.17640703052686
586	Pakistan	3.70797123018232	3.66373003337923	3.574514399586	3.45260496619285	3.28586914192007	3.14593204275629	3.02814392704116	2.92213970155877	2.82522277942737	2.74227477732652	2.67131452265079	2.61550835754768	2.56774024972141	2.51973929762976	2.48191392823072	2.44630265446203
144	Sri Lanka	2.05138167143686	2.20219096450369	2.28742629705372	2.32278938256701	2.29756182581653	2.27948457798846	2.25826727559099	2.24456911341886	2.23524051777939	2.22729129980308	2.22030151121258	2.21397861885358	2.20893588998252	2.20602215970798	2.19927703604533	2.19499341393297
920	South-Eastern Asia	2.02478855104102	2.17240200954833	2.26855335251919	2.31286586099359	2.28936761446395	2.26980117456503	2.25109976363186	2.23664904566058	2.22784688726915	2.22368499058754	2.21740461654577	2.21056999053653	2.20565871248306	2.19895592411501	2.19389778308032	2.19115059819285
96	Brunei Darussalam	1.83069527029862	1.97654341617506	2.07919854001601	2.13587630084296	2.12473956992983	2.11721809158638	2.11567768232813	2.11894809781778	2.11784839341299	2.11372389256464	2.11743547410398	2.12420357278916	2.12456101754128	2.12557028871053	2.1283808224596	2.13442022732066
116	Cambodia	2.67849349396936	2.74194575920938	2.75051453065614	2.71302840816714	2.63098471627656	2.56363034106922	2.51022777935621	2.46523471851462	2.42999625325118	2.40492423444621	2.38324100441392	2.36037979218663	2.34494595135915	2.32971893506502	2.3175526268397	2.3073831394225
360	Indonesia	2.21560211382286	2.34876498115731	2.41313365569584	2.43061703490091	2.39036746288758	2.35985632830388	2.33648268734634	2.3174922025733	2.30096325710437	2.28833166583678	2.2740394792953	2.26165481826488	2.25485501790904	2.24641058577078	2.24043925350173	2.23465732593945
418	Lao People's Democratic Republic	2.51886951622457	2.5781873724218	2.58080409534518	2.55066001694972	2.46813215087181	2.40774020191992	2.36787088160957	2.33180787304763	2.30541044582386	2.28557984419496	2.27037082680028	2.25705474529226	2.24622216505597	2.23621916063544	2.22674658888845	2.21710119450072
458	Malaysia	1.63694536646618	1.80897039005779	1.93327848660989	2.00701450077866	2.01575325653709	2.02530469686363	2.02954471101153	2.03348322794998	2.03849009689554	2.04411800144101	2.04688043878375	2.05229597939571	2.05662821730505	2.05666682142058	2.05735787347637	2.0593296689971
104	Myanmar	2.20154334567982	2.3301614164582	2.39517555833729	2.41222331745256	2.37400258492055	2.34268682565068	2.31613561552315	2.29604325767059	2.28281896120818	2.27166385911902	2.25824229321133	2.25129619829684	2.24439663739518	2.23619467765633	2.22905078491299	2.2273077794664
608	Philippines	2.00833175353968	2.14123475188555	2.23460500027031	2.27926040758027	2.25769055616738	2.24337995691486	2.22982492621887	2.21854827704546	2.21088878497322	2.20729964079295	2.20215494949827	2.19541583449212	2.19060564740597	2.18626160646193	2.18152910655206	2.17471757622899
702	Singapore	1.02374795873273	1.28086864192568	1.45424261014978	1.56329732123487	1.59839982235532	1.63643838549555	1.66448009441443	1.6940009949377	1.72031986827443	1.74490835785761	1.76858330538199	1.78883924797812	1.80574778041123	1.82335017071054	1.8382845278598	1.85239846891433
764	Thailand	1.29473661893181	1.48877326584019	1.64229058387129	1.73685353683109	1.75941900750376	1.77853788088661	1.80066184502434	1.82231908836218	1.84310571794052	1.85956860579507	1.87514216724127	1.88712675357757	1.90259927323587	1.91441764117083	1.922485590585	1.93401562012937
626	Timor-Leste	2.83674527391884	2.72479865078089	2.66948788286321	2.60509845896983	2.51055810020004	2.44391444004726	2.3965234260071	2.35795682676318	2.32878560253277	2.3052502074966	2.28733746483652	2.27092775378908	2.25368080180637	2.24029869571903	2.22881017246127	2.22125784362872
704	Viet Nam	1.99471005117095	2.14118333608848	2.22822651761193	2.27564572068793	2.26434332892459	2.2506955088839	2.23932794975637	2.23277205007111	2.22458528734692	2.21924019404372	2.21689319376786	2.21552118723696	2.21250758227666	2.20957236291808	2.20597277840912	2.20591983107019
922	Western Asia	2.62850828194421	2.77259018121661	2.81633679102599	2.80331368829031	2.74084681580673	2.67611149103131	2.61061159852932	2.55628244665855	2.51174748251162	2.47303155340909	2.43648532094238	2.4042796173701	2.37417007901552	2.34520943702523	2.32159118239475	2.30232922017798
51	Armenia	1.78136606690358	2.00410974034834	2.13403427336991	2.19915703665569	2.19713516332179	2.18850536264549	2.18647176981894	2.18685496169255	2.18623749467878	2.18189405100724	2.17621299575848	2.17185868657865	2.17292889228518	2.16941058786375	2.16497046032926	2.16500801748836
31	Azerbaijan	1.76514862140556	1.95513804066414	2.08004138374037	2.14451510919854	2.13777598440047	2.13475762946956	2.13482799396987	2.14063179267109	2.13983769949105	2.13866565475455	2.13552294356921	2.12967733321529	2.12911365150455	2.12928795367273	2.12449625076371	2.11974676600913
48	Bahrain	1.9055603512351	2.04792896186218	2.14355750580162	2.19147965983838	2.17860203801697	2.16643463248985	2.16252636295749	2.15538547823914	2.15168668199031	2.14881297877985	2.14592282630152	2.1429390565996	2.14459817230501	2.13799122664141	2.13463398983347	2.13151307416654
196	Cyprus	1.46026629630773	1.66007425526894	1.80074644720793	1.88347328428907	1.89718415098697	1.91385287147949	1.93090226986895	1.94068484969425	1.95256373559519	1.96318338951258	1.97143893899514	1.98215242871667	1.99201008234242	1.99863918109217	2.00490429803148	2.00911682306496
268	Georgia	1.93366440419797	2.05928476626178	2.17062183592148	2.22401990899481	2.21636964783956	2.20975991931575	2.20567829396367	2.19773614727116	2.19282648666106	2.19014636433055	2.18771786137244	2.18663297956716	2.18403897026325	2.17858324942305	2.17491838403418	2.17306000902498
368	Iraq	3.35933212082267	3.36528889730102	3.30935241354823	3.22819213822388	3.09960320591031	2.99374707456583	2.89826843269935	2.8077113526455	2.73737839475639	2.67965303958008	2.61945018330487	2.57242216247895	2.52908085708315	2.48986722635078	2.45394112528116	2.42415790730486
376	Israel	2.95803513536689	2.98869162339754	3.02375921781005	2.99943990032375	2.91514827975376	2.84231583599205	2.782185852081	2.71973236053463	2.66071757164055	2.61333545429004	2.57187283227285	2.53259803210813	2.49818074032101	2.46804263250496	2.44161637986345	2.41751015582185
400	Jordan	2.74317113569634	2.78730665574855	2.77583041476232	2.71844006206646	2.61317751286967	2.52963132657736	2.46439261798025	2.41340489967962	2.37134999941257	2.34104688408955	2.31657389300115	2.29611587504752	2.28039350334951	2.26421290466964	2.24889370762398	2.23671426931239
414	Kuwait	1.71265870699794	1.77926255349463	1.90826504026543	1.98204226264364	1.99164060639433	2.00118738775223	2.00628967759071	2.01512508809988	2.02269998593604	2.02908390379437	2.04136154503542	2.04968383775253	2.05609139341254	2.06439295679202	2.07076113183772	2.07136520378701
422	Lebanon	2.32977716699508	2.45493867495819	2.51222918937619	2.51469005829385	2.4619991116788	2.42193332137299	2.38487678520576	2.35472810521044	2.330831979311	2.31202818016779	2.29358228560435	2.28093922778314	2.27216596230388	2.26588133165741	2.25947696504375	2.25083690003926
512	Oman	2.60448945557113	2.68232260948659	2.63966780007367	2.58084965708	2.49178835228777	2.43021681271033	2.38687976003264	2.35249540989515	2.32846132825624	2.30604903679139	2.28906320847039	2.27204341234704	2.25900737743542	2.25244194365683	2.24534380801811	2.24039161687996
634	Qatar	1.77673832269295	1.97360538938294	2.07553415876215	2.13126301799723	2.12859589249896	2.12665966883892	2.11980436775945	2.11382552518819	2.11102712322612	2.10723827520196	2.10526445989948	2.10781807219186	2.11561999597504	2.11936406378179	2.12130691692688	2.12429395806875
682	Saudi Arabia	2.31652643002845	2.52876255873299	2.54763729781664	2.52222728624277	2.44902916822032	2.39848500390552	2.35630239460457	2.32358985253395	2.29913561197702	2.27942522277146	2.2607417000011	2.24879595381159	2.23917201351929	2.22871070389236	2.2248445458854	2.22001163897022
275	State of Palestine	3.42020400403968	3.34560812443314	3.2622184320546	3.16532854161868	3.02020263422712	2.89371891470927	2.78481889980032	2.69189902053487	2.61283833595339	2.54943057432347	2.49227693415647	2.4474202363392	2.41241157626838	2.38153880392545	2.35506116283984	2.3316011453852
760	Syrian Arab Republic	2.81879280420274	2.85852328628534	2.83774252102951	2.77517160516962	2.67360215578958	2.59094352093858	2.52224699489786	2.46951702983303	2.42709600358933	2.39140619084997	2.36141295413638	2.33467010116595	2.31113950926102	2.2909143100798	2.27426428939513	2.25928101002662
792	Türkiye	1.72966693070409	1.91192278310838	2.04238179799246	2.11220509057417	2.11250706641953	2.11718653740289	2.11489804096938	2.11237115754865	2.11436956237359	2.11282310381799	2.11229590066973	2.11479879042302	2.11563288294703	2.11797856250818	2.11776746393875	2.11370014835786
784	United Arab Emirates	1.27499409028169	1.51143860258831	1.67475943593169	1.77173884832415	1.79374565313428	1.81684752286559	1.83735005236877	1.85199985775434	1.86731732946505	1.88325870453315	1.89367530658337	1.90559359811364	1.91939104892671	1.93263930492758	1.9432760733328	1.95337876569601
887	Yemen	4.6340270859758	4.48174630228244	4.19708765318958	3.91335664267834	3.63831588864429	3.40876150206208	3.22015336561907	3.06614780211129	2.93550194140916	2.82891753375171	2.73244131881334	2.64211476601837	2.57460824170431	2.51718483446919	2.47152497920669	2.4318341305946
908	Europe	1.49707847350829	1.71639900187897	1.88547161736319	1.97776359745248	1.9828467231764	1.9869764428146	2.00295336606471	2.02023661680363	2.03219564780566	2.03784386008378	2.04275364742463	2.0478093694763	2.05330227622482	2.06009308463913	2.06702169118493	2.07155957314887
923	Eastern Europe	1.48261286591185	1.70249416484721	1.85596389026852	1.94542822890069	1.96037559678247	1.97700251037076	1.99589458353129	2.00887925002757	2.01712593735612	2.02334533191613	2.03103024769612	2.03926930283649	2.04745274488479	2.05343270432295	2.05826038885365	2.06299957804904
112	Belarus	1.35845791411495	1.538823636473	1.71164401584555	1.81600446703723	1.84469461754239	1.86999047946589	1.89183880274303	1.90673448432317	1.91764853133754	1.93231013403215	1.9464939326097	1.95535634996804	1.96257767195361	1.9683018927058	1.97412356147367	1.9811092596234
100	Bulgaria	1.77326979176198	2.03206198668824	2.15791034525391	2.21614690853355	2.20539666640894	2.19956450849597	2.1992210826915	2.19724413405034	2.19394236062756	2.19157728681173	2.18985990866063	2.18938492521318	2.18633653500817	2.18741315810267	2.18821297976954	2.1850039488222
203	Czechia	1.66593644180388	1.77809198760756	1.94269442220543	2.03645846900476	2.04998663328607	2.06199287483759	2.06979864673007	2.08027626896712	2.08616874350827	2.09090732405278	2.09338700673284	2.09547356245918	2.1017879172289	2.10631353250589	2.10892333063344	2.11304971165747
348	Hungary	1.60831373378213	1.79934911178178	1.94686018407538	2.03011562641101	2.04113424426103	2.04763069355372	2.05767924373169	2.06342356611716	2.06931733472302	2.07715336834246	2.08390307133467	2.09017104243875	2.09125254401763	2.09377821029463	2.09260615066039	2.0926999398565
616	Poland	1.3815211531284	1.61433859716778	1.77077901868421	1.86109276766199	1.87747592724006	1.89226609879926	1.90017931952627	1.9130786594489	1.92786538502044	1.94159510831591	1.94740716196383	1.9569644361407	1.9597373627922	1.9658924534321	1.97592580625376	1.98632561803405
498	Republic of Moldova	1.80433898183094	2.0163319676658	2.14471000833552	2.20842205249228	2.20466270193462	2.19840984293009	2.19608340390816	2.19668547671717	2.1939768676625	2.1864740782558	2.17904483797838	2.17626865428493	2.177426396634	2.17731334609326	2.17426472235924	2.17279758972095
642	Romania	1.78971147816356	1.99833829074158	2.12812112517695	2.19276794417242	2.1874366632495	2.18519513797948	2.18194798062134	2.18100825199081	2.18125549306822	2.17656042259641	2.1722052677846	2.1715444022442	2.17315687306507	2.17115897779845	2.17032282319433	2.16685979720232
643	Russian Federation	1.54430599327436	1.77110563125745	1.92494341454653	2.00948369043729	2.02333202907112	2.035548425062	2.04245328721811	2.05091178962158	2.05855548324009	2.06451795161293	2.07086411190278	2.07505448244215	2.08045202532033	2.0833582696713	2.08566318107041	2.08936647621367
703	Slovakia	1.65384006543038	1.86915154708493	2.01436660894632	2.09272919835208	2.09542571244041	2.10009267341529	2.1063266040803	2.10756631012638	2.11177801852301	2.11690756632897	2.12060298137071	2.12297193994229	2.12441907072687	2.12694150353764	2.12744100546391	2.12822801074329
804	Ukraine	1.09820640499274	1.3084687622333	1.47496746266715	1.57113005556091	1.60012502293064	1.62842333991488	1.65235502611533	1.67203261827598	1.69322125951898	1.71124300600105	1.72555199865596	1.73775802600137	1.75281491768066	1.76630965854074	1.78144820946431	1.79751264802538
924	Northern Europe	1.61159956055213	1.79072938762957	1.93364494953177	2.01286204769486	2.02326070721057	2.03171216176795	2.04048739122468	2.04782485262244	2.05412518787155	2.05891248855222	2.06528460469913	2.06967114032563	2.07417102684272	2.07772150980094	2.08108671705375	2.08462370030292
208	Denmark	1.65844340841991	1.82403673240439	1.97191454126503	2.05282477004062	2.06398823824172	2.07229507497196	2.08078723950334	2.08844219396141	2.09124586288729	2.09417250502837	2.09718551762325	2.10335454802911	2.10881108399452	2.11114793062455	2.11522369552748	2.114914608556
233	Estonia	1.51396900669149	1.69219276174856	1.8649506580038	1.96212797580397	1.98206524660703	2.00136676644603	2.01339679659041	2.02395626456227	2.0320843760332	2.03971491669037	2.04361947689536	2.04983064792718	2.05461834777401	2.06097764736981	2.06622320815751	2.07164619879331
234	Faroe Islands	2.33559040006019	2.46183277088458	2.53483613774978	2.56004613847742	2.51710235705604	2.48467472199831	2.4584552389313	2.43206041701877	2.40739592952944	2.38988891970045	2.37497203801373	2.35914255359096	2.34468175187825	2.32754070480132	2.31265408680675	2.30074923745639
246	Finland	1.41230110535723	1.60789616150201	1.77271011775267	1.87005057886829	1.88890047442905	1.90590942730469	1.92100613297322	1.93505871585441	1.95103982764878	1.96133797742495	1.97029117845121	1.9768676898966	1.98589720124262	1.99290393536709	2.00024162800194	2.00794568373494
831	Guernsey	1.43714908424498	1.67416149724327	1.82731569534681	1.90959864634921	1.92406943553324	1.94060650719547	1.95123061235583	1.96013403456228	1.97257375178496	1.9846224703783	1.99140249191725	1.99742348443289	2.00192001625785	2.01182158091434	2.01951413739139	2.0253003455798
352	Iceland	1.68953460835046	1.77979853178934	1.90883657656396	1.98582432489526	1.99337354031788	2.00116777703211	2.00753417828941	2.00981429048008	2.01514983843915	2.02192429549723	2.02735069733576	2.0333717185987	2.03907280735437	2.04627439535548	2.0527438710282	2.05708298082875
372	Ireland	1.71431333121081	1.89543516177628	2.03064611258339	2.10207147461001	2.10277344053948	2.10100704117253	2.09755086520637	2.09751702014919	2.09909205745146	2.10150226489428	2.10475559189042	2.10441867967084	2.10705859148326	2.10705159767162	2.10582618801662	2.10710012364927
833	Isle of Man	1.63018039925865	1.81569754217242	1.94484822309662	2.0207254317696	2.02533411468917	2.03228506467024	2.03973662734511	2.04774177180582	2.05564383070233	2.05959255122224	2.06465671869485	2.06971079635331	2.07322618825005	2.07604351622612	2.07865822448555	2.08522475199205
832	Jersey	1.44011180513664	1.68976655735356	1.84915088069928	1.9375674175831	1.95601175138449	1.9668836081991	1.98090066712312	1.9932565391132	2.00709579801174	2.01767424684543	2.02703103255115	2.03774601511186	2.04494122781634	2.05110790084839	2.05632891223769	2.06201760718883
428	Latvia	1.50837927347889	1.6563641065759	1.81387250465261	1.90212611653566	1.91766590809906	1.93526272465147	1.94745914565414	1.96055436491041	1.97536700516364	1.98360427833274	1.99050230784145	1.99673902176921	1.99746585295953	2.00100729464963	2.00875861199952	2.01582249285312
440	Lithuania	1.35348771118671	1.52702129923185	1.69523864073055	1.79662097389455	1.82188579863037	1.84270831465089	1.86490376483405	1.87968968695039	1.89479135918204	1.90540407905088	1.91362158218185	1.9225020833876	1.93262083416246	1.93997919289137	1.94516678985784	1.95109974352056
578	Norway	1.5233343556494	1.72007929276021	1.87571732777389	1.96431035066047	1.97945061636409	1.99154683890236	2.00383445240147	2.0098207627714	2.01545128188071	2.02183602934118	2.02816427023019	2.03295909935127	2.03933388114373	2.04578236861947	2.04968238477434	2.05167444593
752	Sweden	1.60008267914533	1.74642941078343	1.90124022726465	1.98687417541879	2.00395551170544	2.01549298743507	2.02512511634122	2.03858877580205	2.04741351194531	2.05389151051658	2.06309932299413	2.06385114246258	2.06808617419551	2.0681073614708	2.0717248772977	2.07870051295544
826	United Kingdom	1.63773065645369	1.82346604368226	1.95596485110072	2.02896078153775	2.03734633778519	2.0440778561606	2.05284113509692	2.05921806853387	2.06382323302192	2.06711154325608	2.07312520147801	2.07804328708397	2.08216771884974	2.08590245817166	2.08886133752456	2.0918954667346
925	Southern Europe	1.36806790943041	1.59922669288931	1.75428366431697	1.84844991248124	1.87251293067011	1.89212063443964	1.90824815253809	1.92336861613273	1.93776652342941	1.94949316939358	1.95987406042349	1.9701418776832	1.98090697023685	1.99022234130879	1.99666780544454	2.00243912660506
8	Albania	1.42613134132393	1.61770443614869	1.76505686488823	1.85719931891543	1.8761733790891	1.892452184527	1.90668558103003	1.9208692764598	1.93467212635086	1.95019917523778	1.96008373055471	1.96771462803318	1.97402491556796	1.98006395524207	1.98460819817031	1.99087066575909
20	Andorra	1.14921840314348	1.41145897276066	1.57903764991413	1.67682780850927	1.70821398513958	1.73512791082045	1.75862739019765	1.77909479446145	1.8038937937196	1.82406339681323	1.83973955409665	1.85704500580916	1.87087110267085	1.88357210162683	1.89732691307581	1.90586969045438
70	Bosnia and Herzegovina	1.56517276251606	1.80186119146766	1.95531499677573	2.0393468024255	2.05477844867531	2.06544908295445	2.07221429722444	2.07811189685391	2.08391587937198	2.08969094927216	2.0930920262322	2.09810557320624	2.10163909432469	2.10281298284172	2.10367699932489	2.10701868721141
191	Croatia	1.58918323164937	1.76999014447566	1.91576966240402	1.99720299744283	2.00646466932241	2.01587933268909	2.01944769727757	2.02750953671503	2.03409206820909	2.03712150348948	2.04235623882181	2.05037567078241	2.05873625840605	2.06216473911208	2.05991573780234	2.05887653178255
292	Gibraltar	1.96999653315567	2.16840966602497	2.28639313196964	2.33950597407849	2.32886834981943	2.31800428188822	2.30651123337616	2.29658567337313	2.28984998155461	2.28250313716033	2.27633459838757	2.27186806678793	2.26350161893944	2.25736628534644	2.25123130680183	2.24077924688883
300	Greece	1.42773247064986	1.64423434833384	1.79430100043045	1.88029929700615	1.89693598674244	1.90718126114841	1.91819674066545	1.9306569356993	1.94074499455821	1.9503255729568	1.9626784690716	1.96972286783404	1.97566182997812	1.9806511454074	1.98605451754044	1.99349302756467
380	Italy	1.29943671239304	1.52645485627457	1.69432622707069	1.79284275059878	1.81500296977314	1.8375935056155	1.85823250472352	1.87705557953926	1.89074137735011	1.90631428710103	1.91941226447411	1.92894805069436	1.94276941604786	1.95568404639977	1.96492677674971	1.97380559002565
412	Kosovo (under UNSC res. 1244)	1.62325128233977	1.80445076057842	1.93145068008571	2.00232933149351	2.00380757151838	2.0057302668733	2.01348906320339	2.01585397233779	2.02060559019911	2.0248254743833	2.03192370187901	2.03544682029623	2.03884291651117	2.04588065593922	2.05422813330652	2.05831622447798
470	Malta	1.18373231971477	1.4283776162883	1.59617330363893	1.69439165969922	1.72139671375836	1.74573711616102	1.76694715689357	1.78634620433425	1.80768108895798	1.82833412860792	1.84305813224396	1.85658630846798	1.87343021110316	1.88478532772484	1.89367264832416	1.90427958247011
499	Montenegro	1.90535044665183	2.08332157692609	2.20253773531374	2.25549243358378	2.24243238993328	2.23342088625956	2.22368985768988	2.21933443531522	2.21550971655436	2.21058464086396	2.20702542978716	2.20277372393446	2.19728550097191	2.19262902167125	2.19270412445927	2.1927553158084
807	North Macedonia	1.61246749633883	1.76889532873318	1.91395672519603	1.99091866755784	1.99936581516499	2.00880582320563	2.01477590546132	2.0222171147188	2.02841822769405	2.03251257955512	2.04122393705745	2.04497573002088	2.04671491141675	2.05003454764494	2.05125195797662	2.05333551617419
620	Portugal	1.52831526294437	1.8217691445874	1.97145124874458	2.05480371624015	2.06365087023888	2.070077340282	2.07662948313142	2.07983322896117	2.08594328390101	2.08938112368588	2.09493119386659	2.09985375983436	2.10342497399195	2.10698829023998	2.10524913665961	2.10904926087023
674	San Marino	1.21497730280581	1.47699469039661	1.64247256036648	1.73856967822615	1.76027182205235	1.7828702871417	1.80400743284028	1.82586877048793	1.84459544680141	1.86070626010719	1.87534583514616	1.88710430828339	1.89769100694875	1.9073150852577	1.92085504712683	1.93070219422951
688	Serbia	1.58033014307768	1.80438145703281	1.95400547047558	2.03822294427319	2.04750878487178	2.05690653378597	2.06353942086811	2.06809881352386	2.07731522900884	2.08292408814183	2.08607080270333	2.08600726568663	2.08645347130875	2.08768118406812	2.09084743446185	2.09485771514735
705	Slovenia	1.66444534778594	1.87647215936841	2.01873650253135	2.09343897654554	2.09675104341569	2.10188753925135	2.10676106532444	2.10840109161418	2.11175751997011	2.11257283800312	2.11635556072087	2.117589563442	2.12060675113197	2.12065326220635	2.12307991269746	2.12397165944093
724	Spain	1.28232862144916	1.5428612522412	1.70703316931043	1.80205123387967	1.82934518032791	1.85213955844635	1.87135795355762	1.88626233618186	1.90500331627699	1.92260884349904	1.9367668472649	1.94989135466706	1.95774522927855	1.96526710529854	1.97352798296812	1.9806378082345
926	Western Europe	1.62695455245998	1.80859645387245	1.96261858735226	2.04637061411162	2.05295935294605	2.05956790891791	2.06863623747477	2.07982684489375	2.08724207722941	2.0883410703174	2.0897435099781	2.09154894267269	2.09272235820428	2.09869271813253	2.10590098662581	2.10771866453404
40	Austria	1.45538649108338	1.64082661670459	1.80262971152542	1.89577584888756	1.91518921290173	1.92614846343408	1.93929114015038	1.95466262058816	1.96317617661529	1.97323831596234	1.98649683420249	1.99663502997161	2.00360530820054	2.0108630825706	2.01739083629073	2.01976413396571
56	Belgium	1.55303387727522	1.70012388149191	1.86107718919226	1.95020569950256	1.96849363354537	1.98288306803469	1.99728719805189	2.0068445636733	2.01225090725836	2.01692051689175	2.02385395707918	2.03124697447928	2.0382867863852	2.04414734722489	2.04892998696369	2.05535524739267
250	France	1.7841490879624	1.93307650464341	2.06956548060778	2.14288560400731	2.14598631152731	2.14726790107686	2.14842840793289	2.15065348482396	2.15099492541845	2.14890068572062	2.1508591699403	2.15088652297402	2.14673011147253	2.14714364956887	2.14938323338561	2.14752008450376
276	Germany	1.558991824981	1.7611985759206	1.91757201395857	2.00719097742177	2.02115124081307	2.034450874728	2.04227061888721	2.05222031877795	2.06022372406979	2.063230449547	2.06746615744888	2.07391010107263	2.07705703312419	2.08292694246888	2.09135218527021	2.09389415769718
438	Liechtenstein	1.60139591031113	1.83888473861984	1.97592934856518	2.04729181548016	2.05403189392654	2.05783101871014	2.06088189579105	2.06608205363898	2.0664733873255	2.0725103946549	2.0774005485495	2.07894851393348	2.08140572529342	2.08252332205226	2.08522589285078	2.0888771029622
442	Luxembourg	1.46728423775727	1.7155169847036	1.87074248921083	1.95367945723152	1.96520129708249	1.9766268247325	1.98706482508034	1.99665421270752	2.00644440578267	2.01430375607461	2.01867745544789	2.02162864773759	2.02111117673004	2.02543248772485	2.03036341321636	2.03523296935966
492	Monaco	2.21121289037653	2.36846223388453	2.4730902203575	2.51432229349187	2.48749896821628	2.46879117786673	2.45205356001276	2.43714462497303	2.4193088538711	2.40055882623163	2.3877538130726	2.37875478106093	2.37169218574261	2.36517175320802	2.35670663547349	2.34512753291617
528	Netherlands	1.57430321007954	1.74485436124856	1.90019791175492	1.98332092459881	1.99725470315793	2.00788745270528	2.02150912157919	2.03072729564626	2.03672388733215	2.03949161090056	2.04642331389161	2.05032162129186	2.05467607669716	2.05871264483198	2.06316528784598	2.06793903195535
756	Switzerland	1.52503714566087	1.74593124805577	1.90067131653714	1.98744022359717	2.00164263104886	2.01646714465761	2.02569058685702	2.02937373273836	2.03566305140281	2.04303344004032	2.04865336215984	2.05522002077588	2.0579466792795	2.06651496421857	2.0703050938847	2.07429191309799
5505	Americas	1.8341260661632	2.00401987245259	2.12013019829738	2.18553445343606	2.17805735900439	2.16722018116738	2.16020988196539	2.15322473872745	2.14727914113737	2.14732826395542	2.15063334295397	2.1522220192913	2.14743027852337	2.14235178673352	2.1403691284735	2.14070160707325
904	Latin America and the Caribbean	1.89617956260419	2.05654332346908	2.16103178382701	2.21338565653477	2.19939624426707	2.18781360107253	2.18045121830883	2.17261828414228	2.16589266788209	2.16236718629739	2.16238969187127	2.16216769366404	2.15777120908762	2.15227169713832	2.14939566616502	2.14812077897932
915	Caribbean	2.06666740263203	2.2189756818041	2.31359149129397	2.35707434234712	2.33703237341371	2.31782086669237	2.29950944197228	2.28466537444916	2.26856391106856	2.25504163732572	2.24430244264792	2.23607289306995	2.22555692510202	2.21543985762276	2.21015412752526	2.20490244947022
660	Anguilla	1.44390732757463	1.63715950973378	1.78169613643321	1.86633336792523	1.88262283687664	1.9014543417343	1.91718711581042	1.93136069172463	1.94439564309773	1.9559448954285	1.96291793622675	1.9708101106998	1.98068121594449	1.98859467018013	1.99719320153348	2.00257347895604
28	Antigua and Barbuda	1.65446361379987	1.8633851070908	1.99280221756396	2.06675171284617	2.07095294127974	2.07379917697097	2.07600805594901	2.08212616692293	2.08801358077413	2.09231349763391	2.09667683092807	2.09715562093593	2.10223187007536	2.10457528453668	2.10450269672037	2.1054565706416
533	Aruba	1.69275964737143	1.90208116116424	2.03629086427373	2.10860784000087	2.11602346628465	2.11769757586214	2.11822249673068	2.12201867496131	2.12419292182868	2.12641886313537	2.12671634482351	2.125668786064	2.12969099073152	2.13523802755824	2.13532237024961	2.13940898717391
44	Bahamas	1.4523460549049	1.6503675748896	1.79064732373685	1.87858551523035	1.89214373990723	1.90475322994787	1.91523120727229	1.92816928361095	1.93964151146733	1.95115392805927	1.96269411221151	1.97460058354272	1.98242131208989	1.99080719947302	1.99749256892704	2.00603127716314
52	Barbados	1.78377648551884	1.99460620303178	2.12315531406933	2.18780435188436	2.18286720408676	2.18020877925474	2.17593829281898	2.17046081169504	2.1655577682676	2.16445152290899	2.16186273925612	2.15994038993227	2.15988907223411	2.16001672940957	2.15823698710926	2.15525674552485
535	Bonaire, Sint Eustatius and Saba	1.59428624798556	1.73526265750632	1.87282401268929	1.95204104619809	1.96669770020137	1.97984205456141	1.98767748167011	1.99602148094831	2.0049540031158	2.00947404868817	2.01447367763869	2.02238868501764	2.03133075563547	2.03750886417418	2.04490126670722	2.05347659192914
92	British Virgin Islands	1.10370885763541	1.37363554701001	1.54671823082534	1.64915960217941	1.67896356356364	1.70460880009786	1.73254392260845	1.75976611297362	1.78600278759253	1.80678243879698	1.82435304672015	1.84028847067928	1.85397761109612	1.86906566835195	1.88366172891588	1.89344078530282
136	Cayman Islands	1.61364450126602	1.79743156234069	1.93166871636196	2.00351066477802	2.00693052160366	2.01740535647813	2.0276824860936	2.03499045174889	2.03669966229097	2.04285214767805	2.04643987440819	2.05037810899038	2.05558611366035	2.05737088064631	2.06150701388988	2.06654377143497
192	Cuba	1.5133416855605	1.75447868270447	1.90615581375375	1.99090314841239	1.99834029121778	2.00836792964961	2.01740943780341	2.02659894679114	2.03601175978663	2.03988985345003	2.04576956594355	2.04991577124889	2.05227470353315	2.05440157993692	2.05931700501067	2.06383405289514
531	Curaçao	1.1509303110095	1.37519626188064	1.54299484506999	1.64958795555667	1.68271714934533	1.71176112522976	1.73601010376379	1.7600745278883	1.77943739774595	1.79578147090852	1.81009563391862	1.82671034623555	1.84347309234982	1.85236678909586	1.8647460795553	1.87857471176766
212	Dominica	1.55695347893314	1.75497638097989	1.88837971576557	1.96688322488222	1.97999425840667	1.99191516169731	2.00339099004807	2.00644730711004	2.0124254872802	2.02315079767841	2.03345817846401	2.03586336039836	2.03790103729516	2.04307185253805	2.04771179815675	2.05439540255659
214	Dominican Republic	2.33329464132448	2.43323178197486	2.46997795299806	2.47022437514001	2.42295605570621	2.38349318849725	2.35081773735615	2.33006540050553	2.30785762080914	2.28957759960442	2.27395852771207	2.26122689880035	2.24707332629385	2.23774983272505	2.23503433054272	2.23149485410072
308	Grenada	1.56998787613381	1.73920135886573	1.87192123089932	1.95250987950895	1.96535820399429	1.97441761362849	1.98560227687169	1.99537098893995	2.00215444286134	2.00958630005398	2.01781544961973	2.02290951834943	2.02585185388448	2.03185786138016	2.03781685127721	2.04259492283802
312	Guadeloupe	2.17681634083355	2.31490417960348	2.4022721765224	2.43850426880536	2.41565959071324	2.39805424791881	2.37730920310283	2.35940668036742	2.34653575567039	2.33639012590925	2.32523211963236	2.31631685149104	2.30641772478255	2.2965400289605	2.28951238637103	2.28168486855469
332	Haiti	2.76008471678765	2.79988604627144	2.79685444090408	2.7539881238605	2.66642644593131	2.59310215656549	2.53435094618727	2.48753887991056	2.44554087442832	2.40952840471582	2.37747462392253	2.35366902610435	2.33118189832211	2.30888580243032	2.2927031630197	2.27658010354209
388	Jamaica	1.43899999339017	1.62780790189418	1.76848805953471	1.85883655728774	1.87586767893775	1.89426620735593	1.91250996434503	1.92401843256223	1.93623249419071	1.95105567784902	1.95975662759455	1.9675624492935	1.97476953300542	1.98477129975428	1.98950329755636	1.99390977253143
474	Martinique	2.08678315408491	2.23009478267359	2.32600732966661	2.3704506173546	2.35302465363507	2.3398272579248	2.32228567086766	2.31053433259581	2.299901627463	2.2897652198432	2.2777225858411	2.26961736543093	2.26310084141386	2.2585568915373	2.25499409921401	2.25274430299737
500	Montserrat	1.69146018752112	1.75104530542008	1.90421069768368	1.98424586582759	1.99251915035133	2.00171692385319	2.00908719966694	2.01917457243054	2.02655892567737	2.03241816629566	2.03888878001987	2.04345603563212	2.04606492759465	2.04853888774344	2.05282558620429	2.0609875583053
630	Puerto Rico	1.01505408477222	1.24608808363812	1.42346760747462	1.53684718459744	1.57410387816619	1.60856180153607	1.64251009124718	1.67254898349477	1.703511433194	1.72993650822426	1.75205071996261	1.77334344189174	1.79450259934471	1.81281004556922	1.82858199395395	1.84539928408888
652	Saint Barthélemy	0.872248813086113	1.15372728257324	1.34534352895089	1.46532578147067	1.51062995397786	1.5505049801185	1.58584199113495	1.61913607888387	1.64964181304008	1.67708254824421	1.70164816677825	1.72643640564105	1.74774182847508	1.76810540390438	1.78876414405363	1.80586780919001
659	Saint Kitts and Nevis	1.59591651478238	1.78789615473283	1.9137216669852	1.98743482396752	1.99547875261083	2.0002851154157	2.00645649518947	2.01390011448673	2.0236304823102	2.02960435314012	2.03505044975491	2.03865242138947	2.04667820978274	2.04984134839887	2.05462284483284	2.05966178067062
662	Saint Lucia	1.46435617570491	1.66255432506513	1.80245107739313	1.88149635623323	1.89747757248032	1.91265238240449	1.92550254716631	1.93727636306544	1.94567033379283	1.95423988689049	1.9617958131002	1.96985979088708	1.98003436303438	1.98742447496283	1.99647673045439	2.00332971148439
663	Saint Martin (French part)	2.81060234004191	2.82634121335386	2.80069032219017	2.74605530302875	2.64947024716974	2.57943666000834	2.51932026646255	2.47189221087394	2.43544044404473	2.40790070565274	2.38233795070676	2.36144466792916	2.34679066010886	2.33280459906086	2.31789731246503	2.30529166748787
670	Saint Vincent and the Grenadines	1.85931900317302	2.0134169600803	2.11908880924065	2.1738910489612	2.16663960403038	2.15922955969603	2.1525770346144	2.15164745086223	2.15122588114722	2.14506313916918	2.14487609711523	2.14618043299041	2.14402068514613	2.14508541631559	2.14658785073251	2.14659227121228
534	Sint Maarten (Dutch part)	1.52555310163787	1.71532222746801	1.84933008840286	1.92895493983438	1.93807607047784	1.94880532913543	1.96004588734201	1.97249516521053	1.98213071548781	1.98755527148599	1.99647339330754	2.00050400543684	2.00462215488052	2.01173256182371	2.01743713774639	2.02439943283885
780	Trinidad and Tobago	1.61905956959335	1.80872591677921	1.93784586381716	2.01173395241142	2.01090705965609	2.01514427152028	2.01939004935082	2.02677970536598	2.03344629100852	2.04130627844823	2.04866664449389	2.05062684317543	2.05644075555591	2.05896993249932	2.05842272564605	2.06322262454583
796	Turks and Caicos Islands	1.55381283337333	1.72496710269479	1.85836581934882	1.93475106721765	1.94440389561575	1.95790207624442	1.96631465446037	1.9740711995733	1.98020087836773	1.98818273586666	1.99523009994172	2.00180646562905	2.00675404722044	2.01276504589673	2.01871224275466	2.0239134370543
850	United States Virgin Islands	2.17440758496451	2.32010303814163	2.39324818643001	2.41443854615043	2.37935031006287	2.35423439078112	2.33424755092731	2.31505404577076	2.29895726735951	2.28761791572255	2.27498304579362	2.26649531975485	2.26320043830989	2.25716168777499	2.24725347829817	2.23947659935541
916	Central America	2.07810281554677	2.20003293349362	2.27521901191925	2.31051120077463	2.28014460427607	2.25840320070872	2.24242432173939	2.23006358302163	2.22014675149581	2.21213058696549	2.20656626075425	2.20024589338548	2.19541555681412	2.1906647703721	2.18621036727265	2.18211707629011
84	Belize	2.04607045131891	2.26459862866845	2.33323882037241	2.35131459755448	2.31549445138978	2.28855863841216	2.26924131729027	2.25129253590207	2.23763142344815	2.23139937799648	2.22569617547772	2.21854781565449	2.21039268710355	2.20417603125569	2.19843722295338	2.19152343085473
188	Costa Rica	1.41850653688452	1.60179469927208	1.74938631957468	1.839569539047	1.86050251773533	1.87739407783142	1.89164652648506	1.90772014993529	1.9194042077944	1.93089439131128	1.94222361001554	1.95666847315218	1.96635706620919	1.97573629364792	1.98433510845513	1.98953297832524
222	El Salvador	1.85895795152525	2.0232260176968	2.12485693060227	2.17550013020685	2.16575169271991	2.15827376554102	2.14940244017131	2.14345911165612	2.14081555438326	2.1398054740767	2.13565169469733	2.1303683230484	2.12294718398016	2.1205131239749	2.12102819108392	2.11915899438322
320	Guatemala	2.41422386108352	2.48282889850661	2.51732050751108	2.50850145112311	2.44119881123133	2.39507282332912	2.36123420771094	2.3289771324779	2.30526361078023	2.28228450242687	2.2610144459531	2.24864702092073	2.23684838743156	2.22337298040945	2.21418899917496	2.20752379471341
340	Honduras	2.58862403085266	2.68254017503057	2.70077903978647	2.67207637435107	2.59535092701149	2.52828849965949	2.47698286084642	2.43474627322225	2.40395927814798	2.37786711938161	2.35673300769399	2.33549695156094	2.31750129522862	2.30424964029242	2.28685437226555	2.27284217016537
484	Mexico	2.00397741910898	2.12369459399397	2.20242681318877	2.24485753338825	2.22088138536988	2.20596310832879	2.19601207821154	2.19007173681999	2.18426387285447	2.17982478877482	2.17830896371596	2.17427135350333	2.17307002296284	2.17152808502605	2.16930254664601	2.16595594136361
558	Nicaragua	2.30992812547937	2.41985361686103	2.46127448673439	2.4663650953819	2.41452570644389	2.3752643582386	2.33800127777824	2.30900899650595	2.28391406434257	2.26657734122191	2.2519961549744	2.24471935459783	2.23515883153206	2.22776837971311	2.2230819930048	2.22112841468152
591	Panama	2.20696304129873	2.34413790683191	2.41003212046768	2.43473176974464	2.39690740009401	2.36809352947596	2.3402130024624	2.32208880604105	2.3075043344755	2.29678977721866	2.28493514737916	2.26968111752778	2.25801135084608	2.2492436192493	2.24266769091472	2.23738702369292
931	South America	1.79269957783872	1.96759754535367	2.08463341137566	2.14539843802318	2.13889554930942	2.13307670005446	2.13166209699148	2.12822653216599	2.12434695374902	2.12254659981462	2.12473532498647	2.12806063804415	2.12623839033773	2.12330156475499	2.12235529839346	2.12173408680419
32	Argentina	1.60006503066172	1.80347867543887	1.9470135549675	2.02347630976891	2.02630480541187	2.03280907114485	2.04058174286762	2.04667837107081	2.05113169201978	2.05452083696392	2.05968119543183	2.06419702421114	2.06562795037905	2.07134955498997	2.0722906217929	2.07674779797329
68	Bolivia (Plurinational State of)	2.64517769190834	2.73003200113843	2.75782305692002	2.73556635786787	2.65475022230579	2.58864738434423	2.53272357010255	2.48260750134994	2.44823364203323	2.4176215077532	2.39398514241685	2.365679744411	2.34731184808762	2.33280009124598	2.31763167567851	2.29935401547396
76	Brazil	1.70098983799282	1.87945887090015	2.00176011167954	2.07036111189927	2.07037639991327	2.06329815469623	2.05968697804381	2.06191605285523	2.06623151172901	2.06866213166461	2.07191259324088	2.07567294233163	2.07437257772164	2.07457112010006	2.07805737349702	2.07745158102891
152	Chile	1.26636341196698	1.41813228696354	1.57357636808255	1.67498576963645	1.70387996100956	1.72714034336077	1.75253957142512	1.77833109265024	1.80163135169438	1.82255992304357	1.83686166212052	1.8519281337302	1.86437169050742	1.87631238300092	1.8897665696295	1.90268719987817
170	Colombia	1.73194252378201	1.89076666867238	2.00539001948873	2.07204867061853	2.07155005427453	2.07541516837157	2.07955739293348	2.08175215245661	2.08410575721323	2.08581104788908	2.08764218494708	2.09275724828237	2.09532941365644	2.09503195891947	2.09903735611767	2.10183301951778
218	Ecuador	1.93128589679366	2.06351152564163	2.16252812481157	2.21146805719982	2.1978104537366	2.18665103164222	2.1767061110641	2.17070832558564	2.16221317517939	2.15626743598512	2.15002535225209	2.14591715196784	2.14684137368601	2.14590483474493	2.14441198758276	2.14928733722123
238	Falkland Islands (Malvinas)	1.7685392902705	1.98854764899612	2.12194627075318	2.19054705785502	2.18660224437695	2.17747230794339	2.17137006168301	2.17106724775658	2.16935637671669	2.16521750233782	2.16118438747634	2.1580433606966	2.15762353075515	2.15910066235849	2.16442916922491	2.16444812575038
254	French Guiana	3.54368182993473	3.48416312320552	3.44321204137727	3.35827124903301	3.22974697453729	3.11722289710071	3.02707889521566	2.94607756761713	2.86907063853224	2.80474205636235	2.74685819791787	2.68821368566034	2.6347601520674	2.58520948887458	2.53981158275933	2.5086526503733
328	Guyana	2.50293000704887	2.60822459902394	2.63768977811494	2.62864450500633	2.5647804547246	2.50238511614515	2.45612580154251	2.41953936295796	2.3896088713663	2.36401315945194	2.34360211095426	2.32361988154414	2.30990348890315	2.29670904678265	2.28868334797491	2.28131150364786
600	Paraguay	2.51556585440629	2.63771349848845	2.67816251085516	2.66426434386491	2.59888800028126	2.54328945911501	2.49884985218109	2.45668129692202	2.42218836402464	2.39072882018457	2.36635453014758	2.34633144771696	2.32889315822228	2.3139597368533	2.29936574136582	2.28617530813991
604	Peru	2.07147857036094	2.20024862509307	2.27712632209695	2.30969820760054	2.28006222641164	2.25289579300709	2.23917076055485	2.2245704559099	2.21304747361104	2.20457609641849	2.19768257639876	2.19647032066195	2.19511201645064	2.19266173404572	2.18967505078931	2.18623377041837
740	Suriname	2.33832438919227	2.45262489740849	2.50175558177355	2.50510553657475	2.45370602397513	2.40873587301349	2.37964230628716	2.35820495720809	2.33461202255096	2.31758169023029	2.30398116485643	2.28788979091524	2.27249733523376	2.26131119202984	2.25094243233532	2.24443545178903
858	Uruguay	1.4988358381635	1.67682898010885	1.8193486965455	1.90287364617664	1.91657046697891	1.92944259014562	1.94045397544854	1.95023460862591	1.96685874236642	1.97359458251644	1.98096790844712	1.98830306213214	1.99543589483179	2.00310534941181	2.00895515900399	2.01657988462217
862	Venezuela (Bolivarian Republic of)	2.16290134209404	2.31586656818033	2.39236384335082	2.41647960633487	2.37641205600715	2.34059175284181	2.3160974517235	2.29662083796616	2.27971772662465	2.26818241620265	2.25735714093948	2.24644434105175	2.23665643470831	2.2333048100401	2.22799502292979	2.22124495411999
905	Northern America	1.68314580098938	1.8922773890583	2.0337176405886	2.10816555970912	2.11277766286512	2.11590054643095	2.11735916068457	2.11793033027926	2.11791161970969	2.12090616322807	2.12252523534981	2.12590400998348	2.12699064914306	2.13000179363442	2.13237641269688	2.1333789278489
60	Bermuda	1.47968114593644	1.71536304837767	1.86367523038491	1.9451679182926	1.95537308784139	1.96491294361752	1.9729565305511	1.97839130186048	1.98956441907511	1.9987160241458	2.00571029808732	2.01396672116073	2.01963213798396	2.02145290645281	2.02632792879639	2.03127876037219
124	Canada	1.44838758992411	1.61993073725074	1.76291100568599	1.85040783452976	1.86733201681572	1.88389354389679	1.89820793495216	1.91577684488178	1.93015803032521	1.9409416655407	1.95433607118298	1.96368142761765	1.97193781518064	1.97673629183585	1.98430427379634	1.99402613952531
304	Greenland	2.03316509965429	2.17653264609419	2.27604710049825	2.32398687028346	2.3120055757236	2.30134411078068	2.29216233172988	2.2813123676261	2.26995697981549	2.26221874074005	2.25690452864217	2.25176490898039	2.24317567351289	2.24286447775731	2.2390137005653	2.23349171491812
666	Saint Pierre and Miquelon	1.35615262347574	1.58662214528435	1.74463993853988	1.83650389326133	1.85106356056736	1.86972250576169	1.88180284208259	1.89205183111193	1.90502130440285	1.91779999367348	1.93190213688081	1.94102974415394	1.95378438973205	1.96177732090601	1.96913479334092	1.9785221377498
840	United States of America	1.70857997374183	1.92095575286146	2.06164319673214	2.13596477539184	2.14007654502991	2.14236004393386	2.14228520922639	2.14054420898884	2.13855590788022	2.14073562905606	2.14140729750756	2.14447455893943	2.14491831416108	2.14768421942887	2.14931962645769	2.14934725454922
909	Oceania	2.22524218880958	2.39990168990323	2.48645596051086	2.52265997819352	2.48809806324744	2.44806363578748	2.41477614632707	2.38785632625731	2.3606629135385	2.337162258767	2.31736726344687	2.29972415753075	2.28357020869859	2.26898938409289	2.25457738551646	2.2414555137721
927	Australia/New Zealand	1.7157284432154	1.9370471797184	2.06944896190304	2.13564003030231	2.13283693306621	2.13279752269311	2.13341578925042	2.13221473650544	2.13087855119686	2.13043713042864	2.13138163219629	2.13136847619843	2.13272073773821	2.13313394035967	2.13411468571632	2.13301708839737
36	Australia	1.7118307446838	1.93784958275461	2.07264378572824	2.13907216132876	2.1361239600704	2.13626034802936	2.1363363253259	2.13513412341172	2.13367266968081	2.13279383037264	2.13390982551466	2.13373164413064	2.13476392762755	2.13477794461334	2.13553045695044	2.13404860255094
554	New Zealand	1.73138905475033	1.92745322518987	2.04890633737297	2.11622539870253	2.11464365642713	2.11303305517092	2.116091597923	2.11469928391892	2.11384373877197	2.11571767114203	2.11507201905884	2.11569554290202	2.11882320045554	2.12182508508137	2.12412998369792	2.12553668063151
928	Melanesia	3.16760984566398	3.19750535881661	3.17847364138608	3.11562233142118	3.00299654113892	2.90856817787645	2.82452923046846	2.75196164434966	2.68698138780158	2.63082124398142	2.57762491339736	2.53516917547532	2.49959973416004	2.46932508788565	2.43568929680287	2.40633391830044
242	Fiji	2.37348841115153	2.50028887472494	2.55383610098217	2.55587895728098	2.49833001215959	2.44840386085083	2.41198442941627	2.38477266134445	2.36643956650917	2.34348309665283	2.32141732481037	2.30760279404137	2.29331068640649	2.28184637751407	2.27563224191859	2.26584585170284
540	New Caledonia	2.06339735451562	2.2076491808929	2.29342644183052	2.33135864134581	2.30427866918033	2.28301242313726	2.26756833126744	2.25690638278843	2.2472406002935	2.23649890310809	2.22936161035463	2.22525102171424	2.22113008032283	2.21834992611366	2.21699805007366	2.21130178298358
598	Papua New Guinea	3.21573762476098	3.2297675550831	3.19824889170129	3.12525408869178	3.00642726187943	2.91012646012597	2.82408960651022	2.74846242476262	2.68082157437819	2.62306046421799	2.56832857641621	2.52621579368177	2.49121060819064	2.46152014293243	2.42708583870681	2.39764238320253
90	Solomon Islands	3.67337348255394	3.64383079525189	3.56940823251782	3.4535282740114	3.30252483506818	3.17038791595675	3.05347324166492	2.95343324466449	2.86150932566586	2.78196016955962	2.71262171057964	2.64954001746285	2.598470582958	2.55415610716204	2.51474497829457	2.47494032180009
548	Vanuatu	3.70450313763695	3.73768000157897	3.69580924227904	3.6137090846505	3.48500028268935	3.36384029782488	3.25551082876828	3.15961460338606	3.06798653806965	2.98792394235034	2.91778204974127	2.84797836580735	2.7906310819058	2.74081888031744	2.68845082132844	2.64237761688687
954	Micronesia	2.93949065888535	3.01703463672087	3.03225017126242	2.98669277088298	2.87127816706777	2.78530123231327	2.71952333700462	2.65754406188136	2.60531624615374	2.5606254949662	2.52087032945919	2.48896085981	2.45805738755037	2.42750356755793	2.39613899792415	2.37477263039059
316	Guam	2.87686834280408	2.92693302759523	2.91545639333707	2.86313016367599	2.7621209830674	2.68416351960551	2.62120136832714	2.5692381362665	2.52457158069334	2.48985551505549	2.45608362881344	2.42554782094547	2.40090139412583	2.38130212041384	2.36309049573088	2.34847942994096
296	Kiribati	3.24503034305075	3.31169199823159	3.30819349545908	3.25484321140037	3.13194295832369	3.02762835511722	2.94290626806389	2.86336442406626	2.79278692860751	2.73023667148888	2.67333811048107	2.62680121314023	2.57825195391214	2.5357414827691	2.49370783655289	2.46007763520833
584	Marshall Islands	2.99050523319015	3.00375120378344	2.9483766519109	2.87406401235029	2.75583134988041	2.65876903166824	2.57053209354112	2.49749329341469	2.44646139840395	2.40735474711489	2.37036303049596	2.33448801209754	2.30993244358913	2.28565751293342	2.26985227945409	2.2579965063587
583	Micronesia (Fed. States of)	2.85004294153884	2.92627749136968	2.93237626001758	2.88675396273731	2.78103277958907	2.68682069373518	2.61265910595996	2.55209092031912	2.50527493981535	2.45955116587259	2.42093508278756	2.38930024436813	2.36437366431452	2.34424124320286	2.32074654387936	2.30284461534154
520	Nauru	3.43178448792412	3.43905345741606	3.39632319764016	3.31623144383397	3.18573689344594	3.07534739812051	2.98486185284095	2.90048406680256	2.81870099480541	2.75212860467028	2.69391569911056	2.64146417515272	2.59497726152489	2.55153085419937	2.513529922118	2.48325728223929
580	Northern Mariana Islands	2.45177215857242	2.49140726073206	2.50173939161544	2.49935858248535	2.45323597783265	2.42521509064902	2.39899274057294	2.3770750216522	2.35994314314985	2.34513908731387	2.33109335659581	2.32223918680074	2.30965958717872	2.29822109255433	2.29167895737564	2.28461651283401
585	Palau	1.99167178210883	2.1142688161129	2.19845223593726	2.24493919001528	2.23363771692006	2.2236619749227	2.21286374665176	2.20489869875555	2.20175555497548	2.19642005707331	2.1919878984497	2.19132027301346	2.19209356351538	2.19230295746674	2.18898567859954	2.18593868454183
957	Polynesia	2.6355833080327	2.75555871132493	2.84264895500179	2.90486594892827	2.89283463097634	2.84519606522251	2.77952884636662	2.72115094120857	2.68142870211806	2.64467804936719	2.60285534180759	2.56201343848654	2.52495118399754	2.48898706831938	2.45529957385464	2.42576271666329
16	American Samoa	2.37142345820967	2.48917684544232	2.53555119470164	2.528588739528	2.46797944297305	2.42529532037791	2.38556447980209	2.35790693731571	2.33342167090026	2.313189370084	2.2953593314098	2.28270325299262	2.26576925137779	2.25765111611609	2.24635732573852	2.23980190314714
184	Cook Islands	2.12670462043092	2.24321298815912	2.31347404840718	2.33936506356352	2.310490848583	2.28895983913846	2.26531330838902	2.24897435065381	2.23773906745917	2.22674997177679	2.21697893544981	2.21075080848995	2.19970832146647	2.19641302032942	2.19008828808115	2.18677653589682
258	French Polynesia	1.58804518627915	1.76230171015286	1.89788713180289	1.97785738591264	1.9849928679595	1.99317847054512	1.99884427542864	2.00363047508297	2.01283762335328	2.02153824188206	2.02533547332163	2.02837334863394	2.03069890270029	2.03668928345639	2.04139954553676	2.04110995516195
570	Niue	2.60190230554672	2.69469012461337	2.71837178865742	2.68575514924415	2.60527743161254	2.53858532171062	2.48147425358057	2.43363234793892	2.39685554842986	2.3686475564847	2.34023780886925	2.31626166906552	2.29885404609423	2.2842025928183	2.26995098963469	2.25738108202104
882	Samoa	3.94139793664126	3.93816833501589	3.87485441185611	3.75487334227728	3.58270949639537	3.43220928135718	3.30331051837266	3.18511446807347	3.0758063005882	2.97688951710746	2.88599010261063	2.80511486884042	2.73726206775953	2.67687389991432	2.62526847866587	2.5793830064979
772	Tokelau	2.71473511591969	2.79933132700188	2.819867319771	2.79775203947258	2.72636500801082	2.66338750470736	2.60504301799949	2.55790365124349	2.52144301508748	2.48460630726459	2.44682881195748	2.41319954074987	2.38681004367287	2.36508818959372	2.34085303832595	2.32409419791633
776	Tonga	3.22465124948068	3.2852149440231	3.27063561241414	3.21161802058272	3.09770754356291	2.99668528979946	2.90901224177126	2.83651953467677	2.76615802630952	2.70028272396788	2.65057288856285	2.59834504535534	2.55204093323669	2.50951971422884	2.47490234673951	2.44194842331425
798	Tuvalu	3.29875060035489	3.34362466365883	3.32250377472558	3.25403744301212	3.13903657896674	3.03166812654047	2.92966243566762	2.8447551811639	2.78243645427964	2.72318445484864	2.66298425288717	2.61181734877908	2.56591194716356	2.52786623702229	2.49331920734004	2.46287918825881
876	Wallis and Futuna Islands	1.51111746271985	1.68884426371237	1.83535374945045	1.92141511914218	1.93204108253586	1.94432173819481	1.95714662431339	1.9674419021803	1.97580723082275	1.98759573130775	1.99305866497307	1.9968984620348	2.00660866032067	2.01065807889636	2.01925887632547	2.02571137466758
