country_code	country	2020-2025	2025-2030	2030-2035	2035-2040	2040-2045	2045-2050	2050-2055	2055-2060	2060-2065	2065-2070	2070-2075	2075-2080	2080-2085	2085-2090	2090-2095	2095-2100
900	World	2.34134173625603	2.33624522992976	2.31258399124148	2.29413734406143	2.28792610257737	2.28927327585772	2.2719498955591	2.2527882989378	2.23496950558738	2.21477453562419	2.20770716704226	2.20789650562697	2.21241098158057	2.22480251200313	2.22999926483334	2.24271578391643
1834	Sub-Saharan Africa	4.43038066043149	4.27055767152947	4.0230364536648	3.78702712730381	3.58139869124162	3.38814885504346	3.24654458205778	3.13963073324563	3.07346537277524	3.01326597315417	2.95817954592811	2.90742477375265	2.87590260612923	2.86699662231463	2.8664386432987	2.85556762860582
1833	Northern Africa and Western Asia	2.91130053090559	2.86844512374055	2.78620831538457	2.722172923389	2.6796715569691	2.63018982968908	2.60077784567432	2.57169886045747	2.5423724602409	2.52621446391192	2.51396938313851	2.49304747284607	2.47159390443515	2.45662700528168	2.44153549077725	2.4215831625514
1831	Central and Southern Asia	2.49968146000518	2.51240125560352	2.50104952825994	2.4823349851808	2.45676874339926	2.44090784349893	2.42653142177057	2.4202523285964	2.40224061746614	2.38609458531959	2.38039242205829	2.38107527501588	2.35718418707551	2.36602059994153	2.37892122165719	2.37761622473015
1832	Eastern and South-Eastern Asia	1.49800598883092	1.54675653117754	1.6006187433673	1.64280462646566	1.69488329307714	1.74336498866616	1.7690883626202	1.77708650422074	1.78043550368906	1.79936588275498	1.81964600870807	1.84493338899265	1.87530533912332	1.88465815967988	1.90036107256368	1.90549941691264
1830	Latin America and the Caribbean	1.93165422814199	1.92796583565738	1.91527523230376	1.90990524910225	1.90698433392628	1.90921966949328	1.91181161129478	1.91609660180731	1.9221022304253	1.92299992428315	1.92750052865768	1.93308906857316	1.94688779525718	1.95639205179154	1.96769570723195	1.97758988384905
1835	Oceania (excluding Australia and New Zealand)	3.75046290645677	3.72498235663345	3.59234495134397	3.51972370178268	3.4505184722278	3.44043369934467	3.38995000518957	3.32945642129092	3.2293129672313	3.19499860984962	3.13374921186702	3.09519784549802	3.04498366902215	3.02354442321551	2.97301393500657	2.93387464901923
1836	Australia/New Zealand	1.78672992947796	1.8453861083632	1.90183574941793	1.93506880217057	1.96911572633309	2.01370987882519	2.03325752481503	2.04657467310003	2.06296634502612	2.07183747081762	2.09399982636134	2.10794901347217	2.1224814358678	2.14063825619785	2.15261865648934	2.16120282824917
1829	Europe and Northern America	1.53867499013058	1.58194321797866	1.63742620062822	1.66981143152849	1.70031349743703	1.73100271204857	1.75030464363675	1.77640292726739	1.79680014671706	1.81541482957182	1.82909778531395	1.83381810866044	1.85793223574679	1.8744036481733	1.89183163800303	1.90431869960068
5502	Europe, Northern America, Australia, and New Zealand	1.53701082834608	1.58125213465129	1.63752811362712	1.66761187123435	1.69701079641258	1.72700331912555	1.74700414706307	1.77529909622959	1.79749974924542	1.81840946295069	1.83320599634793	1.84280807160409	1.86773741388886	1.88681340670082	1.90554751017414	1.9177227847091
901	More developed regions	1.51667328699012	1.558832750678	1.61351641071075	1.64940848376568	1.6781059570251	1.70770017067058	1.72789785326005	1.74929456333225	1.77110011167633	1.78890290287289	1.80400283265486	1.81141445966886	1.83732897446456	1.85349632589311	1.87002371128539	1.87981864812069
902	Less developed regions	2.46034320526904	2.45259811975875	2.42513819180111	2.39467992833079	2.37871921760482	2.374838621613	2.35032752366922	2.32947512568988	2.30765679388977	2.28876622647064	2.2781940835299	2.27289796006199	2.27441552027439	2.2884032384595	2.29440582327596	2.30792667853944
941	Least developed countries	4.04744285941575	3.92121005417883	3.73434719200487	3.54773315521606	3.39753932517912	3.27647535582413	3.17204898080148	3.10203325045439	3.03767510108605	2.97794825248819	2.96034674940636	2.92474660116982	2.91748453993503	2.9243369488781	2.94083375640409	2.94901494316157
934	Less developed regions, excluding least developed countries	2.14500571791747	2.15181311245158	2.14946129837371	2.13012372236672	2.13584974911189	2.15382202851689	2.15789105230603	2.14858857331689	2.13259731767529	2.12899688220489	2.13350382793755	2.13890145592287	2.14990096591684	2.16319998598997	2.16280097636883	2.16940113867195
948	Less developed regions, excluding China	2.75029813411773	2.7112941661346	2.65135254857783	2.59383432733679	2.53763972280465	2.49052156894763	2.44677846574549	2.41970179645768	2.38500280315945	2.35853803413612	2.34437295016457	2.33027272412296	2.32800318342674	2.33250542947025	2.3395965788765	2.34551508396599
1636	Land-locked Developing Countries (LLDC)	4.03043853967069	3.89997414850134	3.70825832802953	3.51900142439932	3.36456147537112	3.21824707412515	3.08853806266113	2.98552427415458	2.89398637138956	2.79905340815282	2.75293605587615	2.71194018605662	2.67533553813735	2.66935013782855	2.66183554821321	2.64633674178799
2087	LLDC: Africa	4.57176223529791	4.39175827343029	4.12504719873671	3.88030719216137	3.66501468098719	3.46884708411579	3.33251592948043	3.2144672087627	3.11990602574913	3.03290520473487	2.99304706328494	2.96332486138122	2.93502835569729	2.94671266289239	2.9544200259932	2.93793820670101
2088	LLDC: Asia	3.3138853591492	3.27153279517794	3.24646194972278	3.21629559668484	3.1621661496641	3.0762660998453	3.01155197730052	3.00026216938702	3.01489021738035	2.98775258182091	2.95507535075556	2.90738721442584	2.86905632495083	2.85225039358306	2.82234627041532	2.82595119642444
2089	LLDC: Europe	1.7933017300588	1.8493728775324	1.89925234065956	1.92128701297973	1.95088762865797	1.96409389974925	2.00170475163008	2.02859780273856	2.05222879180557	2.06900673322007	2.07782883228642	2.09623079111922	2.11906557297482	2.14370589917472	2.17579381022283	2.21116622285211
2090	LLDC: Latin America	2.99101152287032	2.95376308678727	2.93698074565051	2.8841292109619	2.84973540198059	2.83209711133606	2.78752089711061	2.72422865867459	2.72323930488548	2.70789567101989	2.72292283165434	2.66866905733412	2.65074925083545	2.62535096905736	2.62576945800499	2.57944190498728
1637	Small Island Developing States (SIDS)	2.36465341859614	2.3740153216265	2.38378712761986	2.37289622767026	2.37982525787935	2.36560893511559	2.34954723085772	2.34974611169768	2.36111965217607	2.35837877445405	2.35541190786506	2.34818957292976	2.34445143111855	2.36665402709604	2.35377116438102	2.32884394483447
2091	SIDS Caribbean	2.21466523856315	2.22485754875921	2.23308033017772	2.23681808032919	2.26104492902079	2.26150745694548	2.27232158625501	2.2875059602585	2.30359883367963	2.28999661144807	2.28190972201016	2.29260375173107	2.30191009414706	2.31629355175104	2.30158220178822	2.27578435647461
2092	SIDS Pacific	3.644290352713	3.5967222605262	3.46982678738041	3.39312176893002	3.3115138811633	3.28017564935362	3.24689449965873	3.17439649607896	3.09045005794867	3.07133482772865	3.01876532759476	3.01338174121574	2.95864179493364	2.95142688673409	2.92239178832104	2.87587834788952
2093	SIDS Atlantic, Indian Ocean and South China Sea (AIS)	2.01935664857259	2.1442000755236	2.35095970668198	2.46941467646957	2.5407974587376	2.55757082846916	2.5570050807204	2.5775708198409	2.65222332703607	2.66009507429161	2.65201570047699	2.63022529495617	2.63942422215654	2.631128129785	2.58337701898063	2.57480250897023
5503	High-and-upper-middle-income countries	1.57234215318915	1.59583626876512	1.63053039887039	1.66081382020704	1.6888058461546	1.71709649537196	1.73518807118737	1.75138092119989	1.76507227441358	1.78297931910961	1.79659004928666	1.80858590307803	1.82308181419474	1.83688907067858	1.84599365898016	1.85639797721807
5504	Low-and-Lower-middle-income countries	3.01561858530043	2.96432265905512	2.88143886254154	2.80932830753384	2.73450651060379	2.67788188788228	2.62796757579049	2.60127120496007	2.56898226166023	2.54285655524291	2.53901723211584	2.53859921226581	2.53732529941606	2.55924178585048	2.56951707430633	2.59134790890146
1503	High-income countries	1.52500636163488	1.56277322057106	1.61275070629476	1.64622178996962	1.678724891814	1.71051212189452	1.72841128181731	1.75530790774442	1.76340314711931	1.77760758378607	1.79690487401138	1.80021421575444	1.82254356659028	1.84010394492107	1.84632929558783	1.85861816188047
1859	Low-and-middle-income countries	2.45767145577776	2.44991659063502	2.42445061265512	2.39669994902712	2.38651795409673	2.38647277513461	2.37677528777526	2.37230044623318	2.36077951406321	2.34978963488987	2.3544100862466	2.35931693345192	2.37433400442298	2.39861553197092	2.41272686565218	2.43903566015651
1517	Middle-income countries	2.2176706135221	2.21709032555802	2.20712333795885	2.18805768075264	2.19586150387852	2.21080782475192	2.20727515516126	2.1949809952658	2.1796876658999	2.17539142280272	2.1676948978905	2.17230175313243	2.1801109854418	2.18929893508351	2.18800100511866	2.1922989316426
1502	Upper-middle-income countries	1.61334473456688	1.64315020976646	1.67732789324971	1.71002768415852	1.75580861849155	1.79169197304771	1.801701704075	1.80299212840983	1.80817632944822	1.82306637263502	1.83998362727048	1.8615444401675	1.87829626781099	1.88358230496144	1.88040044462863	1.89416068557977
1501	Lower-middle-income countries	2.70963446628752	2.68560104454474	2.63513759227576	2.59439666759523	2.54220467595362	2.49853914089199	2.46679886343918	2.4378561480235	2.40551167495881	2.39152708540057	2.37335819498868	2.35787952732059	2.35712491400414	2.36185824472776	2.36079995379904	2.35938399581977
1500	Low-income countries	4.70323887783779	4.51323587360153	4.24791812966478	3.9782591573688	3.77898688560553	3.61559829290013	3.47975207489907	3.37949241263257	3.31023342998059	3.25645208905212	3.21580702321685	3.19534512144518	3.18971679178113	3.17535068317456	3.17250020143474	3.18080463098529
1518	No income group available	2.5403985261872	2.59607743898497	2.6576137733485	2.66281143114975	2.65662535883077	2.61967327395393	2.5521934329991	2.53557265271965	2.48193360873654	2.49744752750594	2.50096658047225	2.49107646522589	2.50349636903691	2.50163002480458	2.49205672024675	2.4763864931353
903	Africa	4.17504580347933	4.03264690441061	3.81150186197309	3.60346396017962	3.41767414997574	3.25351698426449	3.13080000067661	3.03792876952108	2.96957161153814	2.92484081833824	2.86729157031354	2.81152443987602	2.79216121750355	2.7929173461483	2.79179407386336	2.78402904198476
910	Eastern Africa	4.28731840101062	4.12776426788829	3.89110154096247	3.67782893853407	3.4809175716638	3.31622329403955	3.18362108773476	3.07809289797356	2.97827964237971	2.90352535519853	2.85550208703456	2.77972879526681	2.74073382842722	2.7173496830019	2.70399984416128	2.69438049345515
108	Burundi	5.96099417447289	5.74308610661073	5.52894697707809	5.33765860945174	5.13002976648192	4.94827914737884	4.82105498432219	4.61775653540215	4.44656489645337	4.2983587579887	4.17669320363046	4.08465252345785	3.98136904074098	3.84385946957989	3.73810151472414	3.67893131956012
174	Comoros	4.54589139872867	4.52993809276524	4.4499095765027	4.34117504105887	4.22149094305423	4.08587719810577	3.97845914560133	3.91799714780552	3.82794348290441	3.69962368516206	3.60934535446929	3.51296201792442	3.45338351716861	3.34650659474313	3.29055021341807	3.21586917749597
262	Djibouti	3.8402420645965	3.66150081020753	3.54082839254662	3.45994728278916	3.36504611470857	3.30745527078953	3.21375599047381	3.14367962559448	3.07406068941994	2.93334971359548	2.84567084010404	2.83806303949516	2.79652601626457	2.73383455903186	2.66767910787658	2.64590313166663
232	Eritrea	4.96094101110659	4.76027961480768	4.56724693324833	4.40427001479642	4.27237808262838	4.10459855699689	3.99985059506089	3.88500046731581	3.75508831696973	3.64409217771734	3.55705442772653	3.49060778988369	3.40666230167349	3.36487891605023	3.31070232263591	3.22429752641568
231	Ethiopia	4.73369709716106	4.6101315985834	4.45530490212354	4.26634560263461	4.075526832635	3.92542789448285	3.76728399849858	3.64315435993243	3.5518481456733	3.54979562243028	3.4108834701547	3.29636711362611	3.21754605018771	3.10334971732862	3.03064551334811	2.98847087850977
404	Kenya	3.66824312950218	3.71980337332765	3.72060349964417	3.67962259203497	3.62923479103253	3.55968761939234	3.47139679691392	3.42540821778929	3.31749495731618	3.25102316346601	3.2140975119481	3.13854279352428	3.06875553376171	3.01487708847858	2.92656362399195	2.85727590202371
450	Madagascar	4.62245469461435	4.64908573871515	4.6112170655456	4.4733264149495	4.40614596640609	4.33574782570452	4.24062922438141	4.11277143325366	4.05582453955479	3.99441738076079	3.88506172733076	3.76290015602218	3.71484755432281	3.65345110690529	3.55318737303786	3.48687546153436
454	Malawi	4.34183166966429	4.34533343379126	4.32853602480275	4.25942874579111	4.10799121248803	4.02040943276826	3.97592523327093	3.89479509777002	3.78888432152755	3.66198494048722	3.60961673767497	3.54932832598438	3.47934494824681	3.42164872536166	3.36290498010261	3.29266289611826
480	Mauritius	1.37954650068569	1.50904163526061	1.60006151113063	1.67062398983998	1.7141817716947	1.76380433061975	1.82313815671445	1.86932480334453	1.90415719670166	1.93091903075228	1.97151163473026	2.00089497769481	2.02263058109084	2.04565112782011	2.06366782024463	2.08444102458631
175	Mayotte	4.74697972024045	4.92706122896161	4.89864863066075	4.82862329649284	4.73125960978415	4.61707152679952	4.52022541570836	4.3792471936524	4.28448671319308	4.17040076910458	4.08797973399078	3.99141491005146	3.91837851437854	3.84945398975113	3.77941402549336	3.73716772059536
508	Mozambique	5.40965191052242	5.38045936095331	5.34494863600396	5.28569034421047	5.16930128443514	4.99671034132295	4.85650994002702	4.67414300958938	4.51912984995557	4.36268566593676	4.1525776598926	4.05921994437209	3.86600319479576	3.6919120290974	3.61780279452693	3.5444836233743
638	Réunion	2.35553409195869	2.52479977814328	2.53844787095643	2.55327075007401	2.56730778559174	2.53950405950077	2.52108007634075	2.5318495616288	2.52522020328124	2.54590461323915	2.53460413466766	2.54121862379275	2.54509042150066	2.54887081556758	2.57621650608662	2.56677988831787
646	Rwanda	4.27811898159156	4.27058185694307	4.19127213601901	4.07835876058359	3.91741899129119	3.86259836761127	3.77228727296385	3.68068628950547	3.6086786455647	3.52899426291005	3.36731838156877	3.30825188448116	3.23933604289795	3.15451974207477	3.10785716806757	3.03275675855149
690	Seychelles	2.58151091225314	2.62888660418707	2.58644852147515	2.52677692403338	2.49876420416878	2.50776551318559	2.48638807373754	2.4839419409975	2.47691263066904	2.45499725710804	2.44031414059904	2.43596756687595	2.44507965094827	2.45850146590211	2.4460330016963	2.44414638171098
706	Somalia	6.88619176629635	6.81243637192063	6.68853120571475	6.50373225588568	6.29303461201202	6.02921960660321	5.79213179810234	5.52057961001347	5.29302012165558	5.13603951536757	5.01444033130512	4.78933307490191	4.56639557388806	4.41317413393838	4.24972822131867	4.23550355139871
728	South Sudan	5.19045588684675	4.95696542596103	4.75935474179856	4.56113992462588	4.41782189741252	4.25467037575818	4.13158712343923	3.92852757135774	3.78932733418958	3.72998524973551	3.6397451438155	3.52472376609075	3.45334342813868	3.38503786954285	3.26978578274159	3.15843456477088
800	Uganda	5.02501155924426	4.84869847928604	4.67851464855813	4.49103068566773	4.35994952533507	4.20647478024568	4.07386855353573	3.92114466829816	3.82523270304998	3.6642329787391	3.56485102521257	3.4309709434978	3.36313053818611	3.32607350105558	3.22726634124039	3.13686813567136
834	United Republic of Tanzania	5.04664568937332	5.07193499265281	5.02277245932731	4.91691410662364	4.7935964512944	4.67102965764299	4.61307851103271	4.53927609480727	4.43862595350547	4.36057190595236	4.25926684873771	4.16569588726117	4.12851609114771	4.05731880530966	4.0108345303427	3.90488114126164
894	Zambia	4.99101277442302	4.86829386905157	4.82292625249607	4.7031333908474	4.6489742726658	4.55098523488949	4.46353237327826	4.33546908837879	4.19686938585167	4.11372314053057	4.04831943057141	3.97842775428911	3.93729112483554	3.82956924775937	3.81216486476601	3.77621818407163
716	Zimbabwe	4.16396193716754	4.2243335497516	4.21308991254197	4.11067466704654	4.04226955505213	3.99171086458232	3.8663655608339	3.77386638978184	3.68701763276257	3.60161360093122	3.49955281185232	3.41084264000207	3.36609851683622	3.31329420155155	3.30074529029148	3.20346566500681
911	Middle Africa	5.86734681222118	5.75142101979138	5.55198276920649	5.3517812438502	5.15566030399126	4.99066469999174	4.92140270171541	4.83028519824498	4.76016268857181	4.70699546788145	4.64044910794242	4.56478619669365	4.57234538498203	4.52062573709687	4.39148159967633	4.25399056840971
24	Angola	6.06571852432503	5.92905294508334	5.83184132661215	5.63406564595071	5.47991311157379	5.34455857070308	5.12549162911399	4.94889905619081	4.80294720986006	4.65489445471165	4.50028399639307	4.33855556318999	4.18144662881019	4.09226991859167	4.07299541763335	3.95027096393164
120	Cameroon	4.72508725565192	4.78525427940841	4.70530618000778	4.63770347780839	4.58865223692661	4.4675072243819	4.41362528055649	4.27596551015923	4.14083076433951	4.06718678570867	3.95495462364598	3.86893798785539	3.80305322159423	3.74269340424496	3.65257264272189	3.60214106432513
140	Central African Republic	6.50936268343256	6.01275158959008	5.97139550265953	5.91293147246175	5.84266737095186	5.77745564113847	5.69493524544196	5.58631221095548	5.41194333969765	5.14332353337342	4.88024844493773	4.64267151716552	4.33765310277636	4.04137406886059	3.87320791577559	3.61206262786027
148	Chad	7.09255786857627	7.11268674149882	7.08302654587215	7.03203789868748	6.96101260327505	6.85801085799108	6.79764328578146	6.6730901621401	6.59054298687863	6.43689469743558	6.25501160713511	6.05867339810725	5.8981215336851	5.68408215295806	5.42094762515127	5.10628547274233
178	Congo	5.05533003530724	5.00392747170983	4.89997325598666	4.80445451593967	4.66556814409064	4.58172360022077	4.46738774093163	4.34337664426052	4.17615975831335	4.13042171381795	4.01402163705649	3.97426709346942	3.83000715909256	3.77955796390308	3.69697990139299	3.61831099936238
180	Democratic Republic of the Congo	6.6610554183207	6.52272487016015	6.4896024825705	6.4456822229064	6.40091077679319	6.36095169602473	6.30680027253731	6.2425698421493	6.09216266192885	5.97242177262023	5.86126644626438	5.6482421368234	5.55709196339548	5.37406968285556	5.15120772894978	4.89931114613038
226	Equatorial Guinea	5.76112748253186	5.74458207278695	5.68299724563281	5.64578835888358	5.53896404094067	5.40786067873076	5.29383831777968	5.14520364819656	4.85106989482875	4.56541251066837	4.26234888842275	4.02790796991162	3.74565394666043	3.59205507267894	3.43026660179331	3.22452992454364
266	Gabon	4.24924657366885	4.24643926950898	4.18548453574325	4.07060210612915	3.9921845420895	3.85460227311662	3.7279118435936	3.59580437934335	3.49461794425478	3.42992691917826	3.32836996236729	3.24544251067179	3.23837674795319	3.16988380371793	3.15280215516418	3.11144211905494
678	Sao Tome and Principe	4.2536654648452	4.25642891792224	4.23221177283628	4.16321846988963	4.12020279889565	4.01340510444294	3.8976744589121	3.79089462491381	3.70718512047778	3.67872895221992	3.59558027823685	3.5142037890924	3.47517871809278	3.393883459058	3.33237737066986	3.25607364101022
912	Northern Africa	3.23493735271309	3.19976237438612	3.12502435477472	3.07493244284719	3.03136637613541	2.9916253237854	2.98055926450743	2.9554668912306	2.94645613180488	2.91583140409216	2.89674114528297	2.91456508934735	2.90720308790868	2.91665289292759	2.9098740851825	2.87479930670644
12	Algeria	3.1744697633223	3.13390679999989	3.05406889773851	2.9678372051219	2.86454501347068	2.79657503588449	2.69125017329575	2.5958545553559	2.57416307361181	2.56085405210125	2.56456812950651	2.54643009542199	2.53787501196759	2.53320039320076	2.52252848478941	2.52123320960155
818	Egypt	3.15778799317786	3.30366575600698	3.34901230029092	3.35286039742065	3.34188144933571	3.29712728041936	3.22909194725521	3.18536452166692	3.17130022394645	3.12650793375078	3.08963098010654	3.02980454164182	2.98845834146484	2.95692368075672	2.94041200954681	2.82378325999906
434	Libya	2.99900086617309	2.8053704342011	2.69730944752099	2.61639288395808	2.51425259359873	2.46595676781775	2.42978420152103	2.40829280985801	2.40176420785109	2.38802900731729	2.39108739359074	2.40352796240457	2.41141801303353	2.42309765810252	2.43038912148454	2.44928081257577
504	Morocco	2.5957786165605	2.67797786274079	2.69449060242123	2.68708138713096	2.65241477142108	2.60964541756458	2.57819321757627	2.5582258479589	2.52012912688966	2.50145310049655	2.48697898683349	2.49485651407177	2.51151893600144	2.50489390074969	2.48040794630753	2.49701365932884
729	Sudan	5.26772961996181	5.200339902311	5.13673771507425	5.03058293868567	4.88998261082875	4.7982080621057	4.7219243539561	4.63588589679553	4.53441361743715	4.41586946635022	4.35367360869956	4.23703219569268	4.13092041543891	4.07248854258774	3.97650269237753	3.85677792594073
788	Tunisia	2.09395245039684	2.20673396551024	2.22568535593615	2.22395450208791	2.26318286310196	2.27246489744635	2.28839809963961	2.31199035064752	2.34271963752146	2.33689599273187	2.34452352536539	2.34903380778183	2.35850282041805	2.38843761535644	2.39561634285593	2.40997112524822
732	Western Sahara	2.94484933275104	2.91028643770895	2.84579087984473	2.82266102711985	2.76304212685247	2.71527148467479	2.66323068800321	2.59053974376806	2.54086090869803	2.52626731332824	2.49782268429512	2.53082067820484	2.53010845332679	2.53595888192673	2.5254677046079	2.50815166463348
913	Southern Africa	2.72006483350039	2.75415720306738	2.75641408416787	2.74251466814527	2.73845672377527	2.69586799525307	2.64773855625673	2.5692013053949	2.53004030893025	2.49413260803355	2.48049799193794	2.47653028803989	2.46972071872437	2.45378568761384	2.46414227456522	2.46122126105694
72	Botswana	3.23648500816169	3.21654989792085	3.20737942298123	3.14263634559707	3.06870315670746	3.01943431029606	2.97683462103251	2.908278970869	2.80327566202156	2.72809979344604	2.66940789448702	2.61702391454028	2.58695366988681	2.55495187994526	2.55426405046823	2.56278361644537
748	Eswatini	3.41516010601996	3.39371877723085	3.31682900723899	3.23873090349539	3.20074527399173	3.08103026422935	3.05062948014219	3.02417961711962	2.97051544539635	2.89151473943233	2.83071305914562	2.75663472109864	2.733205966102	2.69700649645447	2.65377054088186	2.62799331623573
426	Lesotho	3.19230350635837	3.22432418439918	3.23247989510267	3.2024793959404	3.14930733066846	3.11663500357296	3.10782891738946	3.06205763050114	3.0243013792477	2.95496688643491	2.91173396090747	2.82854427673871	2.77819586653414	2.76841654340241	2.72263320600187	2.66581032537784
516	Namibia	4.08050047488131	4.07050885539635	3.94733793318538	3.83189361160428	3.71292829213005	3.67029192818205	3.58243211361807	3.50716193896204	3.41617201028072	3.36228794589294	3.33801055687763	3.26299387086903	3.19972585506132	3.17984743574515	3.08755248512249	3.07731871275197
710	South Africa	2.63704110633455	2.73949081340456	2.7662532960013	2.76521076280839	2.77328475340965	2.73572228096375	2.69463839658715	2.61886181484568	2.59996862237888	2.55198560284169	2.54341161429966	2.52669192254999	2.52296360452297	2.51526720087391	2.53251386897177	2.5222983120806
914	Western Africa	4.71544010395926	4.57330858664956	4.37080358451479	4.17007059576514	4.0030065826796	3.82435432344267	3.67055492840504	3.54941297117955	3.45086757443175	3.33768354529652	3.23371577799816	3.10406769469849	3.07059089644481	3.03352009945363	2.98014301019269	2.92706099133663
204	Benin	5.18185166943698	5.11958543904191	5.01657602560998	4.92990068362639	4.80126136159917	4.64360414624385	4.53431718050164	4.42051937065672	4.28341459582672	4.18935604930181	4.11191032019694	3.9644117139869	3.90027368817147	3.87298187708277	3.80429166905042	3.70762975101721
854	Burkina Faso	4.80079585444374	4.79381998321185	4.69622178914667	4.55349560868752	4.38214708682867	4.21944793855473	4.08730700347946	4.00218205666365	3.88875972622988	3.80064735869311	3.67848828788827	3.61066216187948	3.49159347922364	3.47460696475557	3.41480242588063	3.33853745507583
132	Cabo Verde	1.75915076529901	1.86669621075453	1.91621812556047	1.94485921680033	1.97857024639917	2.00519020660354	2.04605542588721	2.05966947917612	2.09067564516889	2.09951680500964	2.13502775547526	2.15336253796306	2.17044297745383	2.19732615290974	2.20863115425507	2.22674004782278
384	Côte d'Ivoire	4.84811524158452	4.85145294321407	4.78118296859033	4.70874714365462	4.6629467582958	4.54918700074177	4.43465430751838	4.33728089179819	4.23628811772033	4.16629534104407	4.04180205925475	4.03269726510804	3.97318259742068	3.8960526371283	3.8668877709612	3.76881426352341
270	Gambia	4.78480679084536	4.73243381316473	4.50038965700438	4.33016285973219	4.10758626669015	3.96813502017281	3.82569957728474	3.63273424190843	3.49692960609274	3.35765200949954	3.25351198350077	3.13429988170897	2.98242759129298	2.88952857005078	2.86547980679989	2.83536884792061
288	Ghana	3.91479160039322	4.00368910416795	4.01518926236716	3.96752554412732	3.91017041414288	3.87146702341913	3.80150133700272	3.72932380972771	3.58821585493542	3.51460688324435	3.41909942378224	3.38356591086028	3.30674966256108	3.24257187405855	3.22574618811354	3.20847053146287
324	Guinea	4.90455151053432	4.81354698381849	4.71493403481073	4.54626056912938	4.43417482315266	4.29448610031416	4.16062263642005	4.06409820322523	3.95536033693284	3.8389066249928	3.82574680843741	3.77872331874067	3.66710804532779	3.59081364759638	3.47737557801703	3.37222771441789
624	Guinea-Bissau	4.57856615415867	4.5588485165875	4.4493828632147	4.33650880547549	4.22950169549416	4.07645689669193	3.9717219429422	3.866867654783	3.73781936974914	3.64950693773751	3.5067556469728	3.49974101674504	3.44703114169659	3.31362761141372	3.28160011454847	3.19521874792501
430	Liberia	4.61402160408238	4.60001868223491	4.48848172953517	4.39880247733769	4.28687239661343	4.17999062274864	4.14643141940722	3.97899122834037	3.85841223789099	3.82341882903086	3.74014561321993	3.65257054451029	3.56061678103623	3.53083578312408	3.47280030593766	3.41159060819646
466	Mali	6.40919327959792	6.33775848105358	6.21323167203935	6.07266000589328	5.97076288956496	5.77508190877941	5.57372367582989	5.37743660355144	5.17161771092266	4.95635791416544	4.77195802319224	4.66830327275687	4.39911310943489	4.16762149892586	4.01356077642313	3.83801470562178
478	Mauritania	5.58866737477112	5.49465614456665	5.39170000134268	5.27271081149429	5.08888525478093	4.9493421678231	4.78234682531981	4.5982845080321	4.49535968480228	4.38635664630662	4.35208432082668	4.22644993271952	4.09730135593808	4.0036435180313	3.88352092156507	3.83993234769415
562	Niger	6.51675019421943	6.35832878511076	6.02053075126304	5.73112556179238	5.44694065368034	5.1704415528027	4.90486385265075	4.71106161520081	4.52190772148559	4.32933994038729	4.19471749279503	4.06570143392498	3.92052206647589	3.78019339320914	3.6902292340613	3.56638271489327
566	Nigeria	5.11493424402946	5.0448198123206	4.95126097801971	4.76710113910193	4.63249068548264	4.43653604907719	4.26183365697877	4.10744790870155	4.01553168451632	3.87481411578803	3.74762395769564	3.62701431013221	3.53582845248333	3.48187195266777	3.39235562869985	3.36538628882059
654	Saint Helena	1.85982016594856	1.95260833023429	2.00799113436524	2.04836681766313	2.0967635015421	2.12924044385766	2.16494034307303	2.16663710785778	2.18650129065565	2.21691997951648	2.22844165602224	2.24565287823131	2.27124972651027	2.27587945828031	2.30113713751476	2.30849708212057
686	Senegal	4.41348230763191	4.45246351599092	4.4515941027547	4.38816642690129	4.31253241076985	4.24747272355484	4.17751015286671	4.08861182173272	4.02978011271779	3.99837124078816	3.8862124525012	3.77365873417697	3.70591162189178	3.64287999098016	3.5698445019855	3.45010099540353
694	Sierra Leone	4.65414437958082	4.48615841310529	4.35264945863108	4.20715980347341	4.01669633165102	3.8703854506995	3.73682965366026	3.59302467086034	3.51937404303159	3.43830312844542	3.32653008005518	3.23013750279142	3.17983059698898	3.12320977037457	3.02344505333286	2.97872063235521
768	Togo	4.98234310275213	4.90654217845419	4.83981481411764	4.7397824659924	4.63733199790321	4.56705967361859	4.38993491855565	4.29528154486219	4.24911671659985	4.14740246135323	4.06991093358746	3.98837729600048	3.90360531039526	3.80136255283942	3.75141553730654	3.64129060981981
935	Asia	2.02567999647876	2.04977919642951	2.05214509265752	2.04098125476091	2.05919387062631	2.10204734270523	2.1221109003624	2.11459027230352	2.09640004725809	2.08439634345097	2.08460012637055	2.09059972992323	2.11389779282337	2.12479868770983	2.13599716736823	2.12859979601796
5500	Central Asia	3.412025638845	3.39194291988656	3.29053167861886	3.21524274598248	3.15379213221366	3.09556469440831	3.03581519442959	2.99106315046867	2.94793312022641	2.92009900014812	2.90661064187203	2.88123796140963	2.85736781355541	2.81248068439452	2.7623326273266	2.75850949119346
398	Kazakhstan	3.36860361304303	3.50636008274884	3.56085293684982	3.54612492632512	3.57468646352745	3.56487279639573	3.53070213325889	3.52932232041817	3.47396709998518	3.44688010460099	3.38952308247034	3.3688117673672	3.30118596343928	3.1990870893616	3.14566900689201	3.10446879570623
417	Kyrgyzstan	3.07890177985071	3.23544646837141	3.26398387356751	3.25678871885963	3.25218424685907	3.24513996340877	3.17124640990464	3.10109073157532	3.06220003422066	3.02647909268978	2.95076161113542	2.88722973134675	2.85644479971373	2.7980259749125	2.75619398605859	2.72361847582687
762	Tajikistan	3.6927000848441	3.69144750580458	3.68431411920215	3.63502578614065	3.57465218098432	3.52391224017525	3.47333741839291	3.36737002663396	3.29306428795316	3.2663497886937	3.17329855318464	3.09865256301366	3.01713073522935	2.97905256916075	2.94394003959987	2.91471867934808
795	Turkmenistan	3.23330532061408	3.25881946492766	3.24941886229423	3.21205395415349	3.17326676188976	3.10053520757023	3.07924571962134	3.0264619378954	2.97166091509466	2.93607662533856	2.88705364717292	2.86806700865558	2.87254896868622	2.82188461524854	2.73534513605985	2.68000617177816
860	Uzbekistan	3.62044668084977	4.02581230707923	3.96923314266358	3.86876675913715	3.80634081281877	3.68902969828054	3.59650503313411	3.55504877943877	3.49669280142263	3.44893640965619	3.4168441139689	3.38176010343308	3.32345665954928	3.20115085971135	3.11493940050379	3.14018948574498
906	Eastern Asia	1.24299982362614	1.31868144339325	1.41856096171352	1.4846535227286	1.54730582312079	1.60639330519831	1.65561592723426	1.69913719747394	1.73465779758129	1.77323188949428	1.79885112410408	1.82048175643216	1.83651119175967	1.85199152447501	1.85507877795981	1.86007678676172
156	China	1.25870404719128	1.3415065959173	1.45436553828229	1.52595730248205	1.59662836213068	1.65688398393173	1.71247621871978	1.76110458994118	1.79005818872916	1.83693864904032	1.87094188263156	1.8934470947218	1.92396520326514	1.95549813097184	1.96928604631553	1.97762976882012
344	China, Hong Kong SAR	0.835085087060782	1.01288763313711	1.15606265683094	1.25715142813216	1.37126293453541	1.46811005284552	1.5269086561748	1.57091346352475	1.63723588664039	1.67472703113389	1.71481770245164	1.76219460209201	1.79199083837784	1.81953216094795	1.84398315543841	1.87176892979908
446	China, Macao SAR	0.846958971566462	0.977622968824586	1.1109808522667	1.22065021651812	1.30010388909256	1.37223236328832	1.43993144511158	1.50935697451851	1.56925732142655	1.62559737284654	1.68381337048825	1.70946076813205	1.74299249081739	1.76754224924646	1.79301129720503	1.82471005405
158	China, Taiwan Province of China	1.04849448902097	1.18122800851478	1.30009447192761	1.39565916776201	1.47471212815691	1.55326725576223	1.62054428069535	1.688273374899	1.72910033948921	1.7828773316772	1.80017993588392	1.82903302403362	1.87959090698246	1.91909994218089	1.93540091631544	1.98182479606243
408	Dem. People's Republic of Korea	2.3792256074481	2.40951492026788	2.43632273507323	2.41619607279723	2.42342251929327	2.41541944459607	2.39256707969167	2.36950155373901	2.36760823382291	2.37278893342643	2.37530286126264	2.38167515291153	2.37851798133888	2.41940125524295	2.39408110376719	2.4008014827073
392	Japan	1.32574221243732	1.47704161785448	1.57449339084837	1.6628936552334	1.74145746976362	1.78684019036488	1.84097109534951	1.88715378703594	1.93937787094749	1.97177590653071	2.00638457414588	2.04628329849174	2.07081375561447	2.09039838216507	2.09609555086194	2.09452002419546
496	Mongolia	2.94416416363233	2.9783040924687	2.94609722801035	2.84530389315531	2.76921893849531	2.68318879606923	2.63580319620728	2.63746041631201	2.60497221669686	2.57028999796354	2.55910900648651	2.5444388797288	2.5599455753948	2.56230693691484	2.53545853624943	2.53451668597955
410	Republic of Korea	0.883421265700878	1.04176043967083	1.19316460729892	1.31044374191322	1.42373850021685	1.50778861312907	1.58442628584438	1.64413081593973	1.6899709343673	1.74588076610339	1.7727272327819	1.81480117170106	1.84489780296185	1.86819701375701	1.87629628355369	1.891887341626
5501	Southern Asia	2.47767254373117	2.49222569686948	2.48640213343606	2.47696818256125	2.44957981480136	2.44735162005853	2.43714042402452	2.42401900736962	2.41024321590485	2.39181104477822	2.39459808476364	2.39918183034817	2.37758445939769	2.39524823264149	2.40761379274394	2.40140345418134
4	Afghanistan	5.75683299404871	5.50127870935875	5.27837156126545	5.07912179767435	4.82611519583047	4.6627385370047	4.52326931535962	4.424350094736	4.29984704442957	4.13096129759704	3.97647563242971	3.86867630005229	3.74873468048861	3.6504546521628	3.56773490868338	3.50165862136916
50	Bangladesh	2.36105888692685	2.5231747840319	2.52014487000677	2.50542320667741	2.48116181088661	2.45748981702336	2.43531716024627	2.45292934559058	2.45022436551549	2.45927628199328	2.45970200991367	2.45933243724306	2.48142902372029	2.47934127198925	2.51922113518004	2.4950553148933
64	Bhutan	1.62814982452618	1.78016583079925	1.83553546629051	1.88686123830767	1.92497420553133	1.97347704103529	2.00695845753066	2.02902749857788	2.0763412440448	2.07887613618084	2.08472015541256	2.11723993272671	2.13944621623059	2.15698528998078	2.17202119160958	2.19482414777647
356	India	2.24835708274455	2.39899193252581	2.42913133944685	2.44329036362646	2.44769384262871	2.44821124649632	2.44877583021313	2.41924147519814	2.42575648415894	2.42495184466867	2.42408050011405	2.42382373668511	2.414378770067	2.44035289249077	2.44251966990431	2.43373421597958
364	Iran (Islamic Republic of)	1.92055739052765	2.03621710070449	2.06596484034959	2.11436579083147	2.13103681440568	2.15484293387876	2.1820719166447	2.21991899767017	2.24293722174453	2.265401073341	2.26959768096899	2.27090171056779	2.26890141343983	2.28750387281511	2.30490683241856	2.31785111678877
462	Maldives	1.91469000594707	1.98386782848529	2.02740596734978	2.06179991678103	2.09884884541559	2.1170327096581	2.13941236870597	2.15855624876602	2.17148839803879	2.18443457160416	2.20537570519056	2.22001348080772	2.24133970668659	2.27280085219581	2.282760284639	2.29978639069225
524	Nepal	2.25333689360036	2.32577108410549	2.32778049318239	2.3430886890177	2.35469863701766	2.3543407044157	2.36103419651978	2.3548657031284	2.36490768028975	2.37391725248146	2.36837640994874	2.37857281590313	2.38218030844639	2.39241656181111	2.40734271091892	2.42128942667997
586	Pakistan	3.99367875021592	4.08129956950727	4.06976308422797	4.0137650392322	3.95406799627297	3.88529977561044	3.80085728119991	3.68677678837377	3.59689506388319	3.48713296823303	3.42517190518337	3.36982599822377	3.3460083697959	3.25604198215081	3.17346289952324	3.12508917371794
144	Sri Lanka	2.44824814810414	2.51205476612114	2.49518667374878	2.45866400674989	2.45132008334517	2.44242826934229	2.41387243496415	2.39227812402313	2.36607282727953	2.36647423618153	2.3981207816822	2.43129807507231	2.42905224798635	2.41838062402966	2.40638807286343	2.40972702094996
920	South-Eastern Asia	2.11367668936075	2.1283087355591	2.13443488874118	2.13427515547976	2.11718254300317	2.10710776985377	2.10527857435543	2.10270813082247	2.10601500978446	2.1065026924064	2.11070370013354	2.11629943767427	2.13079956261952	2.13370331402208	2.14060068818742	2.15960145528554
96	Brunei Darussalam	1.98089792126967	2.08009629538844	2.127219581897	2.15096834028756	2.17637734037709	2.18612320086258	2.19931848093353	2.22901332166267	2.23935652568319	2.24715869717149	2.27213046165911	2.29514009015711	2.28894063616458	2.29888138375776	2.30606966435429	2.33556026379901
116	Cambodia	2.99552934359864	3.06729951501793	3.08374530560463	3.02735062037847	2.93456959607836	2.88652742408802	2.84127757873297	2.83373102474876	2.78451893001636	2.7447473969691	2.71453215959821	2.67629457642425	2.65558962093003	2.64298144633627	2.63585783873624	2.61853172350297
360	Indonesia	2.45830516095432	2.57252868997232	2.60026872181983	2.61197542697055	2.56461763291912	2.5258530634656	2.50626883335359	2.50795269140223	2.4830895637687	2.49172847442166	2.48226105672093	2.48254747487742	2.4832708920719	2.46935748946306	2.47282030116074	2.48461407792441
418	Lao People's Democratic Republic	3.01713618125145	2.96357832606936	2.9166532594581	2.86316373867793	2.80027806636201	2.7365384904425	2.68430571342533	2.64816171625624	2.61898637156644	2.53710483097342	2.51746594949542	2.52010673787233	2.51548512907126	2.51223426059073	2.52725892189078	2.5159481285175
458	Malaysia	1.81312584316399	1.92103005155703	1.9590942600078	2.00367920635885	2.03026518198685	2.05346893712432	2.08013331623692	2.10015014918834	2.12591685197865	2.14246766790581	2.15170273088569	2.16907889801961	2.19447695438516	2.20113972843439	2.21147473747356	2.21494506430604
104	Myanmar	2.61411724677497	2.63602112671049	2.64683371565002	2.62230393094768	2.57194709796483	2.54611214675445	2.52351906160561	2.52738638887949	2.52830250619853	2.52742088233739	2.50573164872513	2.48281960310022	2.46975761934849	2.46991410734053	2.48724224682175	2.50469253751054
608	Philippines	2.2277148474829	2.33663522171884	2.36259302984226	2.39531250583983	2.3878127547506	2.36662364491462	2.33663986493216	2.35067998504897	2.36748251934731	2.38287067936613	2.38767286631836	2.41177118280993	2.43209529424979	2.41050831829073	2.40961239834348	2.42510376084239
702	Singapore	1.03919769273791	1.23345369126368	1.35814976848719	1.45996733208608	1.53387304017052	1.62471423902129	1.67420184142165	1.71933067289217	1.76756715139437	1.81442653366048	1.85397394130632	1.88248931616781	1.92025171341198	1.92855415659059	1.95521016657337	1.97909502472334
764	Thailand	1.40370882198268	1.53537145660138	1.61325797858119	1.67962983851693	1.74240326911234	1.77468398276768	1.8217365414359	1.87544832882358	1.93686123568387	1.96488952024475	1.9612941790359	1.99078834839014	2.01330413608742	2.0543792337664	2.05179912597013	2.06489614061716
626	Timor-Leste	3.57877674749714	3.42343871184532	3.2475156954982	3.12253520864183	3.00994643503747	2.90520402940032	2.88250127790085	2.79906040810356	2.72230149804808	2.64057023551957	2.58440645550864	2.56288649704966	2.54343003627368	2.52489074234812	2.51062260944298	2.54939280261488
704	Viet Nam	2.21280242842903	2.25510723336118	2.23821889238863	2.25200128640896	2.26701657811465	2.28241048935629	2.28969257557001	2.30233017089872	2.31630729587429	2.35401572116785	2.36578669735298	2.38722710652834	2.39792430578648	2.40080590234079	2.41984656641663	2.44249322447067
922	Western Asia	2.75335115458368	2.74649202571873	2.70285493601006	2.65532045432175	2.62312800961342	2.61002915891721	2.58280863747099	2.55602533932839	2.53915558800242	2.53843437141598	2.50951796235392	2.47585860412522	2.44828778402866	2.41516715881781	2.40425905589901	2.37790123462926
51	Armenia	1.93860210672607	2.05194579166447	2.09876732929821	2.13006945346651	2.16788817180533	2.17567697888277	2.20982252857881	2.24271472546293	2.25787598297667	2.26481542028806	2.29367907005314	2.29354566348542	2.30729152146235	2.32126215646181	2.32739173194462	2.33545556701191
31	Azerbaijan	1.8787201297962	1.96772847768321	2.03963870976043	2.09375920544066	2.10305541695754	2.14191146888041	2.18480679568126	2.20341831582311	2.24133633298819	2.25079503331789	2.25077866836436	2.24598743290848	2.26650755051484	2.27300902607031	2.28020073372858	2.28728777503022
48	Bahrain	2.10099506502837	2.20333791618757	2.23225028389451	2.23182872038149	2.26099158681458	2.27295153833575	2.27759748159557	2.29260498113292	2.31640588707387	2.31823214988771	2.34846202418271	2.34305469957395	2.35816968465765	2.3541091033701	2.36706439153925	2.40358898684754
196	Cyprus	1.53991969971669	1.70829873751343	1.76675165978398	1.82488306881155	1.8691881683488	1.91249247757783	1.95501808650834	1.98271358581822	2.00813456638402	2.02612024682857	2.06741543595715	2.09738013043073	2.1265339929036	2.13116131327567	2.13298635662951	2.15730358525328
268	Georgia	2.06838829140003	2.15948250969548	2.20705801801555	2.22475821829481	2.25153285318194	2.26495367289675	2.29926274198581	2.32355535999318	2.34076257621326	2.35238480089779	2.36791931232505	2.37724586080746	2.3970653867245	2.39286287681545	2.38381303314641	2.39601329514933
368	Iraq	3.9608653982514	3.92404274560397	3.86927230016496	3.82659455474028	3.78744179647926	3.75462608608477	3.65080945134085	3.59540486228507	3.57426386426309	3.5032296741563	3.38103502495418	3.33289083346757	3.31237659885389	3.2258056402863	3.14089934037969	3.082681028382
376	Israel	3.07934326450916	3.23827898955057	3.31958775175362	3.34695305966748	3.37169448795565	3.41147677268341	3.38129896676981	3.33921252566574	3.2838641831578	3.25886834695815	3.22079910623608	3.18150203970543	3.10262853128117	3.10082952438233	3.09689864849959	3.08474748566614
400	Jordan	2.95393956519729	3.01678531014495	3.07940978049693	3.06118084088798	3.00472302653253	2.94357737553208	2.86989009450148	2.82899073463256	2.79899705474355	2.762981809107	2.67690900288551	2.61855144947693	2.57952641597801	2.55633803761059	2.52384965841109	2.50236842066772
414	Kuwait	1.92501949018248	1.92823862722502	1.97100413308131	1.99157869412473	2.01740977338541	2.0327749934083	2.06768265740311	2.10981629099784	2.14108766765504	2.16846186107294	2.2034422139547	2.22065591182853	2.22138319356835	2.22064334285485	2.23990095768274	2.25190978006778
422	Lebanon	2.8685281265624	2.87095616166794	2.8761165549406	2.80452350375088	2.7602244553415	2.74401676976684	2.70166096526302	2.62856828878498	2.59732279740389	2.5503250864869	2.53049956402413	2.51020141158101	2.51726510240434	2.53155501835194	2.51202731470322	2.53189602147898
512	Oman	2.73620834526252	2.89573341654226	2.84493916111422	2.78731493289075	2.71185742233415	2.63392401806833	2.5779963123794	2.55569136679628	2.55304566437723	2.53641142597083	2.53120749727983	2.52593084466821	2.54526181419938	2.53520310925011	2.51067253964675	2.50781068667455
634	Qatar	1.94119611160883	2.08426402154768	2.11506361413849	2.13353857090388	2.16016973557349	2.17490558170344	2.17199890064329	2.18941788688972	2.20719641995657	2.23592121083871	2.25727439678197	2.27181196344487	2.30273155501286	2.30744772564447	2.33167819817392	2.3439478934305
682	Saudi Arabia	2.45434228606125	2.72746557226472	2.76518531708105	2.75088334998115	2.69485190760268	2.68175214266281	2.61454212029193	2.56492285037589	2.53808395658836	2.51335994098127	2.49977954235202	2.49605795741287	2.47899106554095	2.48706585447673	2.50388746386336	2.52266887338787
275	State of Palestine	3.99742640449959	3.91092409983905	3.85032525742907	3.78195670643098	3.69734002524093	3.63034378011392	3.50965949427099	3.40153626492346	3.3134250203767	3.24306191521581	3.1111914852813	3.06428218820623	3.01906232767948	2.97597668776842	2.93269310225389	2.88350822055687
760	Syrian Arab Republic	3.67249759982678	3.54289793647969	3.44366052496657	3.33510998697199	3.23873695329823	3.1296893288658	3.08410505403139	3.01580501227269	2.96149517155677	2.90169876051709	2.81270483342001	2.73165209878208	2.67667186336721	2.63316896368992	2.60574809540912	2.5696434014612
792	Türkiye	1.83104489748556	1.92164413177718	1.97697731589358	2.02728537063229	2.05406922013135	2.08618105489776	2.11303851784955	2.13794271027028	2.15422862934062	2.16588768920338	2.17123549256444	2.18936393813732	2.22242926154594	2.25180625274137	2.25232048396414	2.26349418440047
784	United Arab Emirates	1.44225091907591	1.59425850640577	1.68453051381402	1.73582104542109	1.77253563682947	1.83996040482904	1.87284800647628	1.91706049334672	1.94748375154862	1.99460041452585	2.00990669975712	2.03594909664137	2.0518367466967	2.082077593507	2.11066530850918	2.10432326586713
887	Yemen	5.58401626904658	5.35877104893291	5.10073966717766	4.85597126489135	4.67605881551491	4.47503125798634	4.29150425277251	4.14086350883011	4.00610687326424	3.88261969309034	3.73104470869449	3.56160894082673	3.43584446838751	3.35401152232221	3.2971257240622	3.21014575038157
908	Europe	1.45700281896227	1.49778180772315	1.55327996566873	1.59008478057918	1.6181856955881	1.63608243353347	1.66308702412592	1.68037628085385	1.70398028528532	1.72399054843739	1.73539612396853	1.7441980848731	1.75620067004652	1.77010313470714	1.78710724521571	1.80511339400837
923	Eastern Europe	1.49234062805936	1.53863078137942	1.60682151402131	1.6601313713072	1.69688114222541	1.73065400685087	1.75776914361577	1.7844378294459	1.81555364388139	1.84816363972623	1.86506288544462	1.88806639167154	1.91739289805186	1.93708024994296	1.9472012714035	1.97399923257369
112	Belarus	1.49352123955754	1.54239828309994	1.64346396316662	1.72302719076704	1.76720838481964	1.82296421281018	1.86695756440556	1.88630465004075	1.91762791235509	1.95517186547636	1.99425014347628	2.00946639938225	2.04416381762128	2.05539593636811	2.08098495831294	2.08490086736031
100	Bulgaria	1.78110584775021	1.96722945810065	2.04619240484714	2.07590324288704	2.10307592295647	2.12414767159568	2.16318167729653	2.18167798517047	2.17448144249612	2.19354567026017	2.21458556221669	2.21759972664582	2.23415666725516	2.25490335714335	2.26060505036966	2.26192679186448
203	Czechia	1.67371707059426	1.71153438740303	1.80348208865268	1.87388878208045	1.92460648035852	1.95230301308028	1.96229975616164	1.99750289677157	2.01279152692212	2.03919526668566	2.06640411063896	2.07899829100798	2.08491075754444	2.10442127041282	2.12124269696849	2.12186497405224
348	Hungary	1.61747592506887	1.74460080955111	1.83172099584067	1.88545984644185	1.93416527624667	1.96165795550709	1.98509152810953	2.01569166301815	2.04608305538737	2.05539752216068	2.08398476600108	2.10751207444655	2.12671039102553	2.12618889814056	2.12988597967169	2.13077932016851
616	Poland	1.39417064780803	1.5624957622928	1.66729679570405	1.74453676958751	1.8079252747759	1.86292060455455	1.89991669976169	1.9445995654855	1.97842099244332	2.00457767609845	2.03486480337035	2.04511370450669	2.05663033350519	2.07963967953194	2.09058631471987	2.08171301191901
498	Republic of Moldova	1.83066435831557	1.9673249266029	2.03784701233577	2.08736071997914	2.12380111985228	2.13939382466616	2.15947412066563	2.18655208443181	2.20703593677979	2.21418049432361	2.21430009908094	2.24468136116785	2.25138942070169	2.24590219280216	2.25923564232887	2.27611780486095
642	Romania	1.83139062977627	1.94464081134715	2.00968928068972	2.0482974510275	2.07209654205158	2.09540034922904	2.11600716542057	2.12877594242197	2.14567937024505	2.17378545311115	2.17930998091431	2.17279427961543	2.18840673678303	2.20339321635373	2.21210028327936	2.22141946325516
643	Russian Federation	1.56366573722374	1.71859281448495	1.81961487135966	1.87871086935725	1.9148080084844	1.94571485690767	1.96900003457924	1.98930566212205	2.0268026310981	2.04801464743951	2.06593651505493	2.09222632405647	2.09780934932182	2.10859022256522	2.1050062534064	2.1387759757311
703	Slovakia	1.69668707439454	1.82588709161501	1.89157352631405	1.94965466611656	1.99746762815281	2.01796758286219	2.04716075423878	2.07226309992021	2.10905980711933	2.11440690295271	2.11419213648567	2.14836126283753	2.15606172905393	2.16618773717103	2.17820233435807	2.17610147944046
804	Ukraine	1.18421979381714	1.28363099431156	1.38771363484491	1.47932010241772	1.56561459020421	1.63150518235295	1.6848127738464	1.73567408902261	1.76271879287641	1.80697677039077	1.87079942574183	1.89134794707672	1.89686324659054	1.91218221963154	1.92686991457379	1.94821172111662
924	Northern Europe	1.6910280094463	1.73792177154878	1.78775908018793	1.82803560944998	1.85643417296803	1.88263948019303	1.92832596687958	1.94500826812711	1.98730225710699	1.99269408309062	2.00858679864693	2.03509316012283	2.0344061998323	2.05756243044434	2.06244996142526	2.07625303997445
208	Denmark	1.66831511366003	1.75773814825214	1.85899962386468	1.91966377995088	1.9522801192138	1.98775403755962	2.03209230378114	2.06182143067583	2.07631312640645	2.09602694429139	2.11574813710005	2.12882813385519	2.1421532493758	2.18052502087969	2.19929337625068	2.19738224817399
233	Estonia	1.52374478163581	1.63862590155056	1.74864586191525	1.81826882516854	1.86951763090667	1.90856813050459	1.93960676453057	1.96558123312351	1.99748711487875	2.00509419369612	2.01371384222126	2.02622916909693	2.03769679594966	2.05902911241811	2.0746170801654	2.09438570662833
234	Faroe Islands	2.45676514057751	2.5939245209123	2.66082020494274	2.69231594458002	2.68436523230974	2.67689459156461	2.6558720027205	2.62012219140355	2.60131407109305	2.61367092792857	2.61651286836065	2.62835737003035	2.63286750064458	2.62076117095771	2.64036176025163	2.6403602616343
246	Finland	1.42046350927982	1.5427781733695	1.65316408572251	1.74710199906611	1.79236533418292	1.84545371472548	1.87737589787352	1.91028530427292	1.94631588448976	1.9825396238715	2.00344668978301	2.02564383630298	2.04471203872714	2.06232191332325	2.07439555641335	2.09428116506196
831	Guernsey	1.58118551152313	1.6947120439248	1.7765527208194	1.82873608546262	1.87129200882545	1.92129267992399	1.9671582733813	1.98932721192467	2.02123820446114	2.06042053872565	2.08869893191254	2.13587206677157	2.14693040833765	2.15352306715059	2.17238922812895	2.17915439156194
352	Iceland	1.72303012255745	1.80313629716789	1.88551184805906	1.93468059228909	1.9649015399629	2.009039899856	2.04299229825333	2.05693980132985	2.08943046805264	2.11731974389071	2.12360056280158	2.12820699973483	2.13924222770345	2.16195823183794	2.18971458078489	2.20211846066248
372	Ireland	1.73102395598542	1.86022189339035	1.95356761905611	2.00752877320312	2.05380297058607	2.08936823341618	2.11604929324035	2.13494025434958	2.15713460743148	2.17492354774213	2.19553896486467	2.19735680978842	2.20900220682148	2.21396814458331	2.23081957568227	2.25971485452176
833	Isle of Man	1.80922209272133	1.91555428741497	1.95684075150926	2.0012545259677	2.02779675878983	2.05929618018076	2.07300965955406	2.11300213489565	2.12830800278258	2.1606783484446	2.17432777738462	2.20464003794071	2.2361041496659	2.2426082212484	2.25639342918934	2.25041286092656
832	Jersey	1.54902050383352	1.67276678741319	1.74638686192633	1.81030707091487	1.86851022469073	1.91370413409428	1.96333747905474	1.97812974120735	2.01916441969891	2.05548082308519	2.07297556764088	2.07687232010708	2.09739476183294	2.11648801981272	2.1311958761979	2.15055347209808
428	Latvia	1.51262047925493	1.59346179784515	1.68575381140698	1.75461003639311	1.80053012738181	1.84466238082914	1.90336981278231	1.9525079265383	1.96183460642123	1.96876376433875	1.99410818679584	1.99731015078209	2.01687058884334	2.035420935644	2.06445108188515	2.07410164590216
440	Lithuania	1.35846784073507	1.47490648074004	1.59873000820867	1.68401382396234	1.74926010960145	1.80113261976387	1.85524161969583	1.88664594772975	1.92427799844409	1.96006572962159	1.99430197984064	2.00185271810924	2.03467822323312	2.04162434134789	2.07043979441452	2.0996531862778
578	Norway	1.52524023851012	1.65526334410931	1.75083884009532	1.82769903414266	1.86237344997058	1.90853226684814	1.94545059319914	1.96772739703742	1.99924478616872	2.03917212647875	2.07099037344944	2.08314945418147	2.08407846783	2.08677619230932	2.10242329595623	2.11603218114033
752	Sweden	1.60685537992382	1.68462685565525	1.779633586759	1.84668762114781	1.90123873039779	1.94408204811138	1.96867805302565	2.00793087197463	2.03286649412131	2.05761498715998	2.09020940738482	2.10834159247815	2.12570011415645	2.13768029218542	2.15191895111795	2.14908102125879
826	United Kingdom	1.72851016573194	1.90879449241061	1.97460229503697	2.0078256667149	2.04213216938875	2.06088829692138	2.11293792501896	2.14098268659938	2.17779440270998	2.17037903992362	2.19853814220282	2.23625675977873	2.24002800318274	2.26063680518155	2.26432302114543	2.27928071614537
925	Southern Europe	1.37399579930243	1.42538752610945	1.48639795150558	1.54159645053527	1.58230783502619	1.61407699639641	1.64458846983634	1.68137389453534	1.71318756607545	1.73910428484931	1.75541084704204	1.76783059560125	1.79603926693097	1.82085129601426	1.83786547852559	1.86618221179955
8	Albania	1.54036263838074	1.66857064715139	1.74553903782292	1.80046166226168	1.86299110678847	1.8986864781772	1.91458337695398	1.9488933089394	1.97850208177025	2.02830333438085	2.05686044620562	2.06708903570444	2.09246419422669	2.1046105974064	2.10772671177644	2.13570674745808
20	Andorra	1.22204529593934	1.40031989941813	1.50251728750437	1.59011416395696	1.6663799753621	1.72549547765861	1.76993945739128	1.80898218917498	1.85996843309315	1.86820903765107	1.91016629852076	1.94916276041532	1.96463531390883	1.98768488336062	2.02254839626598	2.04430808486995
70	Bosnia and Herzegovina	1.70947418233617	1.79938553569878	1.88294769916749	1.93173590963479	1.98158787104024	2.01328746524914	2.04212568191238	2.06592943181014	2.07350637986714	2.08551401428845	2.10177126192378	2.13099927510385	2.1398040711729	2.15652204734928	2.15636189913981	2.16108858170006
191	Croatia	1.66575464237532	1.76951814265363	1.84819053280857	1.89338697726146	1.93717995318718	1.98349145849723	2.01999273462699	2.0575992368137	2.10171429192469	2.09591280090747	2.13827889327013	2.15629684223355	2.18259911321612	2.18949551048909	2.19488925281244	2.19719252027186
292	Gibraltar	2.14090129654827	2.21019773086092	2.25466950090698	2.29573099528861	2.32595075070846	2.35089979615205	2.36828873470452	2.3752655456372	2.39100534165943	2.39664755482174	2.40708927122736	2.42410349713036	2.4322321004553	2.4440280811634	2.44429131075529	2.43429417702104
300	Greece	1.46248676007506	1.61164245609813	1.69653082811547	1.76471758645476	1.83314713779375	1.87629419972447	1.90668338086899	1.93347183045617	1.97117907899116	1.98288946150603	2.00230014026979	2.03621195978746	2.08493838924757	2.11445039072738	2.12038822675246	2.13360212338929
380	Italy	1.30610626301884	1.47590298476866	1.58961530398393	1.67231658198717	1.72604924912869	1.78650541481064	1.83507370053953	1.87648087692688	1.90331931680689	1.93352581438246	1.95277361912262	1.97150337877846	1.99189191927719	2.02152929614221	2.03549196243728	2.05660811379264
412	Kosovo (under UNSC res. 1244)	1.87340890382385	1.95563451644346	2.0071963678646	2.01863867395947	2.01645755441732	2.04231900740681	2.07372322579275	2.08349747388808	2.11596617274448	2.11627110274791	2.15082172678061	2.15654661269349	2.1767861689873	2.18584021194759	2.19683975827789	2.21447105201012
470	Malta	1.24424909255208	1.4116403336878	1.52134764601346	1.59803027323256	1.66754115109991	1.71909534187808	1.77760285372224	1.82732081770847	1.8589094044783	1.89985873455048	1.93890101933856	1.97238276297995	1.97674406439045	1.99779374622801	2.01570238393411	2.04426691192087
499	Montenegro	1.96741508109412	2.04353877761458	2.09946286474762	2.15127676257064	2.19174823257178	2.20240664191371	2.20300232173787	2.23049996016914	2.24308425275854	2.27019017925053	2.27189062241783	2.2938964739751	2.3016583859215	2.32700748183986	2.3193891636888	2.34414546569398
807	North Macedonia	1.77009575527583	1.81022931944299	1.86658757283983	1.9232992244072	1.96926575475498	2.00603164537	2.01689415531915	2.04491196384012	2.07079220717199	2.0769980887887	2.08548900677622	2.112506130361	2.15778290578941	2.18011330490268	2.20727516260088	2.2087847424193
620	Portugal	1.56534019003925	1.78019907454284	1.85424290937338	1.90673660715483	1.96473163929011	2.00211501510995	2.01899765967544	2.03479959983664	2.05090444416462	2.09061131283268	2.12400170784956	2.13481535675282	2.13316552816056	2.14986231540712	2.15561100543759	2.18619872789706
674	San Marino	1.35104394182318	1.49286595383013	1.59264032204377	1.66112998970861	1.72304286531759	1.78877815663971	1.83568677887908	1.86015310840604	1.91070688477068	1.94700034827026	1.9697861992864	1.97864213520614	1.98362487829981	1.99895587631207	2.02508826405946	2.04918060019808
688	Serbia	1.62560375333177	1.76366373703045	1.84220953187821	1.90972833484989	1.96285298285161	2.00357616901719	2.0416826483969	2.05617836134601	2.08669165796381	2.10309811491192	2.12819827901479	2.13688997503007	2.15729393286333	2.18831773455457	2.18890165830289	2.19800123349064
705	Slovenia	1.66639198175549	1.81815557522089	1.90906582596401	1.96438364847892	1.99248995181942	2.02448310606079	2.05408562185068	2.07215321310945	2.117650294811	2.11999217049834	2.14609539196013	2.16529105145217	2.19261479742102	2.21080160963528	2.20681177083517	2.23502312764624
724	Spain	1.30577503550634	1.49320972742379	1.59387308412111	1.68048391606725	1.75072584907293	1.80539075371666	1.85641342498321	1.90989405385546	1.95949097142167	1.98311927569969	1.99608405380002	2.02052510719717	2.06319402930939	2.08496769195375	2.1046209969042	2.11915613904062
926	Western Europe	1.58468754169795	1.64066975998364	1.69915248601976	1.74583359593244	1.78011902482996	1.81402073615039	1.84300919581221	1.86540241606687	1.88049740279146	1.88820787158498	1.91131115686942	1.91410727455353	1.92070707730619	1.93513466821842	1.95242245695655	1.97213603158141
40	Austria	1.46397207251127	1.59095793488921	1.6865573173909	1.76257171940968	1.82861680819918	1.86433093508334	1.91613919873169	1.93940001312463	1.95043562514064	1.99260497068009	2.01654394048885	2.03550506808696	2.04817317057738	2.08180113068692	2.09755646945864	2.11217648880583
56	Belgium	1.5618507945095	1.6363742065093	1.74338221046396	1.81969691654328	1.86232788733644	1.90944816764482	1.95576754168236	2.0077662239252	2.01961867288809	2.04455275537489	2.06680413515391	2.08285408555401	2.10282586110735	2.10862102561387	2.12785599266414	2.14752914930458
250	France	1.80282784521406	1.87128568879238	1.94825250565352	2.00460712492836	2.05177344417018	2.07950845201866	2.12798440855247	2.15965525883338	2.18663367834801	2.19943932960875	2.22557482934019	2.23395604200415	2.25450549476637	2.25568345553576	2.28859591405078	2.28943276434694
276	Germany	1.56560917179312	1.70042547340178	1.79998971417359	1.87302632842456	1.91697252933388	1.96620710498356	1.98983801025621	2.04833391999941	2.082803994422	2.08888623940699	2.09867364797583	2.1094301843341	2.11702938696542	2.15095631237201	2.1727920243178	2.17706165128149
438	Liechtenstein	1.64012543131633	1.79841281111437	1.87844443232235	1.92501985357506	1.98219794930104	2.03337331703655	2.05729000200516	2.09799088601641	2.11277244409649	2.14324142334642	2.1536790842786	2.16311774122853	2.19220257975041	2.19026074484762	2.21956693218358	2.23314972539677
442	Luxembourg	1.50820840792398	1.67129412593946	1.76821676138324	1.83326579249621	1.87960774305539	1.91444956564444	1.96575031030028	1.97832866020251	1.99181840827433	2.0156232394109	2.04690347391905	2.0541041998408	2.07453903321598	2.07724033354129	2.10090947727768	2.1305437202922
492	Monaco	2.2553230700073	2.33544165054803	2.40057546370757	2.42318770659992	2.44486426522155	2.48526192716194	2.52750854745362	2.53909831639967	2.55757353985703	2.5555736929443	2.5468919569527	2.56228144936955	2.57796763590882	2.60650685929671	2.60452028539684	2.61087282913809
528	Netherlands	1.57343591397452	1.67966572595197	1.77208119662148	1.84107594718134	1.89788695165797	1.9316488288127	1.96651632418649	2.00295152340037	2.03170145462146	2.04394077318615	2.06010603598227	2.07511774938312	2.09678789050267	2.10764552359909	2.13156880956983	2.13209382785831
756	Switzerland	1.53099648516464	1.68028785966959	1.77380073126306	1.83404042278464	1.88672599743624	1.9348472798722	1.98257651696937	1.99380158535105	2.01172029000555	2.02981015631273	2.06727983721288	2.08730008493501	2.08113426904343	2.10723750205093	2.1148967613338	2.14449637741028
5505	Americas	1.83433496143883	1.83611194715758	1.84242420743009	1.8509438314933	1.86861889583607	1.87421137753866	1.87890497030421	1.88560838123704	1.89301306593948	1.91041029054478	1.92200290202357	1.93621027594623	1.95640628345548	1.97500741442974	1.99410648656278	1.99830527774799
904	Latin America and the Caribbean	1.93165422814199	1.92796583565738	1.91527523230376	1.90990524910225	1.90698433392628	1.90921966949328	1.91181161129478	1.91609660180731	1.9221022304253	1.92299992428315	1.92750052865768	1.93308906857316	1.94688779525718	1.95639205179154	1.96769570723195	1.97758988384905
915	Caribbean	2.20833903909353	2.22327886877286	2.23998184487976	2.24621743195504	2.27124128727247	2.27481343257117	2.28952268672413	2.30670169171942	2.32290092510755	2.30879175026281	2.30110393448634	2.31539916684987	2.32100106983967	2.32099724632136	2.30460119355437	2.28249331779414
660	Anguilla	1.71369372674039	1.80964731870811	1.85659234363131	1.88819819428031	1.93055152883886	1.9692673788869	1.98366101024485	2.00927101272257	2.03739843910003	2.06592414347575	2.09273302519936	2.10321964841604	2.12985799755482	2.15650554376926	2.17081960676988	2.18421097672928
28	Antigua and Barbuda	1.81445172585628	1.95898768568587	2.00531789787329	2.05294885662714	2.0879594633422	2.11673245624352	2.14586943167717	2.15423037433849	2.17871553414232	2.22052957920566	2.24318863047875	2.25881941162638	2.28838948947445	2.30643465962747	2.31538590910274	2.32805356056474
533	Aruba	1.91210725966746	2.00684212438451	2.05914693850693	2.09320218899337	2.13903139938366	2.16621917033665	2.17641658332797	2.22799501428346	2.26490737617358	2.27423278342544	2.29106511609827	2.289634315947	2.29841459853321	2.31136126400543	2.34182125510487	2.35269502668912
44	Bahamas	1.72503480627542	1.80589835979088	1.84938348973347	1.89219847879387	1.91286152869509	1.93928010314839	1.95649018376085	1.98449109757241	2.0136497193644	2.05139287488714	2.07644567287189	2.11599544661933	2.12087401417259	2.14626816903574	2.17143249963762	2.17424873571463
52	Barbados	2.04780958992831	2.06126552513102	2.08429217560397	2.12240248155567	2.15212485295763	2.17387601571566	2.19932142976246	2.22844329962698	2.23672827877831	2.24264572365808	2.25870350563298	2.24845690113084	2.25523880696618	2.27406731373993	2.29708269826154	2.28711884210535
535	Bonaire, Sint Eustatius and Saba	1.62456393177884	1.74321645014341	1.81373304470044	1.87508253455152	1.92275051278312	1.97952320878326	2.0089270084265	2.02408607077016	2.06656438688454	2.0985644635303	2.10259523052992	2.10640351511989	2.10698626335171	2.15429452954861	2.17742314566653	2.1999397546699
92	British Virgin Islands	1.24273091606752	1.37299975095261	1.48431518799424	1.56226484019808	1.64241879776011	1.69232576724762	1.73868698743085	1.77974533359185	1.8423813212711	1.88008625939706	1.92033082091788	1.9292038121255	1.95933730529337	1.98339626845551	2.00025437989491	2.01118046106327
136	Cayman Islands	1.82201984597813	1.93641865675957	1.97943399288181	2.02489228489766	2.03548298549185	2.06260405927763	2.09532648457628	2.11982528604007	2.12232951837253	2.14641850706219	2.17074282593778	2.1858199797902	2.20311579758047	2.22038252340244	2.24618105121749	2.27514497305373
192	Cuba	1.55829319275608	1.71611477233729	1.8018323875004	1.86905715670007	1.9033329714241	1.94340861529188	1.97812174911552	1.99846253897353	2.03350202789543	2.05877632644184	2.07177134850877	2.09058613377468	2.12622077361193	2.13597521079412	2.15349337214261	2.16598972525116
531	Curaçao	1.33263752864213	1.45511157828817	1.53569070820356	1.61316806851262	1.68606610437087	1.7298661991642	1.7630987725873	1.80214031307287	1.83696339965401	1.88235118047701	1.91338652196676	1.93537252915893	1.96307590760172	1.97496575869378	2.008463573341	2.0367811633262
212	Dominica	1.94453496064925	2.01354121538923	2.03389378236266	2.04398302973612	2.06294386769898	2.08002892025321	2.08805406894638	2.11943843958432	2.14745165281687	2.17552285082197	2.19222359988518	2.20569255973841	2.19858774479447	2.21003605387008	2.22390457176517	2.24732452237716
214	Dominican Republic	2.622414109414	2.7012152620553	2.69227910111696	2.67587042207252	2.66540113633367	2.6116810748571	2.56346477791039	2.54563479561135	2.53165332314868	2.51875025235186	2.49823350017903	2.50940510954734	2.47042664627272	2.46890535529112	2.47237458778697	2.47163995127705
308	Grenada	1.82749691617113	1.89235776894275	1.94454480334927	1.96597755935071	1.99748045607753	2.02586580257445	2.06806811451833	2.08222513130575	2.10739003531295	2.11352861319065	2.13439402499016	2.16064236516916	2.18362312410335	2.19972768693893	2.19527060291925	2.22058811348349
312	Guadeloupe	2.38299229733367	2.44130789227125	2.44820546010328	2.46113111950531	2.47529031224107	2.4916014329719	2.50370729175641	2.5075893743693	2.51628405592695	2.53704476996541	2.54984756075175	2.55401023261672	2.58374570806135	2.59440446463877	2.61328089786006	2.60944667048361
332	Haiti	3.3247645805757	3.3094168723748	3.27206314517658	3.17033775517254	3.14238648735356	3.08685796805006	3.084324577252	3.05725044883852	2.95884406878549	2.86491011218949	2.82034196164126	2.80431342403311	2.77908127016704	2.73902059883188	2.67232122326077	2.60119866396029
388	Jamaica	1.7121808672524	1.7827454099608	1.82544961282015	1.87130392475614	1.91219455577267	1.94713313164134	1.97612617870826	1.9950959125549	2.01402650166495	2.04023085251947	2.07287009633781	2.10560895233789	2.12113527216286	2.1346121542151	2.13389834638891	2.15869320899868
474	Martinique	2.25611953910681	2.31860217534138	2.3414575680172	2.35141706833489	2.3573421306913	2.39601506829955	2.40852802564626	2.41282727489368	2.42218574880118	2.45409987295447	2.45766015453606	2.46267944534734	2.45629784085136	2.47930564753525	2.51689964512999	2.52283591515643
500	Montserrat	1.77297643896976	1.72743594880811	1.80006030779638	1.8683754115141	1.91749914248964	1.96596537549709	1.99476675586436	2.04099463087248	2.07073159863317	2.09931534268609	2.1271756572662	2.13623476202803	2.15044736397907	2.16701447402694	2.18780979517709	2.19849912711813
630	Puerto Rico	1.0299387782206	1.22170370446811	1.34294013109202	1.44128628321613	1.53375081599839	1.59175185329482	1.65741742115107	1.7057967820396	1.75310056110087	1.80192392511759	1.85189794856353	1.8799032134211	1.91095120715247	1.94754999723973	1.96831045505727	1.97435953395082
652	Saint Barthélemy	1.01629135697238	1.16411155296939	1.29034349881229	1.40824540985836	1.5044747555902	1.5682973348247	1.62417958517583	1.68734136748288	1.73480581221401	1.76368435869582	1.79027399599775	1.82771087375858	1.85055088957262	1.8842854438088	1.91118472159793	1.93599142900385
659	Saint Kitts and Nevis	2.06519093613743	2.07979167020234	2.08433119639904	2.08838957413268	2.09700445694896	2.11072153775417	2.12118221483269	2.14796430975951	2.16193065328633	2.17203465942876	2.17863658543036	2.1955892520974	2.20663757375431	2.20707964691316	2.19679152060965	2.22987704172079
662	Saint Lucia	1.85103009089902	1.92173298669263	1.96039044092029	1.96139788006902	1.97289962382238	1.99722226233096	2.03297778073757	2.03988483369682	2.08168787186652	2.09562359561675	2.12201683994993	2.14716194132093	2.15426310079669	2.16219864130771	2.17367761742145	2.16254215062994
663	Saint Martin (French part)	3.03944107690733	3.09731548613649	3.02011529572605	2.97527025156157	2.90237400864771	2.85463758549322	2.79355666498482	2.75636921972491	2.7080368060844	2.6757577796576	2.6438217858899	2.60086427420695	2.5773872881018	2.56503903048704	2.57081360734981	2.57491241336221
670	Saint Vincent and the Grenadines	2.06124047468202	2.15072662376573	2.14960800254752	2.1693702203155	2.1959176466498	2.20891624334962	2.22014337321114	2.25201863222178	2.25573629416269	2.28379291451313	2.29302336679422	2.31667774220143	2.32915148443056	2.34773844096173	2.35452730794218	2.36755695991216
534	Sint Maarten (Dutch part)	1.81121632514957	1.90451724895455	1.93257961582903	1.96464267243942	1.98983863342462	2.01626826829108	2.0470428107324	2.06916158772183	2.1003179947415	2.12773712864018	2.1392519943001	2.15381015789015	2.16543880610825	2.18133553432678	2.19350604526265	2.20627725471578
780	Trinidad and Tobago	2.09100721592062	2.1250205178407	2.11887759837694	2.11820944037433	2.13110688219152	2.14369112556444	2.15660136159785	2.16572401880099	2.1631987813156	2.17508695252675	2.18390983331922	2.19539744451977	2.21761211681412	2.24730011919723	2.24889829749374	2.26272474946719
796	Turks and Caicos Islands	1.78266061533039	1.85728760321488	1.90022688954318	1.93862992657373	1.96585236405173	1.99380209532328	2.03260244987348	2.04348801630689	2.05904557248469	2.08604318907598	2.10973773814405	2.11958842892124	2.11853165338784	2.13008006622758	2.1493268856516	2.17603515144527
850	United States Virgin Islands	2.64365251464548	2.67856062107278	2.67298606187576	2.58750801610678	2.54995465819544	2.51077355490602	2.49583278255726	2.46910653461113	2.46932525391615	2.47164273068966	2.48498971019956	2.46779908846972	2.48754113356161	2.48966159254022	2.47390558726532	2.48441124753649
916	Central America	2.29265588575202	2.2757068156852	2.2535151696024	2.23454038409999	2.21885429505348	2.21389887781106	2.21233479635882	2.20693018791573	2.21713472691226	2.22720188290462	2.22376387830429	2.2134983391884	2.2248051149177	2.22750645421219	2.24610017789293	2.2546079961668
84	Belize	2.16029638325923	2.38822656110682	2.41497719586999	2.43655691621651	2.4241688344526	2.4262294031165	2.42561950968369	2.41428032144031	2.40121723922659	2.42345759040614	2.44798324993691	2.46569254303872	2.45923752653245	2.45643786904075	2.44475332347521	2.45748107159323
188	Costa Rica	1.49609121974916	1.62675035551027	1.71510613461556	1.78333747233313	1.82885144066932	1.87197191342504	1.92832198343445	1.95290575960413	1.99010341345624	2.01169801323828	2.02420009154307	2.03969499916681	2.0447803027424	2.072577344623	2.1006137052512	2.106497101828
222	El Salvador	2.23339344522633	2.29378343857803	2.28514348901378	2.2804162174642	2.26011084762037	2.26286042476678	2.2683471785722	2.29469284405199	2.2988124955225	2.29371133067358	2.29573251754317	2.3007571669996	2.29418228168392	2.31200605893088	2.3344596476866	2.34745629648595
320	Guatemala	2.67105717149575	2.77563471785682	2.7853760260434	2.80120431561528	2.75855668530304	2.70566324132369	2.68836056023143	2.6265477961047	2.62338113521877	2.58597629604963	2.54914787059278	2.54698439318991	2.52021230701837	2.50822050511014	2.48281323343729	2.45019639767239
340	Honduras	3.35945468626869	3.34160192434443	3.24255194976664	3.21353306808153	3.12694282723648	3.08450165777418	3.05924615327551	2.98157325473312	2.933134015446	2.87436843099295	2.81373789840336	2.75891344652053	2.70898820019219	2.68677161486014	2.66255921098149	2.61211250317831
484	Mexico	2.29896239386519	2.34728930436752	2.34789224989813	2.35566927889296	2.34786108511786	2.34694604961082	2.33983906383054	2.33684629492408	2.34553196344576	2.37097676326693	2.35720431309862	2.36119464435269	2.36359515825201	2.38374531019339	2.40480397396018	2.42367429035185
558	Nicaragua	2.90917234786283	2.858750486994	2.78727436642644	2.74413935009023	2.74187857010085	2.69368402865559	2.61588681196553	2.56827587101803	2.55025231614101	2.53211945690552	2.53395121003305	2.49931289822449	2.4913283178896	2.49116468567469	2.48409829178285	2.49318612714782
591	Panama	2.37653441212265	2.53403570616592	2.55422220359907	2.53740829044993	2.53326880653127	2.52351501771687	2.51562916306003	2.52579779294492	2.5299567407454	2.54199431863918	2.54603924033962	2.53377570831844	2.49438902555113	2.49448201845622	2.49082555701972	2.51171050771125
931	South America	1.84266019934669	1.85416428349978	1.86654237485838	1.88497155292252	1.88978240209288	1.90632885657816	1.92400780078488	1.92508953825039	1.91940060617543	1.92630007202789	1.93120010617802	1.94098286243926	1.95817758670308	1.97889370690668	1.98099592504693	2.00297456220729
32	Argentina	1.63666777383152	1.76025677659231	1.85056578194065	1.89889539253672	1.96884709260094	2.01443495835243	2.04604086538169	2.08162036490786	2.09679662695885	2.11551914963925	2.14079753708436	2.15100113068014	2.16270017612034	2.1895987026183	2.2073019284144	2.22659209611204
68	Bolivia (Plurinational State of)	3.25900282209418	3.23956955825459	3.21232788447475	3.18795760810088	3.18144514264656	3.13109063820906	3.08677760815785	2.99487693261604	2.98522448888579	2.97863635296117	2.962666984985	2.84613097636325	2.77557767646924	2.75854443623765	2.73758174217031	2.6585872667456
76	Brazil	1.79695093844174	1.92717804955023	1.97665952728839	2.03547033028723	2.07322244371207	2.08550687609487	2.09490289978804	2.11640135748465	2.13080322797184	2.15427747334543	2.18180178696294	2.18468902222577	2.19438941319616	2.20669901771741	2.21509884268456	2.22940680793205
152	Chile	1.35527894710499	1.45398339949565	1.54972348181354	1.63301636728457	1.71157801481633	1.74453535340388	1.79002091753176	1.82745270615376	1.87242950412358	1.90883156769381	1.92451209501654	1.9543080157032	1.97491648439055	2.00403064359044	2.03770206755573	2.04440327002276
170	Colombia	1.96061017864138	2.03068173469271	2.05064648058707	2.06714063403978	2.09531310331694	2.12600975907764	2.1565755238182	2.17847369690285	2.19857774317395	2.1999582287097	2.20503865943838	2.23634972051028	2.25006169709995	2.27057353860603	2.25706698479478	2.26956556094943
218	Ecuador	2.16256160462348	2.25398884234759	2.27192797394614	2.27955080045089	2.28313891628437	2.27654813807404	2.26535843088634	2.27031622302398	2.28496168502031	2.28200215746669	2.29114701604587	2.29788995183501	2.32850424870376	2.33521998023436	2.33729748639995	2.35331272986321
238	Falkland Islands (Malvinas)	1.98770683173634	2.03632900643626	2.09281845	2.12751731393806	2.14860398412961	2.16781500093756	2.18782699651898	2.21491173177596	2.2502301495656	2.27225247951173	2.27906889174155	2.26272249933288	2.25742756537405	2.27824326357096	2.30461151855362	2.33309605751512
254	French Guiana	3.82224886873197	3.83673016933724	3.83516833027741	3.81148586945263	3.76578421746186	3.69501948319138	3.6138602105047	3.56262131885694	3.50840604180832	3.4614330053124	3.4374615242196	3.36078454706982	3.30156013412872	3.25470911043691	3.15555630412221	3.11485223521348
328	Guyana	2.94970794578386	3.00048327663612	3.00620977876349	2.97487740738697	2.91187894843171	2.8533251055365	2.82165449319989	2.78884056252294	2.74251869042385	2.72872993881477	2.68750293677653	2.65928806797279	2.61290441393393	2.58705428868957	2.59743059337594	2.60770671891821
600	Paraguay	3.05195801121943	3.0696538480177	3.07590801412058	3.04199675819935	3.01193910837104	3.00593514918498	2.9617037786447	2.93894749891592	2.89634536115523	2.85839144392208	2.87968940551386	2.83819390197734	2.79143147768124	2.76509523150463	2.74147931508222	2.67215866770111
604	Peru	2.26139109806544	2.3687691523896	2.40850983396568	2.41689545184895	2.41630164703862	2.4005454120012	2.39047410747581	2.38372476695531	2.37750976696468	2.37864227939975	2.38583176258236	2.39793127340462	2.39617861597495	2.42284421070755	2.41912757332971	2.43445658357777
740	Suriname	2.51685188680087	2.71633511221362	2.74229212703195	2.71084442631518	2.68400915770932	2.66655308806046	2.65912178186675	2.62603684299997	2.59096427255347	2.59356538837149	2.61619732881735	2.5676273278767	2.51736752075301	2.50098554916372	2.51920020548102	2.51505229992351
858	Uruguay	1.58055080604443	1.72555749540186	1.81309079547394	1.86846881434653	1.91434493075657	1.95491473049196	1.98671184851298	2.00610250197561	2.03952560092044	2.0810394804497	2.1146193587998	2.12750392267276	2.14598585683151	2.1617002546208	2.16908736858729	2.1653972723857
862	Venezuela (Bolivarian Republic of)	2.48137659635444	2.59922623614487	2.65588406916743	2.66299164102882	2.65074441447767	2.61380395669624	2.55688869301351	2.5436877909957	2.49323266383439	2.51096373795628	2.51003265694798	2.50090080539814	2.50969923186916	2.50165622726558	2.50468432189435	2.5026621821397
905	Northern America	1.7356953496168	1.80501385906307	1.88601550326563	1.94283879132913	1.98543261268289	2.02256421161368	2.037499824803	2.0659498178487	2.09421611953375	2.1263551639641	2.1287901424116	2.13841704976124	2.15925772777238	2.1811986489859	2.20342559588648	2.22165937885223
60	Bermuda	1.5215136300986	1.68447992603392	1.77825320434614	1.84884143037696	1.88995899295703	1.92348469007517	1.95158133143879	1.98420395357578	2.00699346278334	2.042741983324	2.06152877541106	2.08870412066212	2.10373912473438	2.12691861365596	2.14112682541352	2.15749743926748
124	Canada	1.47079963111671	1.61550668939116	1.69989819680666	1.76652430597438	1.8272741483557	1.89184016115404	1.91812427863654	1.95603016268432	1.99188329050145	2.00753958181933	2.03644616799164	2.08125919959304	2.090370020166	2.10271820996734	2.12214189452242	2.138128755179
304	Greenland	2.31297391435436	2.3452294333929	2.33424113236516	2.34321312815565	2.34814524465941	2.3764393054474	2.38368687093086	2.38690085862479	2.42107285758327	2.43611603752483	2.43594359253401	2.45113760752296	2.46659076156551	2.50442308343318	2.51276366913035	2.51398364512891
666	Saint Pierre and Miquelon	1.55494043017835	1.64306548326228	1.71711926033659	1.78279235326161	1.82334097777181	1.8748512288477	1.91444409788868	1.9458947997189	1.97955669101508	2.00012454866927	2.02478737997257	2.04029669021656	2.06239585322082	2.08108355442765	2.09550001955493	2.10885013667792
840	United States of America	1.71243074359936	1.85572569122023	1.95063574314989	2.01034547011492	2.04879915856595	2.08869941270349	2.10590544197694	2.15263964393183	2.17334220715606	2.20116222228994	2.20510491544514	2.21807891249365	2.23749868795976	2.2622420573796	2.28461531782146	2.29305695811426
909	Oceania	2.4073712307479	2.41999004537599	2.40162526363298	2.40161396706112	2.40855415812667	2.42717677041665	2.45273734972856	2.44516649256913	2.42738956827981	2.44343198448926	2.41294797168128	2.37719795179459	2.38442096582366	2.38096428235039	2.3774307789587	2.3446766720243
927	Australia/New Zealand	1.78672992947796	1.8453861083632	1.90183574941793	1.93506880217057	1.96911572633309	2.01370987882519	2.03325752481503	2.04657467310003	2.06296634502612	2.07183747081762	2.09399982636134	2.10794901347217	2.1224814358678	2.14063825619785	2.15261865648934	2.16120282824917
36	Australia	1.72229891752745	1.87130738295795	1.94256159997438	1.99245254036054	2.03933114438979	2.08838601974312	2.10236136954356	2.11868474792848	2.13735402675931	2.14376699177128	2.16280578009793	2.17735475586093	2.19644351348257	2.21269265618599	2.21764110684815	2.22883896585727
554	New Zealand	1.76314293628478	1.94036410682618	2.00874990323139	2.05270324821988	2.0783797316901	2.09194307276756	2.12687562588761	2.16055330411394	2.16672214393453	2.1859656047518	2.20105642373836	2.21592776478377	2.24632248264306	2.26090132094045	2.27095244343281	2.30074187408243
928	Melanesia	3.84413473715298	3.81859881936755	3.67710914289932	3.6018855359388	3.52724156273886	3.51691071285607	3.45746196181924	3.39253780154706	3.29231060172665	3.25259833677235	3.19181897615546	3.14916426509097	3.10040624097895	3.0808341063673	3.01837701775078	2.97737977291065
242	Fiji	2.77583581279734	2.86084665614661	2.89314778206601	2.88189035018881	2.86322758553185	2.8415993157576	2.82838617912384	2.790864318413	2.77544846967347	2.74974936792626	2.69492934765871	2.63844643220928	2.6100600620139	2.63570387392663	2.58192611792649	2.56196148345419
540	New Caledonia	2.22530089205227	2.369891901997	2.37241887313625	2.39108444166262	2.40636515140691	2.40837082554146	2.40929385857977	2.41461970950184	2.41049023062124	2.39969423229956	2.39425396632991	2.40322422453302	2.41678886046036	2.41894986384188	2.43869081465028	2.44578477636748
598	Papua New Guinea	4.05483665710701	4.01787528968055	3.88469949348634	3.82201736498999	3.71595010627726	3.67352255158267	3.60406357410369	3.49613235222432	3.40623006077689	3.35668403921785	3.29360538663376	3.26866003900032	3.21581149580478	3.17967202688308	3.10671656142507	3.05071675835762
90	Solomon Islands	4.11626253734932	4.14748513539658	4.05915614819042	3.99822338777541	3.9189987515655	3.88371800388922	3.822821799753	3.71303622817707	3.66635063514007	3.6097263753679	3.54142299361329	3.44525282921859	3.41971670869818	3.34177929585763	3.29144752294209	3.25104472721009
548	Vanuatu	4.38468464952023	4.46119361746738	4.45688095565622	4.41640346218768	4.33728850681211	4.26274117047457	4.21555184479569	4.15784351066173	4.08302429846635	3.98931816325541	3.95599999122184	3.87976443907242	3.826089403555	3.76595801314222	3.78557317706475	3.66937933228157
954	Micronesia	3.15761096501532	3.12570943324825	3.0762024218356	2.97107470839646	2.88728297501487	2.84097018199298	2.80961238704551	2.78374929134331	2.75471555014198	2.73252150367092	2.68158604822558	2.67549993777687	2.66527135108415	2.6488304379285	2.6285245671634	2.63864661588521
316	Guam	3.26722794545463	3.30999798694941	3.26987672741755	3.19978531907259	3.15813980746714	3.1277668315623	3.08192880146883	3.0110913948062	2.98242203667342	2.89781455213235	2.86450192760902	2.7793177620512	2.74697289075331	2.70179984359947	2.7073452345395	2.66469486256402
296	Kiribati	3.76317484502764	3.81087932120405	3.84429903362011	3.80444361207786	3.72249872319793	3.66890524636357	3.63972111131537	3.54816650503806	3.55502341869154	3.50720226426677	3.4145256365177	3.42930942477548	3.37983169942907	3.36422826987929	3.26892821607725	3.16711777670016
584	Marshall Islands	3.59843321966541	3.56977784620897	3.49474668982224	3.39386453709165	3.32056717820232	3.20678205230409	3.13197946128558	3.05424072024819	3.0080292930244	2.95310098454684	2.87000908541364	2.78579758153876	2.71943431364274	2.67094453403613	2.6477507479311	2.6230816865935
583	Micronesia (Fed. States of)	3.75318993878977	3.66256647255974	3.57308969725571	3.49919428403009	3.47678491394987	3.36045189462607	3.27482553578698	3.20681261382242	3.19158636060932	3.07144336648641	3.05279837535074	2.96450531409525	2.91897281388746	2.87916143742372	2.81220597454966	2.76675247710739
520	Nauru	3.70811367106414	3.79342011349404	3.7861507859396	3.75474111358575	3.68217778806537	3.64827922449844	3.5871747928205	3.50105802268268	3.43162947789734	3.3849326602491	3.32639721902843	3.26615778542069	3.22140507757156	3.21453978018558	3.16494632239606	3.12250284390475
580	Northern Mariana Islands	2.91759028179546	2.7689210985468	2.65881586285949	2.58908377835501	2.54210078678685	2.5091829845072	2.5070269139305	2.50274008072533	2.49682260704819	2.51042434619272	2.506733242442	2.51379587588208	2.51879593603468	2.53568956134979	2.54929699472391	2.5733972232809
585	Palau	2.27584523882145	2.30975280493482	2.27268365975113	2.28242372647823	2.29408796509164	2.29808294426673	2.29359858173694	2.30263350876053	2.30183569753304	2.30237413972888	2.29806649096037	2.32367423562136	2.33948254859162	2.35086632271098	2.36213788542962	2.38341827900685
957	Polynesia	2.81533124524725	2.81054681826589	2.8538042084923	2.91519135111235	2.95319143055282	3.0160792810423	3.04174565877114	3.05457305349574	3.05800650063085	3.04224175304222	3.01086411031417	3.01828757591141	3.00224933066841	3.00160353748595	2.99602625446707	2.97148565766042
16	American Samoa	2.72818376315242	2.84589746787123	2.89193562004014	2.84619263469448	2.81689569386116	2.75759726969395	2.75660122266082	2.71572857307947	2.67531155412488	2.65017973876725	2.61565432784275	2.57566388302257	2.56203902619954	2.55243868875513	2.54951239040348	2.55849957924668
184	Cook Islands	2.36789064969805	2.45905056519842	2.46574657090259	2.46621614281949	2.4570994262743	2.44754238384037	2.43080184674905	2.42132382778177	2.40029177764413	2.40040666000481	2.41372132169824	2.41260417100447	2.39597478547283	2.38303078049353	2.38578239457262	2.40384439245504
258	French Polynesia	1.67053356519197	1.81179052782957	1.86779107816438	1.91328939294569	1.9665653097418	2.00446414320497	2.02941993040559	2.05845407879735	2.09512716215375	2.11923379543821	2.12461027181187	2.14032180013303	2.17661519781627	2.20116704540973	2.21310207185464	2.22628555995591
570	Niue	2.90818332541317	2.98360521178997	3.0085180543383	2.99395007309942	3.00437546636518	2.9711309663373	2.9399613288111	2.88865845454748	2.8359264251183	2.76835830726382	2.70883814146561	2.66313476413165	2.6327240226609	2.59624823747681	2.57008897017954	2.53978924422522
882	Samoa	4.61592528917265	4.58501037089763	4.54781345345839	4.44230874615482	4.32955428977976	4.25074065849132	4.1741469688893	4.07271437279415	3.97514865507147	3.88109679973032	3.77546457771205	3.66228684893845	3.57336783829628	3.55244576598562	3.48414830919831	3.45185910529595
772	Tokelau	3.34161626418989	3.3282167806986	3.34143704737806	3.29836103605088	3.26410528211593	3.2338883478915	3.19035586508979	3.11727927051157	3.10002205679294	3.06189400112765	3.033223412447	3.02188410363211	2.94279018762781	2.93929009756577	2.86092057839491	2.80813298862871
776	Tonga	3.74302285105752	3.76847012635188	3.79000758176995	3.75928405018194	3.71984124935467	3.65820658209036	3.63056909470567	3.60092397361006	3.52037447245777	3.46966074855651	3.45330253996882	3.38512984279213	3.33359761517745	3.24440364399133	3.15074333180981	3.12322875337182
798	Tuvalu	3.70464092211915	3.78205041777633	3.78527111709088	3.75206603512541	3.66766774803238	3.62681499502377	3.53542342068396	3.50010906934236	3.43710476367539	3.37085577690432	3.28212101020395	3.22895193531699	3.1919245905533	3.15873410251648	3.10762754230385	3.01363011291602
876	Wallis and Futuna Islands	1.60752473942034	1.73513304031381	1.81019607295478	1.87671556416417	1.91125700693045	1.94495392453461	1.9746695062416	2.011583955129	2.03093143531881	2.05290219805334	2.09282692094526	2.09621314045188	2.11477791577584	2.12043727851444	2.16127124052513	2.18460088370024
