country_code	country	2020-2025	2025-2030	2030-2035	2035-2040	2040-2045	2045-2050	2050-2055	2055-2060	2060-2065	2065-2070	2070-2075	2075-2080	2080-2085	2085-2090	2090-2095	2095-2100
900	World	2.14896248888983	2.08871402419987	2.02101645894442	1.97060591909615	1.94165411770401	1.92257525956033	1.89285599207468	1.85787955447272	1.82398493264655	1.78599755534916	1.75290510486246	1.73011172744118	1.70621641306281	1.68222409290741	1.65804423343477	1.63473190952607
1834	Sub-Saharan Africa	3.99951509059693	3.72617502107611	3.33045470210159	3.00354493643168	2.75431788053687	2.56615816773235	2.41680866674917	2.30287952525046	2.18664101168803	2.08361188365869	2.00410734018547	1.92320876852085	1.86780202554699	1.81234227602006	1.7581517557212	1.71887623370696
1833	Northern Africa and Western Asia	2.49757970363604	2.38392609836721	2.2161203324904	2.09426708120976	2.00482736951905	1.92076126002731	1.85514501157454	1.79451103273661	1.75343562505398	1.70935916252179	1.67798786288882	1.63929047423879	1.61470206089491	1.58880872405861	1.56361764667426	1.54243842976767
1831	Central and Southern Asia	1.96856137626742	1.81612892245792	1.68197532766607	1.60469573327108	1.57525311455917	1.56178438236811	1.52259053014242	1.50319907158503	1.48660698610654	1.47132288262912	1.46052311234858	1.43934974525337	1.43200197301038	1.42052325292142	1.39193213289175	1.38456642334806
1832	Eastern and South-Eastern Asia	1.19066740817185	1.17040656746819	1.15621913239939	1.13802147461104	1.14128792474613	1.16478632937503	1.1854911569241	1.19261903173421	1.20129092894708	1.20570535364673	1.20712987878311	1.20918737957083	1.22191538781371	1.24166006600199	1.24646764390773	1.23790223173978
1830	Latin America and the Caribbean	1.65695542122296	1.57779263966683	1.5197550550756	1.48738281526879	1.4713948150668	1.45680316470166	1.44540910146101	1.43533551592461	1.42530255849806	1.41353182743937	1.41358146782161	1.41481735655614	1.40839293237311	1.40354850822101	1.39645432622477	1.38562693710639
1835	Oceania (excluding Australia and New Zealand)	2.27752978838096	2.15271533673942	1.96151497425539	1.82688874557587	1.75167165663601	1.68588191113249	1.62711293160525	1.59685708203755	1.54510987521223	1.51445431812716	1.46783819398906	1.43020528341178	1.43043087018921	1.41784160126943	1.39490594991443	1.3747671433698
1836	Australia/New Zealand	1.50131509214249	1.44226665837779	1.38949347423002	1.33915233208529	1.30493858540784	1.26694017469991	1.24812892435775	1.22185959122796	1.19507165140072	1.16697270712535	1.15083971847076	1.1392275183959	1.13128128347087	1.12853375589345	1.12132976005462	1.12702786232272
1829	Europe and Northern America	1.41366685871825	1.39440506124469	1.38150577548561	1.37430429534222	1.36351597595011	1.35150499130396	1.35378475310024	1.34464692692027	1.33228724780396	1.33581683234508	1.33139444754812	1.32252378910252	1.32109555235685	1.3250937933626	1.32470211866612	1.31392668521342
5502	Europe, Northern America, Australia, and New Zealand	1.41499932587735	1.39780083499108	1.38810502339359	1.38010382387474	1.37071466255133	1.35941007772502	1.36098959440599	1.35832297374769	1.35028924112605	1.35410378605462	1.35220006523998	1.34631125878591	1.3473978343874	1.35128655925829	1.35659749378885	1.35210152616645
901	More developed regions	1.40100049185981	1.38710536290935	1.37680510539399	1.37139931759879	1.36121500140217	1.34811837589765	1.35448362787102	1.35031912588474	1.34219042479593	1.34571194386875	1.34231076977391	1.33668702455455	1.33218992098627	1.3355017273993	1.3412993947243	1.33231637389294
902	Less developed regions	2.2426208430029	2.17269936811619	2.09183801586738	2.03105353227588	1.9930501648552	1.9685362939731	1.93533741711791	1.89506386200472	1.85207845152069	1.81129184849179	1.77420441984821	1.7472105805733	1.71963100072109	1.69102845136941	1.66463611862938	1.64173142068219
941	Least developed countries	3.682302755232	3.46326573272466	3.15349211479937	2.89791419488772	2.68712733102111	2.53431442750409	2.40085766968573	2.2829043902288	2.17791431843451	2.08039429824585	1.99522244474736	1.92465629349363	1.86629242215023	1.80974599037498	1.75796965647338	1.72799639612566
934	Less developed regions, excluding least developed countries	1.88696543304341	1.81794755594543	1.74509217465059	1.70084497792646	1.67418669594295	1.67290007697921	1.65999981765021	1.64331790821931	1.61782095131145	1.60024452629558	1.58382658715009	1.57110038375628	1.55925053623929	1.54962942742225	1.53943155024692	1.52664511065039
948	Less developed regions, excluding China	2.49890958696267	2.3951139299316	2.27313061556372	2.18968005371296	2.11515550648722	2.0606562379996	2.00736467482869	1.95860347030494	1.90551357666032	1.86004870655604	1.81607225949594	1.78128958343282	1.74690746005871	1.71211327887669	1.68472930923647	1.65903309920082
1636	Land-locked Developing Countries (LLDC)	3.55330900150607	3.30931849260009	2.99438945191493	2.74302994472212	2.55665862337482	2.38949599117492	2.2433940228322	2.13014857837041	2.02686731862062	1.93467288581557	1.86235895075479	1.79979946756989	1.75025611027146	1.69677516963538	1.65802260770226	1.61151875810718
2087	LLDC: Africa	3.8968222502363	3.56778514414252	3.13679525965431	2.82738879070256	2.59156902852074	2.41961415979951	2.28244724864884	2.15725358463701	2.06676183827555	1.98925149625644	1.92378713547316	1.87318807891541	1.82044508395047	1.77157794439629	1.73629290336716	1.7021202151267
2088	LLDC: Asia	2.8192757234738	2.6413335948449	2.41071242001434	2.23815358407361	2.10625236961224	2.01087058621486	1.92479169603229	1.85248225492419	1.77536294042083	1.71948921880408	1.68358932537365	1.64710318161396	1.61912814633804	1.58782430537416	1.57034155116876	1.54522511943878
2089	LLDC: Europe	1.4780375908333	1.4422257481323	1.3919059010345	1.35178159957295	1.32500561612073	1.29542864639919	1.28125073408333	1.25739030001466	1.23913627452096	1.23212763257549	1.20621287984847	1.19656312582071	1.18595819449206	1.16336822165394	1.14731694947963	1.12610334066829
2090	LLDC: Latin America	1.9826272598636	1.86878084732381	1.74122436473113	1.63236011583198	1.54074815651631	1.48153507096935	1.43396897631497	1.3974047855158	1.3654190971809	1.34001535975415	1.32614224726475	1.30687137193643	1.29864999677955	1.30549567518579	1.28292336702988	1.26667668883066
1637	Small Island Developing States (SIDS)	1.96397297494565	1.89482577506097	1.83132565993057	1.77515233325861	1.73628223331702	1.6868033390768	1.64683685230851	1.62462164520166	1.60334747452049	1.57036663188084	1.54653144942477	1.5331255155286	1.52015842356986	1.51395430414829	1.50055836334217	1.48429557577379
2091	SIDS Caribbean	1.76065082824729	1.67893726694282	1.60319708510789	1.55661306932472	1.52441650158286	1.49643964866179	1.46264102920684	1.44255260022657	1.43113579864489	1.42103789946568	1.41948532854905	1.41732444683215	1.4038114372803	1.41013449513576	1.39534538724639	1.39147824042348
2092	SIDS Pacific	2.30657523001726	2.16255166129294	1.97621591869383	1.83602520676921	1.73067339753332	1.66139335634367	1.60144505356448	1.56547776544726	1.5234175187833	1.49475709054122	1.45654671592465	1.41908598992788	1.43223067818818	1.42352724224867	1.41215071441748	1.3931042727867
2093	SIDS Atlantic, Indian Ocean and South China Sea (AIS)	1.58967405294858	1.52653706945131	1.49120883620186	1.46191992391703	1.41504054024304	1.38024439496905	1.35149246701911	1.33428228381135	1.32122268639452	1.30769274214687	1.29787707775638	1.28135883482413	1.27137054020217	1.27246550101985	1.26451042470762	1.25550432880315
5503	High-and-upper-middle-income countries	1.3839963894119	1.36449326669112	1.35870010669998	1.35459873246901	1.35849291031564	1.37177006367711	1.3958474158278	1.41507099935565	1.43217264148103	1.43928034871955	1.44199121010458	1.44627651529935	1.45945780903723	1.47276233888681	1.48487818098774	1.48689517044505
5504	Low-and-Lower-middle-income countries	2.69086090640499	2.55750629472603	2.40559820572404	2.30662389228856	2.21726496318232	2.1505137509558	2.10065707429749	2.05117627521468	2.00369375591815	1.95913864727363	1.9198549240665	1.89468787465111	1.8659903760606	1.83830202857151	1.81791115397675	1.79302000295407
1503	High-income countries	1.41633215960852	1.39829409543559	1.38399992286455	1.37780133136933	1.3754016636867	1.37239955712163	1.3783917914429	1.37052682158725	1.36050729708751	1.36628186975387	1.37169748696386	1.36581487045971	1.37407780320645	1.37431399450671	1.3765954216835	1.37708416264168
1859	Low-and-middle-income countries	2.23928123368841	2.16711689958576	2.08835192073701	2.03096999664766	1.99674629500411	1.9779680247627	1.95816015709789	1.92937642001202	1.90008060247876	1.87059549679364	1.84600313882281	1.82870638331319	1.81101406582429	1.79441992610819	1.77872155253508	1.76151913879647
1517	Middle-income countries	1.97629790929006	1.90402662429182	1.83135426642735	1.78303429374564	1.76099349310528	1.76339693621907	1.74118722342852	1.71830492550546	1.69731391316716	1.67842554493065	1.66061868867828	1.64013248308333	1.62853899099635	1.61453228281952	1.59405150688127	1.57873305297132
1502	Upper-middle-income countries	1.35566434026725	1.32778875335917	1.3005042030817	1.29219515206863	1.30408776213713	1.32311562973357	1.34606397913577	1.35040744420021	1.35369301249034	1.35538691096134	1.35428442893784	1.35863021781195	1.37117320645064	1.37124904271146	1.3768988789128	1.37041513514964
1501	Lower-middle-income countries	2.33787847533515	2.2056516797595	2.06054573008595	1.99104570824659	1.91671252040259	1.87989571003358	1.84192368053362	1.7999641350903	1.76406920260138	1.73268313822252	1.71121187265162	1.66931791445678	1.6507377831728	1.63033877241884	1.60534978063241	1.5827556549278
1500	Low-income countries	4.13142671188613	3.81471683661305	3.38611468486657	3.03508342490511	2.76117093765256	2.57535013203596	2.41708876023169	2.27687042484552	2.15784722462166	2.05455357896301	1.96687014251958	1.89310000902286	1.82789319052796	1.77256206435635	1.72817394734391	1.68738285174468
1518	No income group available	1.61037395745039	1.50786524917302	1.38203554833143	1.32738885020605	1.2770206253647	1.23088923279763	1.18986746811105	1.16957812322985	1.16673194154958	1.14932971576413	1.14083774395539	1.14877667151085	1.13997795740527	1.129925168999	1.13861751342212	1.13046864988003
903	Africa	3.80359887741871	3.56088110114905	3.20802996397352	2.92247604215382	2.703029710601	2.53044752636178	2.39531645838761	2.2747050246987	2.17189471186891	2.07706591151093	1.99298516086501	1.91963575780032	1.86910180683967	1.82144893856411	1.76974473302553	1.7259866680243
910	Eastern Africa	3.74483531165472	3.45858246699177	3.08735997002154	2.79487881812087	2.59230751733617	2.4048379816026	2.25835197394849	2.13028081097794	2.03532271565227	1.93616733502039	1.85445557806255	1.79617934320356	1.72818571021113	1.67637458750978	1.64199184506534	1.60381583987794
108	Burundi	3.76925559628696	2.85484561331513	2.23499933815727	1.94341711274745	1.75785173467018	1.63335466107223	1.50848459275736	1.43008839921519	1.33870501681839	1.31097828064485	1.29959950488188	1.27759116093124	1.24838067563177	1.20205560682985	1.15842800623318	1.14950634952689
174	Comoros	3.29726393959552	2.77192908466125	2.41253046460824	2.09170910530737	1.8575698356983	1.69525287093028	1.57032207387055	1.48188217748299	1.42211624870271	1.35636388519791	1.30166734130854	1.27912091122925	1.2616101104801	1.22486883153251	1.19671802992684	1.16950536080372
262	Djibouti	1.87520640292115	1.65467840358929	1.51109026333903	1.41611654749296	1.32193787901663	1.25826687910036	1.22861451745091	1.20284687579143	1.16295867946797	1.12320375677591	1.11007242548282	1.09551924119937	1.07909996115175	1.05465859471355	1.0200879688371	1.01820052509398
232	Eritrea	2.72499972639418	2.30631931747145	2.02642015048569	1.82887231400677	1.66860610016453	1.54684423910855	1.4805806209542	1.40499175573821	1.35000208499425	1.29939187427366	1.25599390790381	1.22630042714742	1.19882779948909	1.18813341626449	1.17463060143321	1.16112884162196
231	Ethiopia	3.35243733065847	2.66205314704118	2.21354228783441	1.92812490277926	1.73547897164919	1.6217627984853	1.52394708727961	1.45423875327524	1.38807257223908	1.34049989637574	1.29770987506434	1.24415517586621	1.21165228357786	1.18789657304011	1.15512077319803	1.12768516939134
404	Kenya	2.80489454367277	2.34534149308105	2.03552646995218	1.80549161081366	1.63225114644142	1.48643434633066	1.41697481835579	1.3528411019157	1.28921522209022	1.23972220857714	1.21717055420055	1.15694283753756	1.14778496645327	1.13925104670518	1.10868304801065	1.06787413299032
450	Madagascar	3.40376882356446	2.73647582118033	2.31065594647269	2.01495007120693	1.84331012706031	1.70374359892012	1.57531332730042	1.47340813208137	1.43437718128484	1.39729097976866	1.33734079083592	1.28920199156148	1.24473758639779	1.22391068566237	1.20509789912997	1.1843977643243
454	Malawi	3.01891101005279	2.32476774800881	1.92533985368801	1.71075356692615	1.57840012027404	1.45540934549926	1.3754252531871	1.32212007257065	1.26701037985806	1.23992913395554	1.21180991305509	1.20968476942393	1.18650570675897	1.16511466259402	1.1351324779671	1.12290998699265
480	Mauritius	1.17703907528119	0.869590347592728	0.76790451811212	0.750891318688803	0.765573256695836	0.76259174181759	0.760530304637885	0.756092316896831	0.738162366774393	0.743506596949984	0.713649029020196	0.708858067295702	0.701299764127899	0.712866121882612	0.70853011550069	0.696473357829653
175	Mayotte	4.38902335106839	3.69089967619234	3.19102928398004	2.80768040273259	2.4957261610189	2.24470136495221	2.07618937106743	1.84176558096939	1.67538102415774	1.56045874950706	1.49310553350953	1.42151906567977	1.37567713272995	1.35438181643972	1.31721853104365	1.26952270815085
508	Mozambique	4.0854113485564	3.28375928621141	2.59685799266618	2.09905252434303	1.81560342400128	1.64673698794669	1.5322995914983	1.44102295682906	1.3618111284695	1.3094204597949	1.25999186154746	1.22218432689525	1.19809235471512	1.18408119819266	1.15876092069917	1.11221160404329
638	Réunion	1.98483035116048	1.63806195424212	1.46568966667531	1.37965990831894	1.35130210293153	1.31557694517181	1.27191503491745	1.26036385613127	1.24395387783182	1.22029068028703	1.20837470908483	1.19322533113107	1.17523354267178	1.16320684150376	1.14200606028345	1.13047398248414
646	Rwanda	3.22019102532086	2.69188425481925	2.27443796390359	1.9903903305292	1.80507512791248	1.67708844089804	1.53105636226555	1.43177688819783	1.36413926139082	1.31883361827208	1.27781379219926	1.21302978950847	1.183966547592	1.15128688928784	1.13023671956815	1.10385985910031
690	Seychelles	1.73929356924782	1.46524742235467	1.32008863380765	1.26045988963307	1.22615338937683	1.20465611151151	1.1663299281556	1.14224513730915	1.11962700463533	1.09127943007158	1.06893587456808	1.05742200082175	1.05317065296663	1.04555535517271	1.03316122514951	1.02567553993425
706	Somalia	5.13784250166344	3.97164587235502	3.11915765485638	2.52138398017221	2.13445666923669	1.91900948529805	1.72644630288244	1.55273074391455	1.46220761383594	1.39865030528117	1.32569265646789	1.26832825627508	1.23796051240159	1.22500377489797	1.18725631985787	1.1529509254773
728	South Sudan	2.59739606648443	2.14965112316425	1.87792559292518	1.68298530846883	1.58085155291747	1.48139109236383	1.40536324072876	1.34078654268102	1.27414277305265	1.22529515653426	1.19649686359453	1.17788211826725	1.16868386454666	1.13752011240233	1.119606554527	1.12070327129453
800	Uganda	3.54716213193627	2.68745072972667	2.13659627997291	1.86757754423649	1.6654807654632	1.53498487333037	1.41832931155813	1.35210140740575	1.28333330105711	1.25479963896554	1.23145276306314	1.18482843635611	1.15006440215401	1.15047423991341	1.09715649180262	1.07739532927124
834	United Republic of Tanzania	4.18184431953453	3.4664734035918	2.85323226231611	2.39355136474306	2.1010523931106	1.90040518951741	1.75054372992606	1.64524345314961	1.57452481430302	1.48129893049356	1.41731381137066	1.36426260251746	1.32750183785978	1.29400136878447	1.26051032863554	1.23410615572425
894	Zambia	3.20823404219614	2.55900654596322	2.14670792211709	1.8938323690284	1.71529236752431	1.57837138090859	1.45811965408363	1.4256794461507	1.38266522836346	1.32098952499917	1.29220540346012	1.26762207712058	1.23182751675139	1.22509405426119	1.20782200386506	1.16868039901805
716	Zimbabwe	3.30060630771121	2.82876155880477	2.40406313106139	2.09571534787782	1.900602192973	1.76655049804175	1.64080984444508	1.52508521496321	1.46008415077317	1.387722621422	1.35411943002677	1.30070795568997	1.25410207986653	1.23790288802351	1.20499213264805	1.17973809182589
911	Middle Africa	4.71030538434026	4.25632338327863	3.63252718675238	3.13105401674934	2.77345434017031	2.55338722050536	2.38279786608523	2.22062001966426	2.1135358719517	1.9932432573418	1.87822299845671	1.79477038854061	1.7210086883742	1.66432971455797	1.60953119636558	1.55978614991089
24	Angola	3.92909020467492	3.21330922636769	2.55856852812944	2.15179570067458	1.91283200038848	1.75844896469365	1.63396684532405	1.52207732421741	1.43532439484232	1.37120008011643	1.3413867936381	1.273772899115	1.22898988296797	1.1954552204468	1.18715716711327	1.17557637234679
120	Cameroon	3.99465909687964	3.18883598006261	2.56295739251712	2.16041770323906	1.91350896992733	1.74243736809455	1.61262163173924	1.55239712552122	1.4672149256746	1.38415841473352	1.35067603750672	1.3200474588898	1.26269003325544	1.23080730025903	1.2252955605828	1.22530418242527
140	Central African Republic	4.68061947226074	3.70119904835704	2.97921237878943	2.42867795046746	2.04584968923469	1.819342447739	1.67818728198682	1.54230876212378	1.4770735571555	1.40271610261111	1.32789221626915	1.28168817661616	1.2487368579762	1.20305404915166	1.15777555586066	1.14747071581902
148	Chad	4.61825336067622	3.72364692778884	2.99342571301214	2.43970125712174	2.09463782611109	1.87203368419825	1.74293310594437	1.62081041780013	1.48890976475548	1.40788028816976	1.35908739795351	1.32802991025904	1.27870736494899	1.2233048559962	1.18182806567186	1.17805597801015
178	Congo	3.28555505535628	2.81333602036173	2.42857772114944	2.1307235794251	1.90917110843258	1.77926003692679	1.68656244723215	1.59243975531251	1.53054943673779	1.47072661017158	1.41658806377635	1.36878273303284	1.32322650851491	1.28271311495722	1.25403887826864	1.22714168826288
180	Democratic Republic of the Congo	4.76960217363782	3.87233799029235	3.04152093075207	2.44414209728	2.09201683220264	1.87516409102012	1.72121845947046	1.59353669740845	1.46296943224503	1.4024371541373	1.35118164047829	1.2755752581461	1.23486982173571	1.22156265412651	1.20865656386614	1.16845475209246
226	Equatorial Guinea	2.745046858006	2.16901611804974	1.90070044418664	1.71635798797289	1.58010189783009	1.4619802131807	1.39051162340544	1.36260088703099	1.29587524798872	1.26473982839794	1.21458502435432	1.18259396571554	1.17476033657701	1.14333858932558	1.13786060109445	1.12718188195597
266	Gabon	3.12426919865213	2.63689369750691	2.2812814670443	2.01760933689576	1.82376158669324	1.678999129617	1.56543336453755	1.4897357199402	1.43385648520526	1.38904210400738	1.34467240648411	1.31700053568916	1.29646227072739	1.28431179133716	1.25891799911783	1.22013069786641
678	Sao Tome and Principe	3.06073268255432	2.48675099252087	2.05919050987138	1.85395732479056	1.67957977351555	1.58026045291269	1.50773733834918	1.42027099022593	1.35808863356279	1.32447447844711	1.29575730815931	1.25477447124242	1.22295791981916	1.2098448035199	1.1994498466976	1.17733685800762
912	Northern Africa	2.58486641329572	2.4082851854505	2.16732285925269	2.02049917094876	1.91045785495371	1.81879080342504	1.75345384241536	1.68171576665399	1.63856555545943	1.60379013039379	1.57909796549017	1.53492876214026	1.50900485926971	1.48743289029236	1.46584378906122	1.46479466856018
12	Algeria	2.4367332604021	1.99652229005047	1.71168508120642	1.52144960921222	1.39240133196444	1.31223153183275	1.28619812699993	1.25317683046658	1.21066417748898	1.17652931264322	1.15150574467933	1.12363381505695	1.07464649056954	1.07687350977278	1.07961779235559	1.05042092616702
818	Egypt	2.37017939800754	2.03702997714771	1.80272773490149	1.62962310448229	1.51983028378075	1.40623589231422	1.35496037720971	1.28009997837304	1.26130189135563	1.25161655341434	1.22412292270971	1.19305717199208	1.17836608866572	1.15516204335062	1.14186427877958	1.13007022360217
434	Libya	1.82816322166669	1.55873779842863	1.38542651020777	1.24752688441602	1.15609445998637	1.10398765507109	1.07812362705557	1.05688308294035	1.0349524773901	1.03009804287755	1.02725874005314	1.02284379237483	1.04030192717319	1.0055323183436	0.993718512443242	0.986252649919482
504	Morocco	1.90908596378529	1.62424738561915	1.44774483367239	1.32127392787136	1.2560993180239	1.19611967903529	1.1915228415249	1.16425612460556	1.16416314518148	1.13809283493056	1.13599033620166	1.11246872824912	1.1033074745522	1.08255871024773	1.08697404764115	1.08180233883619
729	Sudan	3.26881090828951	2.66357354136979	2.18883027239505	1.9621610029932	1.7855545921479	1.63037302185167	1.54138351062177	1.48783181100627	1.42020592263875	1.38567256568476	1.31518502944973	1.26790234375745	1.25119039620187	1.22580652841567	1.16151886319326	1.14939200826429
788	Tunisia	1.58412327178642	1.30021148272455	1.19522683333414	1.15818779740031	1.13466736211619	1.10830425255711	1.10407856798324	1.09721209719303	1.07882826786004	1.06715692348671	1.04814706139162	1.01452420041623	1.01097071985894	0.987162058445536	0.983557210811121	0.965203523405586
732	Western Sahara	1.63425375044578	1.42377228458462	1.3372645418827	1.28103266500786	1.22563052346774	1.1867104120815	1.13801607185301	1.10194732361715	1.0929412697455	1.06215586617604	1.06065504686629	1.07001094565064	1.04203353275881	1.02147891730171	0.999050279726129	1.01049182632237
913	Southern Africa	1.87225858134615	1.75066553787414	1.63474023162806	1.52846771754616	1.4680511661204	1.42443682952345	1.37417389829374	1.33960024103839	1.307101408877	1.28192442259071	1.27840927651022	1.26104673006092	1.2352352932013	1.22357985837055	1.19195494910706	1.18397996576641
72	Botswana	2.3014101442591	1.96751228818421	1.74853650290052	1.57844513600232	1.45108548244195	1.38821457301866	1.29653379491192	1.22638800975907	1.20588981041166	1.1800317215609	1.16105054066155	1.15263665149903	1.11681512670649	1.09200198326532	1.08798259134847	1.09006938398695
748	Eswatini	2.13973063200091	1.85224137382691	1.65932451367936	1.5213678353479	1.39627622283049	1.30337338064221	1.26106995805804	1.23352661090376	1.21217819593684	1.19782186914947	1.14655889979593	1.12661731366138	1.11213579815239	1.09962049773659	1.09104494613205	1.08003552094371
426	Lesotho	2.23599435927688	1.93909030161818	1.75518142785881	1.61462845065297	1.49554150469653	1.40514355346925	1.3498566325423	1.30084594150786	1.25870235747967	1.20097591963514	1.16636423389974	1.16152015926449	1.14042974548341	1.10841986868345	1.0943118132034	1.11358451314538
516	Namibia	2.5748851740295	2.28261137183008	2.02797926564524	1.81485790071185	1.66948992130424	1.55934141636075	1.48117966223762	1.40873510839084	1.3460186173693	1.30343074437822	1.26931491648017	1.2664388432635	1.25235323800927	1.23379927614424	1.19448743525306	1.16450549296566
710	South Africa	1.82273068432581	1.59013967250489	1.45903640014489	1.35283236072801	1.29437779696173	1.26187146023189	1.21899299005994	1.19032729215074	1.16219880639104	1.13614233147081	1.15108499529546	1.12159860287608	1.09485260071513	1.0799037964333	1.05078025633427	1.02082227313598
914	Western Africa	3.88685076192458	3.49622880963694	2.9843805200526	2.65699652602343	2.42956501703646	2.27585490207828	2.16661493674211	2.06019382408614	1.95352685148948	1.87047852601364	1.79558766932334	1.73220682329873	1.68459789041504	1.6474069016737	1.60481018352686	1.56784465226275
204	Benin	3.93736399775162	3.15600327632784	2.5246359814462	2.11514351813053	1.91900421153057	1.75064836546497	1.58475880754127	1.47644550024559	1.41417347366998	1.37378106029046	1.35730114451465	1.31902512200775	1.29461726146254	1.26320061416568	1.21872215581633	1.21018168566026
854	Burkina Faso	3.56702168094498	2.59569188583707	2.03292161755906	1.76476876525671	1.58637646453747	1.48056967753242	1.41911973228451	1.34193898523952	1.27530174577703	1.25969868703727	1.24193044706875	1.20605611066031	1.17882897379203	1.13179643662888	1.12911454789387	1.12355729612512
132	Cabo Verde	1.30855087558605	1.04412867393565	0.959152322090181	0.918899987134796	0.898041418907504	0.890799995992316	0.88253146985232	0.871443233394494	0.862268218014293	0.844207762049539	0.829643463562235	0.822366175998178	0.827424652152725	0.813412883783355	0.81293641694344	0.796645482685045
384	Côte d'Ivoire	3.75774246743001	3.15247989750573	2.69178103824172	2.33016005956586	2.09178176439056	1.87638471201339	1.71897356926761	1.62661766005853	1.5447046949734	1.4870057668798	1.41106298059471	1.34728839528378	1.28282636974262	1.25881689533165	1.23611775301381	1.2077235804927
270	Gambia	3.25884533909088	2.41401567040455	1.95543294258913	1.71240743964877	1.57503141077523	1.4469489159398	1.38093440494891	1.31770314584145	1.25377797293097	1.21781172096827	1.19591346078267	1.14933721443825	1.10966776987426	1.0660725701023	1.05974597130027	1.0609183518083
288	Ghana	2.94912435363715	2.46035831576604	2.14054685596585	1.91224925412165	1.73336124193844	1.57875686243944	1.48365244455118	1.40472866377554	1.35971761266081	1.31304445937211	1.28309820156753	1.25706783470346	1.20990176058568	1.18725231865909	1.16402599396828	1.13172478153101
324	Guinea	3.51219682825582	2.69801957369123	2.16877951682367	1.89712582064275	1.72696617687248	1.61119652989723	1.53245619671283	1.46028804699285	1.38368358895224	1.31815964432578	1.26112809463402	1.22370093179948	1.2271350916449	1.19989131162012	1.16857363110262	1.13856717714452
624	Guinea-Bissau	3.11760218939042	2.43516995346731	2.01645597472909	1.79526163274374	1.62724824360388	1.49398267352224	1.41031122023507	1.33396315292116	1.29289825483796	1.2590695896596	1.24201823244098	1.20552765651857	1.20806124861334	1.17928743805789	1.17169403037316	1.15164709746892
430	Liberia	3.29892970360553	2.54759984292142	2.07921051408926	1.79550339157667	1.67250233219782	1.55318327120715	1.45464696678642	1.38668471120936	1.34155991454138	1.30144894699248	1.26372131844387	1.22266405875146	1.16072407076943	1.13775210742841	1.13484537295815	1.13163964739262
466	Mali	4.68855749189246	3.80191424793487	2.99703425924228	2.39908068539965	2.04003721589565	1.78037205535717	1.62755162265244	1.5146960739581	1.42463942333397	1.36812222682719	1.32798189864239	1.28087954497304	1.2547019454812	1.20728743935751	1.17964948602863	1.16551358598917
478	Mauritania	3.89471296023679	3.18299820434987	2.56171361304919	2.13687738695873	1.90783961479014	1.73346878459761	1.62827249188747	1.5295848580474	1.45925848994616	1.37918221380287	1.33817633961312	1.32039504811523	1.2830455145314	1.26620577128965	1.22214331568799	1.18549663139868
562	Niger	5.57187485460052	4.31002766538749	3.1724008076164	2.46003427561493	2.06377489041055	1.83306371140004	1.69485136552696	1.54102068169736	1.43431131931619	1.35863756188092	1.29371218333528	1.23329143010772	1.21130756248999	1.18161776954042	1.15930606958774	1.13446160446629
566	Nigeria	3.86125170728046	2.98331686484049	2.30333612423266	1.93653267605951	1.70932977968574	1.57771281602179	1.49435162208026	1.38558141123967	1.32718226032719	1.27795075398081	1.2286018729747	1.20344352116163	1.15675750025586	1.1298909112022	1.09939656258658	1.08112428312352
654	Saint Helena	1.42435831519167	1.33387496461644	1.26364078743641	1.21300250287831	1.16946653075093	1.13379370964649	1.11668104998202	1.07920766032304	1.05814797157507	1.03269032453746	1.02319107423189	0.994718062215665	0.98459676564157	0.976064382583869	0.957594196078432	0.9555868385346
686	Senegal	3.29037524597364	2.72341762546234	2.2978436199734	2.02993133154239	1.8504582030778	1.69168206389215	1.58121453417032	1.4925851296822	1.43714645090913	1.38308433105925	1.34533156903209	1.29979417683774	1.25002917628892	1.23404843315784	1.19575198549859	1.15866627000091
694	Sierra Leone	2.92448879664311	2.27798915000517	1.93262246849514	1.74392986954889	1.61639253380621	1.51067589781211	1.40199689680868	1.34160642849389	1.30459598423101	1.27248246489321	1.25350709791845	1.23142299144994	1.19993166174719	1.1601888288737	1.16476634749796	1.13877668754744
768	Togo	3.44743730741549	2.91865892199553	2.51002886712891	2.21979955853335	1.9838797535361	1.81036386433414	1.67843386286387	1.58871611119701	1.50662114845415	1.45754589598833	1.42009970570512	1.38262051650613	1.32592044133521	1.30206557655171	1.25802346281424	1.23210815371203
935	Asia	1.72831065422005	1.66140506941733	1.59121624642538	1.54897357611835	1.5421107606574	1.55819955992674	1.55240737694627	1.53593066741008	1.51801730877739	1.5072284270464	1.49589636002196	1.48362400539246	1.48209752031309	1.47535641277805	1.4620324011386	1.45850873237696
5500	Central Asia	2.94045148282184	2.7256054635996	2.45298571162175	2.25314805609661	2.12720370700751	1.99215753342442	1.87170168139844	1.7932105486593	1.71676398673401	1.67018052341108	1.63120573300311	1.58741143507879	1.55057077492524	1.51372481404163	1.4842455451132	1.46553139670988
398	Kazakhstan	2.80088463672037	2.29868698418417	1.99011500638458	1.81448792429911	1.69125487294877	1.54809581479064	1.45385481471417	1.39717180083667	1.3465018000321	1.30049247300543	1.23541665787614	1.22479595234731	1.18622553319952	1.16158029633776	1.14372549826503	1.12482996067671
417	Kyrgyzstan	2.59639251776349	2.17497779793795	1.90854890275881	1.73628329566802	1.6080454996398	1.50289065747427	1.41540460855802	1.33565037459606	1.31472018307286	1.28932047393087	1.26014473912277	1.23582183191399	1.22628566134062	1.20499913354987	1.17832858339435	1.17547847461613
762	Tajikistan	2.57315921874869	2.19884239574736	1.93690130928449	1.75225327292656	1.62297719757818	1.5282391049141	1.4477504481491	1.38601016207897	1.3217105130405	1.27290872685314	1.22560459581035	1.1677717132692	1.14522438309027	1.1439354267306	1.11898932238884	1.12687973977055
795	Turkmenistan	2.21650567115848	1.92173163031005	1.73214930171602	1.58668053271882	1.48961087973578	1.42577312919159	1.36213425948485	1.31498352992544	1.26358212716629	1.22511715917337	1.19160042927466	1.1883870302718	1.15248998035802	1.11384491211224	1.11630212256194	1.11498755435263
860	Uzbekistan	3.16978177199627	2.7769482460967	2.377811482583	2.12206308779089	1.90601410220651	1.7103777190379	1.57362203482917	1.48413874131593	1.41723900783026	1.37389611695375	1.35451671156185	1.30796201471196	1.2394577515364	1.205800380449	1.18295217891317	1.14787982897638
906	Eastern Asia	0.819011229228564	0.796237139924889	0.767884630748613	0.74287526139698	0.722747232379674	0.725516673892863	0.736241006719303	0.763004203571009	0.771074495882458	0.781999689882053	0.789669230486176	0.796460232097546	0.80737417203136	0.826665475801289	0.853198954437887	0.873437758731299
156	China	0.857829591254783	0.744058244299994	0.700609550314235	0.670385946110124	0.651242553830236	0.645052516732637	0.632325284387421	0.638626162606414	0.629652557500552	0.631958255214884	0.630424083697088	0.616935790371728	0.620817733645528	0.611087421539666	0.614304007431239	0.614078092095184
344	China, Hong Kong SAR	0.669676383897645	0.545798587067263	0.536308953891091	0.53840605285502	0.537127229460779	0.542486780959755	0.549876377667345	0.546894585658209	0.557262860929138	0.564081246354318	0.56472660645808	0.571838486977814	0.561520421623455	0.567762017797814		
446	China, Macao SAR	0.578732196711693	0.509077430505236	0.509968087125018	0.513277044228274	0.514176684761451	0.514196640209003	0.51368393270482	0.51777837292946	0.516729067733368	0.515594141565703	0.516685085391385	0.525694214945004	0.524868978611242	0.525212866577928	0.521857020497564	0.52607398690273
158	China, Taiwan Province of China	0.749170081589604	0.555578906536546	0.556152353090745	0.574937164340288	0.581478167980425	0.576557159631882	0.585427537505194	0.597717623580669	0.589648463878613	0.592616895538755	0.601217278929798	0.591867938534159	0.606682913440234	0.599543491816641	0.599627582581912	0.61462801157131
408	Dem. People's Republic of Korea	1.26466357175642	1.11070058873366	1.01541560928985	0.99258706267219	1.01030282765393	0.993730402496114	0.983501314379973	0.977691728096374	0.975216195822884	0.977812573963628	0.959170857612835	0.952486657032677	0.959617516427247	0.945557872000655	0.92999899367475	0.913172790119156
392	Japan	1.15917221294161	0.999218099410363	0.943448364539468	0.907330085924284	0.862945522913827	0.839824666203084	0.818129427421289	0.782841412662119	0.793392487699107	0.798888924137732	0.789245021854458	0.792184429439962	0.777529634150326	0.768964805898016	0.765549487065894	0.767647987095874
496	Mongolia	2.51774951266979	1.99899486960969	1.70038190004742	1.51900457084516	1.40558600425471	1.34115878637291	1.30491767433739	1.27659550897247	1.24941585592196	1.23780090427873	1.20367480744097	1.16790296499261	1.16722058754122	1.15693466716816	1.14827188412684	1.14460366989928
410	Republic of Korea	0.638575112934547	0.536343067801358	0.538984046194336	0.54612485189437	0.55216747808718	0.559493140410597	0.554652719354601	0.561597512835553	0.563954455102287	0.566403576118384	0.571441286242296	0.575273913572003	0.571135198731057	0.576595560527741	0.58968246543859	0.590142367024608
5501	Southern Asia	1.92523567176672	1.77091992743716	1.63471828922335	1.56041018121124	1.5248605310345	1.51948728129779	1.47899576454694	1.45280710353532	1.43771196162089	1.42682770469591	1.41972783528339	1.39652715167209	1.38988559552494	1.37924835201529	1.35745064931376	1.34516987259515
4	Afghanistan	4.00732477242513	3.33023560624329	2.7283905541315	2.27367845258579	1.98459976201274	1.80748923449031	1.70057680238515	1.60339293256164	1.5190235476868	1.43189069680101	1.36235247943363	1.31341555474011	1.26305182514488	1.2340123230011	1.19676381442913	1.16941144103994
50	Bangladesh	1.96420506236842	1.63365852730896	1.44105616725065	1.33469705244992	1.25356950494147	1.21656854792807	1.18700726782748	1.14953686809506	1.11269735743339	1.11493118317969	1.10741991828951	1.07217358707898	1.07778016018404	1.08291790874398	1.05354610916182	1.05218247747319
64	Bhutan	1.31477707434844	1.02853601423732	0.929692509646244	0.890617249965289	0.891736792941511	0.892464568665211	0.889030189920542	0.884434935893621	0.843942685284764	0.833700704589548	0.811194428560039	0.802851887770551	0.804022010289179	0.816493633404547	0.810856763886216	0.807575079857515
356	India	1.73485670833021	1.41220762169443	1.25219963958097	1.20657361668987	1.18599451264575	1.15401161976911	1.12094883690083	1.09024646885903	1.06688782183003	1.02387076125164	1.02078993306968	1.01607221593933	1.03205907532028	1.02612120978872	1.01665319896203	1.01397292927432
364	Iran (Islamic Republic of)	1.47351059317125	1.23920143881764	1.11678265305531	1.05863988937945	1.04330451813119	1.03470804979928	1.02431023864252	1.02108955889569	0.996783731215875	0.995174032686469	0.998290548219997	0.986559508817009	0.96743924481077	0.942674623592774	0.92891727124967	0.933352363819169
462	Maldives	1.25150574480544	1.03268608908905	0.943177682178001	0.923593496504926	0.9097491149943	0.908195121566949	0.900606544189344	0.8876271684819	0.852651380603296	0.837879775402513	0.831931000193671	0.814865228405655	0.812181678157101	0.794710605381733	0.807474777782119	0.82311315034178
524	Nepal	1.738845342322	1.45294812019434	1.28737305177664	1.17475767138615	1.15323112231202	1.12549859743794	1.10590087623366	1.09892365703546	1.07713776152877	1.06431463156906	1.03018204500196	1.00530037604482	1.00658546815157	1.00418387748991	0.993886663045815	0.975997396752033
586	Pakistan	3.29427650143544	2.71032395482447	2.29491006205555	2.00391375980485	1.81733172199328	1.66250656631172	1.54998718598321	1.4648983606489	1.39281170566529	1.35900275828601	1.32011334724129	1.26366773623578	1.23082178756551	1.22162773044867	1.19332509866764	1.17318386289551
144	Sri Lanka	1.44386153154529	1.29955479862859	1.22316868098663	1.18321323305351	1.16734612386487	1.1319748190785	1.10611076066236	1.0852839723618	1.05875880820955	1.05391247070674	1.04633371554409	1.04856475383277	1.02922789744647	1.02579097939254	1.01517747307468	1.00366833205717
920	South-Eastern Asia	1.72362294218045	1.63344842683916	1.54193391713435	1.51527119809414	1.48718905217813	1.45810428572611	1.42613949847156	1.40728807147953	1.39682808780943	1.38250223317957	1.38544099171518	1.37604741170585	1.3729098753055	1.36383307848233	1.35346768253416	1.3458525132617
96	Brunei Darussalam	1.52475742104077	1.21994212742758	1.06260861347311	1.00049182584315	0.947697241442443	0.939222670875616	0.948291037177816	0.946140505162579	0.929837032073274	0.926011992843161	0.934577034570995	0.93452150670181	0.927163052542115	0.950200921022952	0.909675937559791	0.9117845071983
116	Cambodia	2.22910568272363	1.89810710041597	1.66956467561274	1.52049113787153	1.43817570659495	1.37678994957005	1.29796926555395	1.24792584591733	1.23135564954927	1.1928382667519	1.17628991030255	1.14062625444889	1.11682240023528	1.09704230781529	1.07269934925304	1.05561081910365
360	Indonesia	1.83485319537517	1.53896731810492	1.41254440722113	1.34027921086467	1.28079402725147	1.25219196042732	1.22146220833573	1.17412754751786	1.1435581802436	1.11904256995032	1.09792603755669	1.0789893650366	1.07210708635412	1.06622831155052	1.0585454168763	1.05103371378894
418	Lao People's Democratic Republic	1.94948593874023	1.67860999175035	1.47583816514218	1.37687729203274	1.27905216817822	1.21938911436469	1.1671236808659	1.13427053519918	1.11287258624465	1.09984431318915	1.08927654409285	1.05605608078838	1.05837982875922	1.01711634286669	1.00033391636169	0.975357607724428
458	Malaysia	1.31523930992263	1.07615444335067	0.984438734583322	0.966982944768221	0.957720311053774	0.924429371821025	0.909214454322901	0.888672273903653	0.874950343225986	0.889269643081978	0.891063671009163	0.89423577106006	0.876404338687944	0.872562563783721	0.824455933581816	0.827601205262669
104	Myanmar	1.64580147119512	1.45079873407856	1.32340908602651	1.27724630758926	1.23672223973385	1.19527564300595	1.17458253684688	1.13983534827825	1.10882886076174	1.09778142879497	1.08714494619691	1.07867859227849	1.06748056941031	1.05549468869316	1.02808208902931	1.01658380049662
608	Philippines	1.63270586152448	1.36253425302105	1.23476690050618	1.18339242176472	1.14000903061659	1.12321419827693	1.08537878433722	1.04748752826811	1.04904040951724	1.05431867734554	1.029938286172	1.01677632594458	1.01570774057428	0.991927442532362	0.974157866631571	0.955140249539918
702	Singapore	0.858284964395548	0.732190981447505	0.673339466885784	0.646994916827564	0.627870458438785	0.627444715715949	0.622760256764323	0.624856793536921	0.626788280177267	0.622250438902876	0.631510541700462	0.634383771830669	0.633197707590662	0.62030639311852	0.619818354396994	0.632608370967054
764	Thailand	1.03953818415997	0.821673878748243	0.74853542265757	0.734801540641365	0.741216242086882	0.729576255568275	0.715358209768726	0.717862161257392	0.727848619512519	0.72722150425465	0.727986832065095	0.731576242617803	0.738750428795246	0.746173712936384	0.736565328015181	0.730263522289167
626	Timor-Leste	2.07508837476787	1.68256158726892	1.48264247854743	1.34102953807996	1.26177082773405	1.21075842973396	1.16365996316168	1.12008084990846	1.08813985468764	1.07803909095388	1.05202868483324	1.03469817003341	1.00813186539642	1.00267999535298	0.985564858054925	0.99677704662241
704	Viet Nam	1.62499913084212	1.39500658786142	1.27217955714539	1.22560788916645	1.1744185162695	1.14078390044938	1.10277351576591	1.0790771823978	1.09162270767523	1.08821072443489	1.07801001540047	1.03646782761195	1.05778882110222	1.04778469034069	1.01943091363465	1.00419366912992
922	Western Asia	2.30459655081726	2.20864900208404	2.06780721816291	1.96253113608662	1.88041176613215	1.8229474342864	1.76068480608131	1.71742895302193	1.67775109423503	1.63827304519736	1.60439313236717	1.58261395280662	1.56111238029281	1.52461214828425	1.50210111053964	1.49194935715235
51	Armenia	1.48008487744183	1.38703095795055	1.32517912306685	1.26885213193868	1.21727977119903	1.19975206498525	1.16701583920141	1.1503826802479	1.14909944472869	1.12266660310301	1.11751178084281	1.08373086792922	1.06009686857478	1.03838664282036	1.03428697554617	1.02968998955846
31	Azerbaijan	1.50146913596206	1.33664601452297	1.25142303877553	1.18972105575263	1.14323419126476	1.10519849166833	1.05232857072013	1.03845985035259	1.02067795772086	1.00677034327094	0.996036987254444	0.991245612529379	0.981353333071045	0.956073170477497	0.966067528647464	0.94495710245227
48	Bahrain	1.55611285961421	1.28158065703024	1.14458091947412	1.08208341404257	1.06298385124112	1.04198330461634	1.0250180594625	1.00629741047124	0.999486074759052	0.993348523137857	0.973794794852033	0.970887540536234	0.955971568567324	0.940296779957742	0.916086704724184	0.900427224877102
196	Cyprus	1.23306369795686	0.987763317315168	0.877159029559125	0.874559644175713	0.855451776659768	0.859822257399887	0.856169806193355	0.836785046738818	0.819050218985878	0.805117898103045	0.793148201306613	0.798471413408791	0.769706459336356	0.763001742267168	0.764745476851464	0.769717484293029
268	Georgia	1.64866596421543	1.3234421096788	1.2090608313789	1.17180339676387	1.15095401474938	1.12827935156292	1.0982623540532	1.08074912318954	1.08083440051496	1.05427969472498	1.02422530017672	1.0301920557683	0.998273310300695	0.984975179018736	0.978934955839511	0.991776036380731
368	Iraq	2.65563548175121	2.24300533658786	1.9064312519348	1.74098120470317	1.61229033808108	1.49446288423921	1.43323217590657	1.35700922828786	1.33677603160781	1.31714136343241	1.26770416300621	1.24029657667036	1.22009614259334	1.18895064671861	1.1630065290993	1.14556151741145
376	Israel	2.68785343673171	2.17354432622236	1.89434956274124	1.70306737455618	1.5987769414814	1.5136408359372	1.44612040821936	1.3855986543214	1.3273998081427	1.27225694667394	1.24271879056849	1.20310223565783	1.19324167642372	1.17986269560271	1.17386842333321	1.13708355450155
400	Jordan	2.39030884173245	1.98220906713331	1.70083696957073	1.50627402314516	1.36558970782904	1.24380533711926	1.18629442111361	1.16695100983584	1.11340885442534	1.083889261309	1.08520621788412	1.07305173322961	1.04673944680044	1.03356131049291	1.00270423327702	1.0073507990857
414	Kuwait	1.35603081392341	1.01150637148327	0.940586249316175	0.924364160681837	0.913966753335526	0.891355898535409	0.888089633040735	0.881932956574434	0.879714633607951	0.876316834462758	0.874115540981983	0.88054401351837	0.87874876500621			
422	Lebanon	1.72281225596161	1.54908760009531	1.41516340544068	1.33028262782959	1.28658647664941	1.25612099381196	1.22288932221391	1.18823283897447	1.14984388224144	1.14718043554664	1.1167816246313	1.10796976562288	1.08783509620585	1.0928727564336	1.0976111694392	1.08700658515977
512	Oman	2.31389105453135	1.9158985091317	1.60662091172175	1.40267229090969	1.29507354598071	1.25845832088011	1.20789662231118	1.14992881044064	1.12290643135026	1.10321053461617	1.09344168440931	1.08256961106173	1.06599153311961	1.04462132410586	1.00959943358983	1.03203376822566
634	Qatar	1.45491617280477	1.22427817065228	1.09831954271235	1.05541832679428	1.03891337474934	1.0303959535368	1.01778192007011	0.990821454122747	0.977099524428263	0.957956095059514	0.933876329023283	0.934609117262677	0.923518095176322	0.920060715220876	0.884510093715086	0.915932700092649
682	Saudi Arabia	2.02405669368819	1.77569776451788	1.53447674215564	1.38486668084056	1.28025351312376	1.18333336872559	1.15103231093303	1.11919918834463	1.08433697512842	1.07229142606511	1.039149295997	1.01101447888811	1.0130113638364	0.991830413672225	0.968011619728535	0.979088217453072
275	State of Palestine	2.74488941105182	2.24460340646072	1.95770283964374	1.75468140797906	1.58499953680166	1.44439236047253	1.36539220098329	1.29683197916878	1.22129261161581	1.17921263116676	1.15076856287204	1.14591908271227	1.11571672488397	1.11087934049065	1.12127645649134	1.1031409553545
760	Syrian Arab Republic	1.91973265886427	1.69212770882379	1.53973086146642	1.42894963879565	1.36666508436835	1.3100762155911	1.25056241015181	1.20491032229644	1.1822144849721	1.16512160832953	1.14918408367887	1.140377907323	1.12787619463434	1.10377444697852	1.08275767809323	1.07784142265162
792	Türkiye	1.47895902860393	1.30172834399834	1.23466808487969	1.18727728373372	1.15603270286709	1.12646257872243	1.08809848695668	1.06296325583647	1.03408289063656	1.01484671349199	1.00475702328503	0.972308184689719	0.961377277852819	0.974535963515035	0.954044700004884	0.949052843863915
784	United Arab Emirates	0.954395785372367	0.821838407354986	0.778393433315288	0.759310084194361	0.754679044905643	0.753359366678071	0.751321437188831	0.749356203029229	0.716362643127646	0.69746070179129	0.682776296569036	0.692248233677843	0.694087026913591	0.700341003453062	0.705590454706005	0.701783898895372
887	Yemen	3.31024941369002	2.66190372861295	2.16028265845351	1.9428458338412	1.78282981441883	1.63965892346543	1.502998994524	1.43482340925222	1.37344738633591	1.31236193680791	1.24830458562835	1.21328397640247	1.1713252431941	1.15332571591784	1.14116788998582	1.1171890428935
908	Europe	1.34900173517825	1.34430363296891	1.34749889404444	1.34990705406513	1.34292095488887	1.3358928532279	1.33970571825615	1.34177357692184	1.34599942956997	1.34581106986476	1.34089543252404	1.33321687533409	1.33399403322425	1.33272707329486	1.33568034337832	1.34000256409031
923	Eastern Europe	1.30135012958736	1.27098278621902	1.24606367933113	1.22391245731728	1.20766398050033	1.19921472571897	1.1959455576109	1.18894205117183	1.17823534897555	1.17628282214794	1.16949692687996	1.1689594688635	1.17024915577459	1.17479552892734	1.17728862765013	1.17957828024346
112	Belarus	1.06755196745231	0.933523672041122	0.90666629465047	0.886271615569787	0.85943774307198	0.85709299492465	0.849795199966004	0.850199241350915	0.839159233243553	0.821589577438946	0.809382524865775	0.788780011873238	0.7867025625679	0.76640925944145	0.758478250651597	0.762178500639843
100	Bulgaria	1.6185454413207	1.51053051732382	1.43074386768992	1.37500169614323	1.32607149051137	1.27299041704413	1.2564300582144	1.22832111345402	1.20849416078295	1.1822964545666	1.1689202381194	1.16495089808265	1.1579518140959	1.14582343325748	1.13285853119473	1.12918856260604
203	Czechia	1.50680120234947	1.24490720385596	1.19076459595211	1.16108169197664	1.12882799596533	1.10398124888909	1.08914536993555	1.0802692405493	1.07132194623378	1.06011355690138	1.04624087646136	1.04186898524534	1.02261823237169	1.01591412333829	1.01141317758056	1.00987324342391
348	Hungary	1.44738000727403	1.26537268977801	1.20051376606957	1.14732585658007	1.12249361997782	1.10472807661884	1.09485623977205	1.05960979675565	1.03477908027753	1.03492054481083	1.02311332276685	0.9975580440591	0.976867495375885	0.97310851513723	0.980009688347527	0.96282236686233
616	Poland	1.21874999839036	1.07556327600444	1.01552154324946	0.966550624580547	0.907918515078179	0.895283530361973	0.869028706977162	0.832765447986073	0.80598391546393	0.797310650338715	0.789216974970514	0.789961884049161	0.771551941118864	0.758242237837242	0.738615063767497	0.738430850385306
498	Republic of Moldova	1.62874131412523	1.4742401987332	1.39981458017945	1.34002221182725	1.30980034107617	1.27301897120442	1.24579781997037	1.21120855741848	1.17774751865028	1.15111032720198	1.14125853480931	1.13693173817535	1.13651444249693	1.13701323360546	1.11291545615123	1.09930162299875
642	Romania	1.59661401539705	1.46189659637272	1.39244237058113	1.34528384945536	1.29897129765259	1.26328088700741	1.23839852254585	1.22784261826879	1.20992031247368	1.18502412197841	1.18518371157079	1.16615019594765	1.15543805370237	1.13233933795399	1.13867872249576	1.12612836326769
643	Russian Federation	1.37544297118839	1.23538081811404	1.17136146810973	1.12977653815009	1.10438971714051	1.07904664480982	1.05260848945118	1.03898604817376	1.01574660465138	1.00948401530418	0.999316208377555	0.994689212628828	1.00149048339918	1.0025957341002	1.00061445117493	0.993788951129351
703	Slovakia	1.45885499324189	1.32042488652173	1.26789573423604	1.23180508902864	1.18630578251537	1.14947857912903	1.12698864237548	1.10883694983115	1.09708486121079	1.10195393747894	1.08221120034815	1.06260336517634	1.06903067155555	1.07002101180254	1.03625160380489	1.02291625262668
804	Ukraine	0.869062682381782	0.727429837618744	0.677993572848868	0.634655490778738	0.622843299680268	0.601941203185892	0.597436659901232	0.585959219936962	0.590933520165097	0.599041107189366	0.596907426153718	0.598752088026048	0.595353320535477	0.599878929451188	0.59975155571428	0.598009008043602
924	Northern Europe	1.31297759395077	1.22957262382292	1.16920570925489	1.15161679991354	1.14980271907692	1.14938121924287	1.1583805479123	1.15732747214624	1.15750739385195	1.15635916098414	1.15471286026937	1.15436027661691	1.15745789644516	1.16873807833422	1.16259154513096	1.16211145105963
208	Denmark	1.4987247970828	1.29475754230971	1.21647827589522	1.17606599915156	1.14310322274136	1.11318546877401	1.09417622935226	1.05764192047348	1.03502583623894	1.02337029394641	1.02520903568672	1.02686761318686	1.04164291519367	1.04473286765578	1.0238966163977	1.01723794784062
233	Estonia	1.35581443576412	1.15517626616447	1.09727106924384	1.07300963518517	1.05794882724807	1.03326572165902	1.01562885167596	1.00420528262249	1.00343997482088	0.995120475417444	0.97203224237988	0.960602847261267	0.969714795659839	0.978198055581857	0.971001773423039	0.965338696530313
234	Faroe Islands	2.07025827981651	1.70305479337205	1.54736407161856	1.4702533294514	1.39315171520237	1.33362990497852	1.29290768919446	1.26464401965219	1.23786286048631	1.20391809010797	1.16970101907997	1.15811629497879	1.1382948178848	1.13572977074718	1.09846190342059	1.09129355559476
246	Finland	1.25256677136349	1.07169016040358	1.00696822994114	0.984831295580064	0.95337858264561	0.914002314439672	0.898799023680859	0.896557306956258	0.883912393250366	0.870350831269717	0.863256538155145	0.834836577271543	0.818270701674727	0.802539856112644	0.794297756958888	0.816520616440066
831	Guernsey	1.15002330491712	1.05180040644551	1.01548837613887	0.971733621230946	0.940970441139645	0.912819633116328	0.902275822545589	0.891623335733376	0.886659311906901	0.866365462851113	0.845262897111644	0.823267856095467	0.813081186908696	0.808803494217743	0.818780140600962	0.802064359547423
352	Iceland	1.49515721849459	1.08253690281884	0.972288185887067	0.947116074178024	0.926341548689992	0.917284050014408	0.895534734698167	0.881651195976715	0.860666109564389	0.861909580763088	0.863368045202311	0.846372255074002	0.830675832536408	0.825801370479382	0.81329636031812	0.803001268381072
372	Ireland	1.5431065733714	1.33434205956264	1.2432008339705	1.18941653621034	1.14746485093693	1.10361609946908	1.07805931906108	1.04709640893722	1.02776736104857	1.00884164857109	0.983640601127445	0.956691593561257	0.951149933708212	0.928366309425256	0.921871263362448	0.928916165997971
833	Isle of Man	1.31411345401076	1.09747830784102	1.01593722005783	0.981603601648948	0.968731166984567	0.961251560119896	0.961296616649377	0.951164789936423	0.943453753777636	0.911702579312701	0.894482948375145	0.895097930644672	0.905029711778685	0.903748063714745	0.893554635095251	0.886372701204359
832	Jersey	1.17736020156903	1.10631950956131	1.04786326957145	1.02654446476391	0.994079195601475	0.949705528624617	0.922882770919136	0.914369348189781	0.921348813612937	0.923489829887812	0.92049708018171	0.914391123908846	0.902423253418883	0.915269938650307	0.919976445504279	0.89081011923196
428	Latvia	1.35626313032151	1.1221647956909	1.06119742950693	1.00962592750098	0.983079442378713	0.962546969216671	0.941949488043702	0.93111467711295	0.93084077584713	0.923919192634478	0.914783453977123	0.910844914251169	0.893325855119692	0.881294162735814	0.884980010288519	0.871281568553635
440	Lithuania	1.19757730864277	0.99203551011869	0.919211088321318	0.88279648447829	0.843784406015345	0.811725841647368	0.807498733724296	0.779033085800212	0.765007066413757	0.758341723517963	0.743500352837304	0.755575443150165	0.757743919494582	0.731883148519916	0.725948091126562	0.720788968914416
578	Norway	1.36954378507308	1.18881891118004	1.11685881863728	1.07687563852318	1.0392654257311	1.02134908230264	0.989369248491904	0.97668975787223	0.973619899429917	0.948119574382055	0.93288552403528	0.914501876991547	0.901170097032834	0.916917117457704	0.901974212949748	0.907033697376702
752	Sweden	1.44187382772859	1.21282964637621	1.15389129203885	1.10819930934705	1.07409901858237	1.0401456500215	1.00977693459017	0.992228812780346	0.986658878136699	0.977089911922583	0.984994488829807	0.9883567041595	0.997437320164457	0.980862052793385	0.978021680927244	0.983955438224127
826	United Kingdom	1.39918338712618	1.12386039125981	1.02802416141534	0.990862171750964	0.985017340876199	0.967693037927064	0.984890061000016	0.973930262929758	0.957006124486472	0.958794109635135	0.93519251187026	0.913327339776276	0.913215820882306	0.897966466275472	0.917786232823312	0.905392918702256
925	Southern Europe	1.20534790658318	1.18298128406811	1.15834312817557	1.14207009315721	1.1294933461905	1.13343911272555	1.13687665815146	1.13037562813933	1.11986158210036	1.1260375422231	1.12584188830012	1.13575802316236	1.13318049322	1.13634967670791	1.144004475808	1.14141038008551
8	Albania	1.16621244520408	0.955546334217575	0.871355536325793	0.85732329574749	0.858793143941369	0.84709246103996	0.837453207262135	0.837639073502687	0.822234661263722	0.824363727700206	0.804294750600784	0.790691146519922	0.782722981252194	0.785884291409498	0.793199916390439	0.785491228873025
20	Andorra	0.92416342355145	0.838858172900061	0.78705643815342	0.730204364602497	0.71125984289007	0.696603412997642	0.69551112700638	0.665725775744675	0.658559883306427	0.650424148396449	0.664517270037565	0.668708001581117	0.676924498692241	0.694		
70	Bosnia and Herzegovina	1.27526584763102	1.20407640481845	1.1706058532346	1.13400606607355	1.10459635075055	1.07021798936424	1.04692830260063	1.03958815458731	1.05488631572954	1.0383580027611	1.03380911545083	1.01465623087413	1.02131512454594	1.01548920686978	0.994129601851942	1.01373337021355
191	Croatia	1.36643522231854	1.17815408512854	1.11463767472338	1.07865007592836	1.05501294007983	1.02359646166749	0.995103202314528	0.994020680434319	0.96627518942476	0.954077130834874	0.944078976740043	0.910464717050309	0.902531271554186	0.888334867778817	0.848217981271737	0.828910777886614
292	Gibraltar	1.64633057171304	1.55906446352486	1.48513707268005	1.42965146638983	1.38116097362324	1.32936218436532	1.30208376408965	1.27821204505134	1.25686948435189	1.2347468221026	1.21692072478187	1.18843142912659	1.15148324235867	1.11940006880761	1.1011626968783	1.08671116611272
300	Greece	1.24725273469525	1.09368932853997	1.03205748651582	0.98554255103104	0.958317777656897	0.91477651451338	0.890520305360031	0.870467738351394	0.857510180987115	0.847135169412642	0.81622179336787	0.807922892316452	0.789639289158469	0.775861940361823	0.776393432489082	0.773419563315801
380	Italy	1.14211877418441	0.992243062914017	0.93451461827423	0.898763712751466	0.870483919741458	0.850783080470474	0.836651149325524	0.825687503476753	0.791700312828248	0.798659594624989	0.800713016264236	0.788423121163457	0.801325740280646	0.771324913281808	0.761697876854584	0.769631753588701
412	Kosovo (under UNSC res. 1244)	1.24212747929093	1.044149810784	0.967839322294324	0.948821557563307	0.924689532624694	0.896975123965223	0.877872061653317	0.877403283035314	0.866828378378379	0.856972355649382	0.843603799351837	0.849717347491308	0.859080869941372	0.854064359489542	0.848783500444864	0.821064267553947
470	Malta	0.974362105764807	0.853824303016543	0.817884172973446	0.783199277259919	0.747057882515252	0.719684095174617	0.696085990462827	0.696042545384924	0.680569302397719	0.677640862179711	0.688821105690527	0.690058191112947	0.687250344390008	0.67661242773454	0.669147504493245	0.659825812066664
499	Montenegro	1.68912571410309	1.53345889864809	1.45613749168607	1.38959600570593	1.34531291377643	1.29794288461306	1.27072674165021	1.24511977619831	1.20845809403821	1.17676058208508	1.16511812948125	1.15770788535911	1.14340951829965	1.12732121037605	1.11935939040673	1.10114198452655
807	North Macedonia	1.30561331586873	1.13886934856364	1.10329738131536	1.05314886509052	1.02748686310276	1.00701045107831	0.987128910796521	0.954850001239096	0.929293234275639	0.915659693055301	0.903804914779394	0.862741473202716	0.850150992202253	0.861101445588679	0.849518614534805	0.853565773439731
620	Portugal	1.34223687585815	1.26770668366862	1.1932422558328	1.16336476561822	1.14041218422271	1.11188769908613	1.09898037088108	1.07574949236294	1.06287060777086	1.05863727416503	1.04724453569382	1.02894945275499	0.998050449984672	0.997188590455374	0.980227755533934	0.967633726591834
674	San Marino	0.929558122006934	0.872599095904981	0.82024716444551	0.78341175367693	0.765154251856187	0.739085535326798	0.726325160310769	0.716144358162336	0.723185115488222	0.711212435767794	0.713047696991896	0.698946841508007	0.69396557975991	0.709475907434994	0.691023803882544	0.678497602791943
688	Serbia	1.38865124925284	1.2442640823821	1.17515739532206	1.14508722487753	1.11673477643205	1.09143870523878	1.07432149949255	1.04694118254598	1.04210506189679	1.04397608789949	1.02364112758368	1.02128244928104	0.99380890030133	0.95226542787337	0.951894858703302	0.936370621046898
705	Slovenia	1.51331099497388	1.35480623429833	1.27315713588068	1.20999580830574	1.16419465077414	1.14026430927036	1.11945586923812	1.11061497849821	1.07252937078825	1.06950033891201	1.06704987403913	1.04570255608737	1.03079549353	1.00116757270929	0.99236782518747	0.980812444217181
724	Spain	1.10661227199398	0.996824003461713	0.925262143070703	0.900592134275282	0.886183762008316	0.860289468865539	0.852535998350018	0.830626319070043	0.812675622719947	0.815414379660924	0.795549390435759	0.783064823659316	0.789005590356466	0.785255472069944	0.781921596945779	0.766025980932311
926	Western Europe	1.41167646824986	1.38433506045415	1.35673583020948	1.32993646196447	1.30992916585483	1.3027256186018	1.28253892913164	1.28979031662327	1.28264912023863	1.26305474083667	1.25399939987996	1.25519686434254	1.24404853979988	1.24278557636648	1.24608085188065	1.25717177451654
40	Austria	1.2970551230536	1.11112486187965	1.06389706594947	1.02056180210331	0.982401017740954	0.96313772658792	0.940835182230071	0.911131553951426	0.896796781821112	0.917656787192123	0.924153873857582	0.896114801999536	0.87197554717037	0.873831097292455	0.88163842168581	0.878571159047707
56	Belgium	1.39332050942569	1.16915007221869	1.10618654781259	1.06403718158036	1.03505723439201	1.01706163656364	0.990017687307587	0.970769274589798	0.946567020809284	0.918103593706996	0.902619362837199	0.908168710646787	0.89090305670835	0.885542245007822	0.903363347278364	0.908014799828556
250	France	1.61531872476677	1.40236427858404	1.32315357004527	1.26989770531375	1.22423653050622	1.20430977561648	1.1753279065284	1.14228206721445	1.1285809340073	1.09733710771316	1.08402091732727	1.08163194736234	1.06425727833605	1.05055042185978	1.04075771639921	1.00605907843175
276	Germany	1.40034013079724	1.22256762586422	1.16817965727944	1.10902590262732	1.08348602921756	1.07166442908614	1.03401302959849	1.02026434323177	1.00309236670997	0.978220755148318	0.982015498718185	0.994874237875609	0.969130963164912	0.971826836196985	0.964703936725235	0.965364769112345
438	Liechtenstein	1.40780537220481	1.28882375299748	1.20344645300865	1.14225485596176	1.09840574159582	1.07309317691632	1.03531907662322	1.02083195327761	0.989900930538584	0.980166760319168	0.962739040788884	0.941162742277788	0.920151553953117	0.903574545731012	0.892322095990193	0.884361801365829
442	Luxembourg	1.26941957050983	1.15988046940905	1.0950800190342	1.05770454326606	1.02007538060515	1.00235059904309	0.987422225216926	0.974797196580045	0.955798411070388	0.937834036744661	0.943767142048804	0.911638899268819	0.882747216040926	0.881293409655713	0.881041251219175	0.881615488079374
492	Monaco	2.01586485173323	1.81594825288799	1.71177202363512	1.64173591262221	1.55792903474503	1.50358886465914	1.46695895587977	1.43117198662411	1.40140847880299	1.37113168245828	1.32940520359351	1.29248449137716	1.26506713734375	1.24363107166714	1.23374331136645	1.20997994480221
528	Netherlands	1.42239860256673	1.20890168906032	1.14198216909242	1.10016455190168	1.07041507087556	1.02459785985145	1.00728932976997	1.01051158881148	0.986416511035257	0.969210093142726	0.958921949712862	0.954848153125598	0.947630810365903	0.934918208259997	0.926397123205419	0.925092600008794
756	Switzerland	1.36636305977202	1.21734825766138	1.16078177821278	1.11363547962965	1.08140965864529	1.06051404644326	1.02002394435969	1.00191505311338	1.00371498323633	0.984740726141727	0.970525916852428	0.954452383949344	0.941543851865215	0.950311932498066	0.943464430555419	0.921110559247018
5505	Americas	1.62729907456766	1.56404624502918	1.52366152861755	1.50258856491653	1.48148824178437	1.45560284408785	1.44750082486829	1.44241962962795	1.4267065158528	1.42161620760539	1.42089046212626	1.42300431027069	1.42033279527265	1.41729444967056	1.41618823792909	1.40941671065177
904	Latin America and the Caribbean	1.65695542122296	1.57779263966683	1.5197550550756	1.48738281526879	1.4713948150668	1.45680316470166	1.44540910146101	1.43533551592461	1.42530255849806	1.41353182743937	1.41358146782161	1.41481735655614	1.40839293237311	1.40354850822101	1.39645432622477	1.38562693710639
915	Caribbean	1.73565087558342	1.65343584985752	1.57929897655261	1.53221489075044	1.49672308990974	1.46900758629286	1.44425433316103	1.42117209593933	1.40785181631975	1.39771312466792	1.39747726996855	1.39263796123562	1.37595892612473	1.37279494842486	1.35348960950159	1.35139261223381
660	Anguilla	1.03045080801376	0.876316953424338	0.820210173209044	0.807284512282044	0.798343015453047	0.795133641710447	0.805027159800688	0.801071768573307	0.787316177966348	0.795514972381045	0.802150353141294	0.776749427238014	0.768059970817121	0.767813829201102	0.772381309315118	0.769274117729601
28	Antigua and Barbuda	1.34950009086177	1.15121724796257	1.06956202196904	1.04128451609288	1.01607809756904	0.985163003065119	0.953589017644206	0.948210097176701	0.949056582455823	0.958581720373398	0.947819628171938	0.935275859035358	0.93716846212571	0.922240826103585	0.903962609017264	0.883544162505985
533	Aruba	1.33406076648474	1.21694607331481	1.16964739326625	1.14550705860112	1.12780662425327	1.1023230377767	1.08538035631238	1.04523004068882	1.04846048062599	1.0285083670582	0.999535265247378	0.975984453132103	0.974919686715086	0.969206086905701	0.956648610323312	0.954084742698751
44	Bahamas	1.05272580001285	0.895324199913693	0.833208551669223	0.834518188943871	0.819368872044612	0.821199445066959	0.819303792731038	0.813854083135874	0.809605801955158	0.800030932713003	0.781474688231177	0.767598928851437	0.744162972890409	0.764170564562955	0.7923875748674	0.788978288337072
52	Barbados	1.40841031283104	1.34793489275718	1.31205418240785	1.2833293878378	1.24932134123261	1.21273538967933	1.19125002463542	1.15773288684957	1.13636332706925	1.1058233653832	1.08641482245555	1.07259739801065	1.08621456273081	1.07056714631168	1.0550698340617	1.0463571279249
535	Bonaire, Sint Eustatius and Saba	1.40302858784196	1.07997902495116	0.959611925634824	0.926946433143852	0.913955468962041	0.887407807133568	0.890400102781525	0.874568024896866	0.874312644048674	0.854386560731163	0.84158348957226	0.841074729171622	0.859049766056997	0.837203439186645	0.852148697332011	0.855924956753343
92	British Virgin Islands	0.810506370421802	0.771551587688772	0.739666682403206	0.716255605465329	0.71176496444818	0.69703265607999	0.684422205064855	0.67515733066105	0.679764115157132	0.659343168900047	0.654191944603582	0.673129543188288	0.666512141317245	0.668323349087941	0.663694736168033	0.671731332082552
136	Cayman Islands	1.25464350018105	1.04217622758476	0.962725995578765	0.928169098861856	0.926929919396206	0.912458768488576	0.905351057793629	0.896986602863006	0.87681815625461	0.864372837944499	0.870435489421286	0.876249761601504	0.865280974578527	0.854192324854975	0.868501101074109	0.856347280086879
192	Cuba	1.32068628443842	1.20270307462925	1.14852720050366	1.12013277480169	1.08778509539879	1.06345647359841	1.03416150211536	1.00850567120451	1.00608465458642	0.99776968930434	0.97974424515015	0.986375756891131	0.975999682976096	0.967790261275739	0.955712709861807	0.955926510104637
531	Curaçao	0.829510136721141	0.680984977065079	0.651791592289353	0.65355610774004	0.655946329509894	0.650798207337869	0.654925565254366	0.660308692346317	0.648015168057098	0.645390163172775	0.643766144722284	0.648291977563839	0.654317891307506	0.664727334499262	0.654060162581069	0.653924172770902
212	Dominica	1.06640846484287	0.919829926793558	0.863730943982141	0.850343076141663	0.852512235215612	0.844016886285574	0.844144788506564	0.832861684022269	0.819808259110945	0.841710442887988	0.85842198164274	0.856358214976447	0.84557623366509	0.8298929372626	0.830634997084013	0.815433372613717
214	Dominican Republic	1.90629400749563	1.59846036763238	1.41550840877234	1.3144398366313	1.26470261727558	1.22463257737627	1.19235120232851	1.1646199990091	1.14631000868788	1.12690239302872	1.12641496310782	1.1049394088398	1.0850095943357	1.06299171667522	1.04449943176098	1.03875478239056
308	Grenada	1.18874661215265	0.989460067612065	0.893021884109912	0.890327012070035	0.888699649392776	0.879000407754208	0.873390669757799	0.875150588787782	0.859177839478666	0.851702043459812	0.869707742394192	0.852962979155683	0.858841165133733	0.849055026046691	0.86352977548767	0.836220003235342
312	Guadeloupe	1.82182756270879	1.5528784099166	1.43310097421474	1.365628762987	1.33118261622942	1.30457374245864	1.28336996875152	1.27546905809497	1.2479508000847	1.22600049996499	1.1965504608971	1.16928305662994	1.16117953065843	1.13466987854205	1.10624864985676	1.09832107594079
332	Haiti	2.10313761170295	1.77619826360854	1.60955371798305	1.50367238777657	1.39890618427604	1.33604896724869	1.28649959803228	1.2579227017314	1.21976718795208	1.19074350108853	1.17494247395745	1.15489377670234	1.13453562080019	1.12468457248822	1.10789010536424	1.07943059079298
388	Jamaica	1.04503195234193	0.878220490489607	0.803932068965543	0.788729147665648	0.76995667582815	0.77583469550008	0.784178736721452	0.770628553735038	0.766091499657824	0.774914896789445	0.777285916339045	0.769332941315762	0.769605042743731	0.781065432232422	0.775435237297076	0.762906645270544
474	Martinique	1.76659304040534	1.50706316203104	1.40855851167392	1.35425620453248	1.31891831509884	1.28425816761435	1.24641918315457	1.19767851068087	1.18632626920634	1.17845316706636	1.17081316915149	1.15167183797767	1.14507124576901	1.11554289568251	1.1107523717853	1.09137399293735
500	Montserrat	1.45513662962123	1.18149005749248	1.1232583766704	1.09213049417437	1.05524639387695	1.02785174418605	1.01874420307542	1.00197827857725	0.970553250345781	0.9629196634774	0.943102169827439	0.926912745628267	0.898249804228661	0.892254265159301	0.884877147205914	0.858390649584176
630	Puerto Rico	0.849885319697747	0.648567415988899	0.599950007372295	0.622242480450455	0.61610761065219	0.604828286094408	0.606416343268725	0.604934797016593	0.610336894538393	0.611770957220113	0.611130908294827	0.615254223505063	0.623872750789129	0.628035543439216	0.627651912812828	0.625750567882643
652	Saint Barthélemy	0.597400450931121	0.571857057353097	0.56795914654644	0.57094659283328	0.576425986103405	0.584872775021885	0.578681947766818	0.587096514745308	0.593412128712871	0.585106638714186	0.592233593910718	0.600415207100592	0.610104981147053	0.619140547822182	0.633395621227138	0.627919083496749
659	Saint Kitts and Nevis	1.0045990291422	0.919785767546303	0.855769836367032	0.819146594324861	0.806953038897138	0.807402230898756	0.817767160720154	0.807093449285128	0.80386491550193	0.799882650349969	0.809892408416591	0.807743944143631	0.819005285444007	0.837966652850522	0.819712732061685	0.7965179587405
662	Saint Lucia	0.969177759819726	0.849593996725119	0.793688326626528	0.786383047910011	0.777564702793545	0.789970188327881	0.77308599465449	0.780314237693833	0.76881421548599	0.749218116832065	0.756624540963957	0.735903852876063	0.730143710954948	0.739143926178326	0.75234496996177	0.767059835878733
663	Saint Martin (French part)	2.44219848537563	2.00671299607245	1.80346450531023	1.62341426179584	1.50221983775475	1.40902437937501	1.34622705924855	1.29383644663511	1.25584113067265	1.21555944523352	1.21134834278238	1.17577298524404	1.1409749011676	1.12851669670306	1.1334033086138	1.11146155531216
670	Saint Vincent and the Grenadines	1.52123836334827	1.257716078246	1.14523046416389	1.09242666862271	1.08903281743101	1.07483234127297	1.04128142103153	1.03386915636189	1.02473882605254	1.00485973474406	0.98780116249457	0.976475796195338	0.970347998790621	0.962783162307217	0.957145324408125	0.948011814150506
534	Sint Maarten (Dutch part)	1.10169019589757	0.936216218246702	0.864626966375313	0.841462058592978	0.824290202734412	0.802855367501285	0.802738503700827	0.821868684071398	0.821699854305651	0.811110025280157	0.784929600258942	0.785374264365536	0.783503071965629	0.784412326876885	0.770637729724069	0.756614540631782
780	Trinidad and Tobago	1.01920892698894	0.949403563182069	0.916207786979373	0.882880320969764	0.855956796463697	0.858170708964073	0.856990961617908	0.853234450038964	0.857310087260604	0.85713692475802	0.851275944314113	0.841284979314779	0.840356946988058	0.821920065235267	0.807235997193098	0.815147636542644
796	Turks and Caicos Islands	1.17581245277647	0.96865802393027	0.880244178369057	0.857519517167442	0.871633567735928	0.866555116707477	0.849943568052637	0.835303311031052	0.827807278167852	0.825523993286373	0.822222707554226	0.82765538647086	0.813128873034966	0.8109959244419	0.794418943856013	0.810025943779451
850	United States Virgin Islands	1.61743858004049	1.43955691287902	1.34977076140801	1.29501139559248	1.24169600709194	1.20124340162205	1.1820250531584	1.17701751297916	1.16193008661546	1.11459276238014	1.10037500405831	1.08614041431396	1.08756221384871	1.08261054078433	1.07696320261303	1.04199229162315
916	Central America	1.65726005061	1.53466357516462	1.4120129994155	1.35977400444052	1.33639088625733	1.31570211530445	1.30720372252412	1.30520269929145	1.30242263796836	1.29779277856127	1.29465276014824	1.28080493394819	1.28087967870594	1.27049700877681	1.27442795812895	1.25787345042481
84	Belize	1.78213478131346	1.5568413354847	1.38077128980877	1.25465344741661	1.21908803246356	1.17737367320953	1.15190022633535	1.11507496399193	1.09948606563892	1.07641202815213	1.08987179515431	1.07238191109233	1.06578266540713	1.04849727212526	1.03252150834934	1.01987247612999
188	Costa Rica	1.19147318967755	0.950726308710805	0.857609534488926	0.851080662511142	0.845517306173068	0.84285486310956	0.815940304182995	0.794986319696046	0.788660937936758	0.779526045800981	0.773683354367761	0.783726134903826	0.786764230078164	0.785255641102854	0.7614223012525	0.764938441050383
222	El Salvador	1.36051745592115	1.18516442743526	1.10044653671163	1.05621401140682	1.04466461253763	1.01927970832924	1.02391344580619	1.00565930624481	1.02029630302942	1.00860373364656	0.992660208253787	0.976859196991045	0.946591747323128	0.934436601812808	0.916626962443501	0.895967076144222
320	Guatemala	2.01801856963759	1.62051342808188	1.42097442172338	1.30086270203879	1.20486514717608	1.17620108978569	1.15988022472249	1.13291141541501	1.10960726965347	1.10069921068092	1.05236339699421	1.04613864113993	1.04407683968826	1.03131703756073	1.00397276035484	0.980673195517464
340	Honduras	1.7705079856638	1.5812786420971	1.44505788624684	1.35253881419453	1.31001663348623	1.26400605858874	1.21665843250711	1.18709070599894	1.165699051834	1.15901921978072	1.12904914319571	1.10975675731976	1.08524108602905	1.08168893034294	1.07468367458577	1.08081636373246
484	Mexico	1.58707427439863	1.30520808798159	1.1650368474696	1.11659843324251	1.09890440733096	1.09051056407736	1.06898434127465	1.078621435663	1.07259633275522	1.05651676974419	1.03993115541804	1.01431610440085	0.98933510457343	0.989817672240383	0.974151362476604	0.976374719495701
558	Nicaragua	1.65959693200297	1.47226684178844	1.3489203416652	1.26551181755405	1.20868461964273	1.18378821655899	1.14352381762665	1.10358749548404	1.07312179212305	1.05604769970282	1.05789374359707	1.06477616549602	1.03788895292399	1.01637746775379	1.01311447212975	1.0004361961899
591	Panama	1.88951737431988	1.59423338956377	1.43796448934416	1.3377214835505	1.27925206554595	1.23717257106313	1.20940014075926	1.18839568903261	1.18451913854704	1.14159148054279	1.12081178874474	1.09865099374178	1.07961652307467	1.07256430952811	1.06743506742535	1.04011349941978
931	South America	1.54595437794138	1.45813872339101	1.39027617408877	1.37329316110012	1.34630773920171	1.33769081379971	1.33570663619004	1.32634702936137	1.32071386821394	1.31767519056435	1.32082920472076	1.32378979194162	1.32415455429888	1.32319621818208	1.313386692725	1.29614616854765
32	Argentina	1.41063992182155	1.24876140363766	1.18100134457432	1.12751668548627	1.08015158842677	1.04395890361154	1.01256662071433	0.996604988212201	0.978581175249645	0.959046502492017	0.952630268625259	0.955660035395165	0.938185160708489	0.929534796001068	0.905511044510979	0.896215191098888
68	Bolivia (Plurinational State of)	1.93347070425113	1.6978135053265	1.56001383100135	1.46919727140912	1.38952903408222	1.31884848845956	1.27738583137269	1.24301045907253	1.21731480412356	1.20154530361689	1.18296143913601	1.14798605520658	1.11961743819032	1.11292164786371	1.08966312588096	1.07786988895835
76	Brazil	1.45807709378488	1.208141048345	1.08273931696115	1.04521323046026	1.02343884938248	0.992731348283661	0.977468820375885	0.957344349619025	0.938926364265892	0.930489980807792	0.924909779796817	0.935004163654125	0.920978455696499	0.910286588058464	0.888548776352961	0.862364284672587
152	Chile	1.03021632930305	0.747379787702238	0.655577694676665	0.650194269197687	0.660741326564556	0.651602134989578	0.653700048801854	0.668303782519949	0.672565375129128	0.688911629125219	0.69125127281673	0.688000082514395	0.667857311088683	0.668898722912652	0.67581902309149	0.679995888691414
170	Colombia	1.36754784703607	1.13514376305114	1.03299905310551	0.997492101899605	0.984370779677857	0.965736844192966	0.952117196011914	0.931834432750195	0.929089522456032	0.929392429647338	0.911013488777919	0.892428834376342	0.882116304581485	0.873926524684798	0.86584535530972	0.874116753017227
218	Ecuador	1.56540167320597	1.2779072828927	1.15583818253261	1.12776942162943	1.08728723763079	1.06630736187023	1.02042580293599	1.0090432128909	1.00243803954103	0.974125024998676	0.944062445690944	0.963691603413588	0.969916325467643	0.962584458240294	0.95816518876752	0.93634365009511
238	Falkland Islands (Malvinas)	1.40552314380701	1.35037482635743	1.31011280342694	1.27242308600205	1.23577699275362	1.19614550853749	1.1491748540856	1.1286775498814	1.09660958122861	1.06673396115362	1.05622898961284	1.04090410565604	1.02753766666667	1.01729659090909	1.00922635776681	0.97609538702111
254	French Guiana	3.11998158118994	2.5819623015036	2.25826283492935	2.03170997352235	1.83756415469521	1.7234151509041	1.60932350493018	1.54108681192871	1.48295172672792	1.43789615241472	1.36469459292339	1.33228102080727	1.31037440423946	1.27968413224836	1.24138140420651	1.20513863673432
328	Guyana	1.95534400640313	1.68684770715132	1.52151613408398	1.4177554915636	1.38195865388387	1.31319093518886	1.27922220990101	1.22538431678024	1.2051659150511	1.19833608687417	1.18822788292025	1.16370835242834	1.13758229624009	1.12706410092286	1.1140567059437	1.11687766618782
600	Paraguay	1.89726481356311	1.68447035286284	1.53522186808325	1.44651653380375	1.37834075730108	1.29741122146591	1.25631164641595	1.22709465204341	1.18355423676645	1.16390424174419	1.13239327657982	1.10862356205905	1.07814410965251	1.08142941598125	1.09153316291318	1.0816627130006
604	Peru	1.73709519983867	1.45219414131077	1.2968398603244	1.20630223998085	1.15682284206727	1.10137771781072	1.09691373196872	1.07976368011817	1.05536023147625	1.05216196025573	1.04404659025368	1.02454772527499	1.00213022245683	0.99421357483148	0.973286184750291	0.972873176758632
740	Suriname	2.01453224312139	1.6814886521786	1.47579966995019	1.37449869391379	1.31301109349477	1.23996931180649	1.20674960270951	1.17529040101299	1.16070479073868	1.14248110264252	1.12211324024821	1.10066896861263	1.08972134328896	1.07945075293998	1.0532116812785	1.05148260032686
858	Uruguay	1.27006103821982	0.988507876834747	0.89361321164077	0.861851179862799	0.851224253741777	0.831408888030609	0.814956278141684	0.822770868679851	0.832797602241073	0.812292626277826	0.806727167550705	0.801495811288528	0.790466951494111	0.795487103948267	0.785269036312886	0.803462875236947
862	Venezuela (Bolivarian Republic of)	1.70825660099961	1.48576354119295	1.35455992872763	1.29680524797296	1.24242016978096	1.19471789659091	1.14771292767742	1.11417479371425	1.11905321960141	1.10553524355903	1.08311507036709	1.07466367169572	1.08451833478512	1.06676422352964	1.07033333840361	1.05467742646777
905	Northern America	1.45263619361969	1.38348861854187	1.31277489372271	1.25820295502947	1.21872649344235	1.19071390884197	1.17820758908871	1.16453714829848	1.14540774815539	1.13613328843178	1.13368696681054	1.11814285628764	1.10695238592132	1.08243039781123	1.0770968679727	1.0929309842675
60	Bermuda	1.28731122421092	1.16818556880278	1.10326236607419	1.06004644695621	1.02069850792814	0.979184057521999	0.952188424085456	0.944802155929794	0.947042141368243	0.93528536381894	0.908191599507499	0.888022937907289	0.884460018198362	0.865721912554334	0.858491386038935	0.854900597501358
124	Canada	1.27333924481855	0.982565146410448	0.868204251135032	0.849217128754968	0.836702256302245	0.833278537620446	0.843987246611159	0.819626595247324	0.79503128107702	0.784157024940306	0.782633595155632	0.782362110657426	0.774632323343825	0.747877254220898	0.745817439636515	0.746840599289808
304	Greenland	1.59867539745455	1.36297208074767	1.26080915466182	1.22000022486864	1.20363832063511	1.19543252256537	1.19330897463278	1.17066933470265	1.16493191537171	1.14222281018145	1.13358466735733	1.12865058256698	1.11270405102161	1.0958825417622	1.07001053129977	1.06960191816653
666	Saint Pierre and Miquelon	1.03039892145777	0.939325986035101	0.905361517480783	0.885962824945001	0.856811921239887	0.83705232998162	0.815581482161434	0.791561064171496	0.763233153210426	0.757280834396065	0.758568245999372	0.746410163776493	0.750508829568789	0.752375115065971	0.731339681440443	0.734624975024975
840	United States of America	1.55224531501078	1.388005105198	1.3134787916926	1.25541499584413	1.20755850771345	1.17433238357841	1.15721681739335	1.1332422149423	1.11668420722881	1.10346533269384	1.09276239627806	1.08403697162263	1.06581458185197	1.04033067363857	1.03126050739248	1.03701913166332
909	Oceania	1.87630401438738	1.818180759536	1.72663151526578	1.66334542620243	1.61468611441203	1.57186772297644	1.53562147698243	1.50201152153648	1.47821147983619	1.44862391127574	1.41954616080742	1.39361478515292	1.3729262655146	1.36280507290339	1.34164064440334	1.32920182550232
927	Australia/New Zealand	1.50131509214249	1.44226665837779	1.38949347423002	1.33915233208529	1.30493858540784	1.26694017469991	1.24812892435775	1.22185959122796	1.19507165140072	1.16697270712535	1.15083971847076	1.1392275183959	1.13128128347087	1.12853375589345	1.12132976005462	1.12702786232272
36	Australia	1.55202795827269	1.4140489344737	1.35071738335877	1.29057169133266	1.24564745896656	1.21015766671811	1.18275063515605	1.15329488406493	1.12574358282553	1.0925587123624	1.07526294643819	1.06323248257145	1.04966191721441	1.04071454843905	1.02503768172141	1.03630664852604
554	New Zealand	1.54574012587897	1.25798302832835	1.13411018534851	1.09865454418778	1.08401827311557	1.07451221598749	1.06598087448727	1.04952959769093	1.03833033904121	1.0294285207429	1.00943769117478	0.988476529687572	0.987669853968775	0.966320555270405	0.963709565425305	0.957549376447414
928	Melanesia	2.25217499187664	2.12047213161552	1.92328818576401	1.78387511811034	1.71028617053109	1.64529064998578	1.59019112350089	1.56138957074579	1.50642579415214	1.47110275800481	1.4250362969396	1.38292604018501	1.38857053900968	1.37885740557981	1.34503028528089	1.33474866189169
242	Fiji	1.86490080021999	1.61859329756611	1.4614694992526	1.35571150983452	1.28989560139544	1.23501786398029	1.21819786977103	1.18113657511132	1.16124893370036	1.1441680641358	1.13502833386235	1.14088239856356	1.13420434068606	1.10415422252792	1.10455225238643	1.07749965812555
540	New Caledonia	1.75294973268987	1.45596382711023	1.31597159334616	1.24871006443273	1.20795527949054	1.18838773793908	1.15880072553882	1.13722510933086	1.11544657603701	1.09440509340634	1.05511182023525	1.0446771968052	1.05598957967166	1.04900780743767	1.0411887372447	1.02659011162275
598	Papua New Guinea	2.27276522573623	1.9731288853804	1.75481844632602	1.61091609141739	1.50764918301593	1.4280058476403	1.37185920918051	1.32597193569196	1.28452879502669	1.25859437640368	1.20632304543025	1.16007263065866	1.16411111135082	1.14864320030842	1.12688419605046	1.11770427604824
90	Solomon Islands	3.11526562848768	2.58152243744691	2.25630264990186	1.97793006876901	1.75253793631026	1.60008682326544	1.51704732497321	1.41837560715996	1.35261648939277	1.30074692838809	1.2495050057605	1.23318769012969	1.20976883168985	1.19374798317139	1.17877509102823	1.15335714547994
548	Vanuatu	2.94404204222907	2.52923603871405	2.21868558948131	2.002194642703	1.81248422698723	1.66675940568549	1.56622602641371	1.48414924080721	1.42248040334737	1.34738204317584	1.33680861490478	1.32400692318243	1.29992874590182	1.2636687847635	1.21833317162716	1.20259829982723
954	Micronesia	2.4963600640393	2.36064315499572	2.19734908204204	2.05969315562797	1.92942073648735	1.84663624446565	1.76035634891505	1.70186511379478	1.66496683026357	1.62650051068966	1.58004932094525	1.54641545920922	1.50078821722124	1.47408619787697	1.45510779049948	1.43655680936839
316	Guam	2.36168428055013	2.02063502781382	1.79383529360716	1.64562810607643	1.50953362506325	1.42950144830132	1.39160582695901	1.33746739851235	1.31105417871563	1.27189876575134	1.23132020471986	1.22614483522502	1.21486421432357	1.18188094093773	1.17097626489207	1.15381177746173
296	Kiribati	2.59702530052414	2.27862742238628	1.98753675103706	1.81583335053873	1.6969814411135	1.59102043646505	1.52549385283064	1.45567455932395	1.3926702147801	1.34081679759309	1.29627131593799	1.29802239407661	1.26497948120997	1.22835332671134	1.16945646216692	1.17079959067111
584	Marshall Islands	2.25852699274417	1.94573662981476	1.68602003686307	1.52603326708546	1.39992315864423	1.31553800637233	1.24638458246975	1.19464982987982	1.14780069799327	1.12442866593894	1.0812400489353	1.05979967707811	1.06790122972998	1.03249807323566	1.02169196352399	1.00169510695845
583	Micronesia (Fed. States of)	2.03297811526646	1.81346978372306	1.62597576066234	1.51440373299026	1.429802154323	1.34343692810223	1.28678592698326	1.24512231852719	1.22142010120974	1.17059738866922	1.14750444779529	1.12123983483068	1.10374871196312	1.09357402077821	1.07828605413047	1.08881131244268
520	Nauru	3.01045109024572	2.52674636316347	2.1990259391771	1.96182947732838	1.76803439039339	1.6373226195356	1.54170518782618	1.47038839176435	1.39942428400432	1.36758349099786	1.34555174134007	1.30180591113848	1.25707263546961	1.21370805643762	1.21422775017297	1.18412982204706
580	Northern Mariana Islands	1.81740247406958	1.58327440748699	1.42732589935362	1.32261733445556	1.26780766990726	1.23802704871779	1.23198577235772	1.21201676309437	1.19443907346748	1.16639138016217	1.16790249599573	1.15576576017219	1.14039054417131	1.12584567016874	1.09222999204827	1.08876708462499
585	Palau	1.61518796189447	1.31980225225816	1.17489074893729	1.13084024526933	1.12306688963211	1.11570347016968	1.09575863031072	1.08452773834871	1.05862868498358	1.04798105694981	1.05140247607818	1.06383713157095	1.05646987024412	1.04481330937481	1.01824779188518	1.00388894479586
957	Polynesia	2.23870611568583	2.12574748431123	2.00280192209124	1.92764032655877	1.85784063001207	1.80196493245489	1.71445248315306	1.64488049146865	1.60518157621692	1.56591870732692	1.5437645525273	1.52340333807027	1.5116550684384	1.47750163046308	1.45058194958149	1.42067093649249
16	American Samoa	1.90762018853684	1.62495197403318	1.43302799692187	1.34691857084106	1.27920134478894	1.23431043626561	1.18476215947424	1.16710309312382	1.14994993396803	1.15172741041055	1.12643987197074	1.11961485517637	1.09324768125408	1.07704539689935	1.04709067570599	1.03399767265128
184	Cook Islands	1.75384267665719	1.47115265426866	1.30333258468592	1.21469442677361	1.15413054855909	1.13650270145107	1.0941633806578	1.08127290163024	1.07221433000733	1.06891747880015	1.03973375594295	1.02457728119181	1.01020974289581	0.998145483965872	1.00688429273937	0.991195453907675
258	French Polynesia	1.3533945140359	1.06754968545375	0.980797165394226	0.96376509613453	0.952418436879059	0.918167153001412	0.881451472948726	0.865839625460493	0.860811710418953	0.877164126172028	0.854875892814343	0.843236408102468	0.835285607583811	0.830541226888485	0.82439961190891	0.814471566840085
570	Niue	2.14767288723007	1.85773021871064	1.60986111111111	1.4596561686978	1.35640054086538	1.29103490691489	1.20657782317979	1.19802736266049	1.1615713619403	1.1324111472132	1.11801796407186	1.09534678405478	1.05814495412844	1.02721309255079	1.02751578947368	0.988337006427915
882	Samoa	3.20765030096789	2.80229654754214	2.46688321806467	2.18197888951268	1.97441062539438	1.83339620755699	1.69252634108693	1.57098560027928	1.46425830736632	1.39594820656385	1.33717640510978	1.29431390975809	1.2750043336844	1.21986838069239	1.18557224019633	1.16674738616106
772	Tokelau	1.97717424401733	1.78342826952776	1.59583763047551	1.47712427456474	1.38336754568334	1.33285863752616	1.30909227249619	1.26639461390492	1.24458750528839	1.22288818987704	1.19781456953642	1.17008010602268	1.150945	1.10899760550733	1.10414665216716	1.07277820389901
776	Tonga	2.59843855082659	2.20847623657365	1.96340833429673	1.77242445522819	1.6399894610507	1.53169923780532	1.45053577142408	1.39444213240918	1.32616245622189	1.27187354425996	1.24290149382459	1.22422512073328	1.17367102645192	1.16829300776915	1.16559970565057	1.14503572469522
798	Tuvalu	2.75628979282728	2.34787338844602	2.09166166232823	1.89456409232779	1.73353170278376	1.61032467902996	1.52244347781057	1.44326229602061	1.41790215609633	1.36587923970717	1.32324056834885	1.30723826925888	1.28107943098808	1.2541629423401	1.22189636672326	1.22051401174961
876	Wallis and Futuna Islands	1.27516217492097	1.00424820993224	0.929407508060802	0.911092718326507	0.886814104278075	0.849147262605631	0.83833219193929	0.833875132163248	0.832253110018812	0.829759453630482	0.803636913380462	0.800888954869359	0.824082984433709	0.828346060027574	0.81308650784938	0.793495322939866
