country_code	country	2020-2025	2025-2030	2030-2035	2035-2040	2040-2045	2045-2050	2050-2055	2055-2060	2060-2065	2065-2070	2070-2075	2075-2080	2080-2085	2085-2090	2090-2095	2095-2100
900	World	2.18997689410312	1.92025210352674	1.74230590922709	1.6353448815033	1.61820707203896	1.61295050306608	1.60217121180454	1.58031504620975	1.54974477081591	1.51734782005825	1.48743063568137	1.46168205562534	1.43912296644147	1.41776212736321	1.39598426939363	1.37429638564756
1834	Sub-Saharan Africa	4.27167152068322	3.70942851813493	3.24816071835989	2.89058184742122	2.65178426277029	2.45513085250326	2.29259466773192	2.15563131616345	2.03910023011131	1.93809736963017	1.8509399101761	1.77391432022347	1.70816392633121	1.65110903475164	1.60052234271313	1.55669951542754
1833	Northern Africa and Western Asia	2.66412302381259	2.3270565975771	2.07268729774299	1.9008790337817	1.82526001541579	1.76108953704146	1.70610517140771	1.65445536656017	1.60352922394738	1.55689461397565	1.5146292783438	1.47827066369481	1.44715350467717	1.41874621647394	1.39143380688759	1.36434758501121
1831	Central and Southern Asia	2.18801278997423	1.87531973632849	1.67493244584481	1.55601579929422	1.5184055659448	1.48925118174154	1.46325051194743	1.44020153140122	1.41659655390977	1.39588890029016	1.37684860781537	1.36044866835745	1.34473959844626	1.33086099052514	1.317360888422	1.30381115326747
1832	Eastern and South-Eastern Asia	1.29895893698487	1.06249045033571	0.946358803310159	0.892653153563656	0.917687620184713	0.957414921899074	0.992044958406956	1.0130413816611	1.02344615009759	1.02763591687012	1.03039904713854	1.03869571060306	1.05262574094147	1.06518006377317	1.0732827487225	1.07668719264808
1830	Latin America and the Caribbean	1.74383124549664	1.46330696427673	1.29718230513873	1.20996980226141	1.1973984747031	1.18888863491167	1.18480087091386	1.17992925231254	1.17308661170851	1.16616333022888	1.16190713341632	1.1601499177635	1.1588331435223	1.15801045944898	1.15666511226969	1.15301063470862
1835	Oceania (excluding Australia and New Zealand)	2.97989590119529	2.57988417717825	2.29765273705971	2.10167729389198	1.99384995394139	1.90378333475672	1.8234076884194	1.75278884196503	1.68891595766976	1.63284049746391	1.57966991778756	1.53718567856401	1.50190672244226	1.47188740585811	1.43840794624743	1.40883468324448
1836	Australia/New Zealand	1.56313938192215	1.34544363769626	1.20844570720817	1.13557886443099	1.13282696887634	1.13281518333195	1.13346049476361	1.1323216848405	1.13105697291724	1.13061872203666	1.13160122977343	1.13158760697198	1.13296815784662	1.13336134400512	1.13435079676945	1.13321538474233
1829	Europe and Northern America	1.4167049946577	1.19430866450915	1.07932477295624	1.02283173274248	1.0334042383837	1.04409253168267	1.05404981345316	1.06387408967475	1.07138060410948	1.0772559625792	1.0819150050892	1.0867308133545	1.09063948628618	1.09595606085834	1.10102645676241	1.10427975353925
5502	Europe, Northern America, Australia, and New Zealand	1.42093733806658	1.19913136337029	1.08345229606948	1.02637613087511	1.03660892708363	1.0470647426267	1.05682504113144	1.06644396457369	1.07376913767231	1.07946739277911	1.08402057148713	1.08867199838493	1.09252369786584	1.09768984987318	1.1026561138409	1.10576918877395
901	More developed regions	1.4000564858922	1.17878028837853	1.06473645868307	1.00928393549689	1.02073526631856	1.03254922326389	1.04351807932596	1.05394940747634	1.06219721315042	1.0688376995153	1.07439622003621	1.07980197320603	1.08427886145457	1.08989709877295	1.09512800795989	1.09843233803797
902	Less developed regions	2.30048694665725	2.02245968657847	1.83471815147571	1.71722997685493	1.69179447455973	1.68039598287959	1.66407550347254	1.63754845679756	1.60331036992487	1.56739670155737	1.53385183977328	1.50460385998216	1.47906902582792	1.45509098867235	1.43116938144785	1.40783984242302
941	Least developed countries	3.87821081618104	3.40372283188361	3.02202659640716	2.72813873050216	2.54204324081378	2.38662343971878	2.2503643945802	2.13192162143013	2.02867151270835	1.93797388436016	1.85648046663193	1.78206585020967	1.71801680319492	1.66192814153506	1.61183536950783	1.56810496913663
934	Less developed regions, excluding least developed countries	1.96192402472243	1.69331764822123	1.52284875586852	1.42140272524962	1.40985148764142	1.41639165143966	1.41956453369642	1.40953324916143	1.38918599428578	1.36688787419062	1.34813504492255	1.33556215986836	1.32568607567045	1.31567794613681	1.30383295059875	1.29054160597891
948	Less developed regions, excluding China	2.58258818359555	2.26342359145532	2.04052931497769	1.89558854450139	1.83645902180747	1.78802379992068	1.74314732573844	1.69851214694691	1.65366320413956	1.61152327092322	1.57267095753109	1.537123914914	1.50511461608467	1.47574028430994	1.44810356193988	1.42252542328043
1636	Land-locked Developing Countries (LLDC)	3.80810481931011	3.30087601106914	2.90417883123376	2.60842590309382	2.42081182953431	2.2612399397751	2.12112923952663	2.0034855448852	1.90185323257512	1.8143222058521	1.73861755972263	1.67086388273221	1.61273228105808	1.56293749547878	1.52038558538042	1.48288720795357
2087	LLDC: Africa	4.31313020778915	3.67958445563866	3.18420725159498	2.81263517490059	2.57354871508415	2.37707391330831	2.21073650701537	2.07079261565056	1.95227282620529	1.85290026792997	1.76959193303408	1.69571722574623	1.6318977532048	1.57717866824149	1.53173473456941	1.49157713879861
2088	LLDC: Asia	3.02991638145783	2.6589385601776	2.38500912904207	2.20082016365887	2.09727699789743	2.00020104240447	1.90680662107476	1.83781122113931	1.77846866646882	1.72217119917629	1.66392043779813	1.60916207640659	1.56423728303266	1.52796211296215	1.49390623375836	1.46462684446621
2089	LLDC: Europe	1.57445432393586	1.33825797178997	1.20229232604637	1.12462779992049	1.12915612503763	1.13242195901643	1.13165987848151	1.13330307926607	1.1342816088115	1.13282455806904	1.1335063531968	1.13464376672263	1.13644978830765	1.13615357818115	1.13413203181144	1.13465381928951
2090	LLDC: Latin America	2.44375089990832	2.10521369105711	1.86964660908964	1.71156004265861	1.63573396778077	1.57325417229781	1.52144238984617	1.47419485895721	1.43982780838473	1.40902245209099	1.38510245236456	1.35948842429182	1.34143761947624	1.32695743129096	1.31207248439221	1.2953957741051
1637	Small Island Developing States (SIDS)	2.12125073884401	1.8345698990321	1.65964054845591	1.55647487494865	1.52802630455583	1.50336922603859	1.48059706484284	1.46103533213395	1.439271901066	1.41642924187434	1.39183235070748	1.37143845827238	1.35297295483749	1.33709375053857	1.32130227667717	1.30585030596213
2091	SIDS Caribbean	1.92909416006383	1.64524071577392	1.46827710492877	1.36963338484469	1.34858974994832	1.33050925212688	1.31589370034809	1.30616928341202	1.29383140376801	1.28100668172637	1.26859119965829	1.25898120951071	1.24870938979275	1.2387514114396	1.23258662508253	1.22552305693055
2092	SIDS Pacific	2.95222303206952	2.53891513440145	2.25147952656007	2.05203272950831	1.94693905504105	1.86077629631667	1.78398355124273	1.71839824331061	1.65919621757526	1.60666814654702	1.55705780158744	1.51714289021943	1.48400444334839	1.45620759770879	1.4250581539215	1.39733120665085
2093	SIDS Atlantic, Indian Ocean and South China Sea (AIS)	1.78229722631655	1.57584436693717	1.48738243221168	1.44308412922364	1.45434246856167	1.46183823285007	1.46032871561833	1.452718487545	1.44140600891557	1.42408134480161	1.39743689363147	1.37259027192694	1.34800541034331	1.32870105916049	1.31094711783769	1.29463636499106
5503	High-and-upper-middle-income countries	1.42875348982616	1.18800339891761	1.06528702254905	1.01024785743365	1.03010294323483	1.05445143761405	1.07525282816292	1.09052409997576	1.09901351428369	1.10220561663773	1.10344238356764	1.10716325328771	1.11279442847715	1.11858164140472	1.12312205071972	1.12478648700088
5504	Low-and-Lower-middle-income countries	2.82631408011554	2.47861439077622	2.22778250472785	2.05788608566299	1.97715087589226	1.9093716764334	1.84771047501166	1.78920236118132	1.73320488672215	1.68203867861971	1.63564607073434	1.59302047874089	1.5546412347051	1.52006831892434	1.48797646182894	1.45880613191736
1503	High-income countries	1.41278538875511	1.18510597115576	1.06723707195325	1.01395592919559	1.02838503248868	1.04316967431192	1.05762788369848	1.06829235372681	1.07539752037544	1.08117429300254	1.08558827659339	1.09056082158095	1.09472760629865	1.10002545021781	1.10505386030625	1.10785872398249
1859	Low-and-middle-income countries	2.29959336490826	2.0220766216561	1.83394941178889	1.71625165953333	1.69151411679637	1.68096236866834	1.66487918658771	1.63830853905255	1.60388427129327	1.56789943232856	1.53464558103903	1.5058060656104	1.48062410621039	1.45678564278944	1.4328468350012	1.40955824672975
1517	Middle-income countries	2.04319549563068	1.76982356592392	1.59465060107786	1.49236256486881	1.48184186782369	1.48713648939765	1.4873597453725	1.47535696079304	1.45413867472994	1.43154023014407	1.41209754890754	1.3975985313269	1.38558327435305	1.37349419672012	1.35919130799023	1.34372521937953
1502	Upper-middle-income countries	1.43814922821131	1.19053164198985	1.06165284221655	1.00362468596837	1.03105299935191	1.06704110745135	1.09159497371669	1.10540482265464	1.11167204176854	1.11256700765288	1.11387835867125	1.1205029125651	1.12991548101039	1.1364314997836	1.13954563691121	1.13971956097179
1501	Lower-middle-income countries	2.48665199341942	2.15786201041822	1.93405078478282	1.79355217568188	1.73891740037242	1.69551878540236	1.65737616740234	1.61963316254706	1.58192484113135	1.54835724961291	1.51891837991655	1.49238309465198	1.4677271123577	1.44541270009618	1.42342362806577	1.40248795954232
1500	Low-income countries	4.48200481232412	3.88607879179416	3.39650922408466	3.01236474202238	2.75746333590169	2.54801055657135	2.36933677822531	2.21716919494031	2.08682857837391	1.97468562696462	1.87809856368784	1.79330267728002	1.72109272361695	1.65780332626662	1.602812930385	1.55578686809905
1518	No income group available	2.01664535527495	1.72903087304386	1.53389645117076	1.41640804598241	1.37511187028111	1.33977967963515	1.31646682030758	1.29713893166697	1.27973973018763	1.26730583464314	1.25624351580841	1.245550212411	1.23615199042121	1.23267531852528	1.22710813798912	1.22005256148036
903	Africa	4.01656726795194	3.50159169715734	3.07932785900977	2.7560963977663	2.54708207430886	2.3723091527993	2.22775329558267	2.10483011795282	1.99789473953368	1.90422962547388	1.82318426004841	1.75137710363143	1.68982018074508	1.63620183745276	1.58813665890923	1.54588987969607
910	Eastern Africa	4.06699296724541	3.48747629820906	3.04795712941252	2.72245380480917	2.51185811313694	2.33569462401698	2.1873557199107	2.06355104845149	1.95948901185875	1.86999137054523	1.79402535490753	1.72586535521577	1.66763820271791	1.61776925446816	1.57345757530039	1.53441477983293
108	Burundi	4.84607619896894	4.12142505856275	3.55159172451578	3.08653595067342	2.79399993261628	2.5608802263563	2.37317149137657	2.21410811501999	2.08383051538635	1.97452008642205	1.88399674242704	1.80803034730828	1.74203011955173	1.68027381475232	1.62227435285352	1.57813998694875
174	Comoros	3.82990678252482	3.32956447762332	2.94700478711758	2.66849581794644	2.48510996271151	2.32674672777915	2.18443668616439	2.06554973689899	1.96430845174069	1.86953731828302	1.78488601634515	1.71466701540845	1.65143759655894	1.5950391350953	1.54611149769193	1.50335253333668
262	Djibouti	2.57047746627097	2.1982418635693	1.91936190347972	1.73707029942308	1.65072348739731	1.58250260440348	1.51913807159939	1.4653158776694	1.42664245851116	1.38840607031011	1.36102438006581	1.33699120180779	1.31571423769893	1.29776986545726	1.28393101833024	1.27221708484022
232	Eritrea	3.68407228498912	3.16466478712444	2.76956246633253	2.48795057346578	2.31368186847201	2.16592213651888	2.04302222210979	1.93324628736826	1.83759827018863	1.75057393192555	1.68016412333851	1.621847224132	1.5696973306916	1.52760329308139	1.49091291989698	1.46203973935073
231	Ethiopia	3.95544534691012	3.30936475559696	2.84268392500422	2.51154192946872	2.3080334782682	2.13302504676412	1.98715585400663	1.86778520867487	1.77035675323873	1.68814235176099	1.61946408152183	1.55751192137155	1.50349811368921	1.45955326246005	1.425727250149	1.39457231793153
404	Kenya	3.15844267879683	2.71629109836245	2.40189020736555	2.17692763188568	2.03742286030708	1.90852685158353	1.80716739146704	1.71743913082253	1.63698823754254	1.5709147026284	1.52044391745433	1.47595778741847	1.43457023636365	1.40434009945766	1.37605414604058	1.34883740747943
450	Madagascar	3.9245630794629	3.39593010567889	3.00321514617407	2.71803604684029	2.53639016447567	2.38231480654548	2.25062376269515	2.14093748069996	2.04193139742085	1.94843233769485	1.86481837311709	1.78763869118956	1.72356169208623	1.6725433411019	1.62396197158161	1.57913319945307
454	Malawi	3.60784100460331	3.06869307467229	2.67832880710551	2.41272730681612	2.24256386077453	2.10339361899716	1.99225876915086	1.89765602860362	1.81443840851967	1.74460027013397	1.68577092528675	1.63022058827608	1.57997447724089	1.54069669661163	1.49919213050032	1.46435826540571
480	Mauritius	1.20309882728525	0.913287277199511	0.794508535567021	0.752753623001567	0.778021220037729	0.802542430610212	0.821109312509101	0.84063627390605	0.859868900321548	0.874254380246959	0.89145714172106	0.905787024148986	0.918544605386558	0.927203646048441	0.938913910889258	0.949858590751286
175	Mayotte	4.48876510102484	4.03401774301144	3.60615730049711	3.28050223867869	3.0583038673409	2.85704774457194	2.68435999388422	2.52325691844132	2.37389260079005	2.25226156604136	2.1418177932439	2.04538196497235	1.95755669555332	1.87681013282853	1.80381274370186	1.73608580710379
508	Mozambique	4.71419947418463	4.12208559598239	3.58126964343743	3.13504553559753	2.80655428365693	2.53771704165857	2.32129227099019	2.14581435319365	2.01002580410773	1.89457590322	1.7939200925651	1.71651073745306	1.65230338032326	1.59537059190288	1.55170791466511	1.51189530166932
638	Réunion	2.09264245401377	1.79569171148625	1.59038069821867	1.47550039906407	1.44371208577709	1.41885853065105	1.39522145444516	1.37377667027437	1.3560398674839	1.33895814251394	1.32275294036338	1.31176455520009	1.30144139239004	1.2917334653603	1.29021766710105	1.28739452960492
646	Rwanda	3.66176972944303	3.16029575256319	2.78506626606008	2.5113279012192	2.331513154869	2.18001043051032	2.03792497912408	1.92202529575126	1.8209243416135	1.7341020615511	1.6558416433977	1.58984000789309	1.53462829022585	1.48075852599368	1.44073220925793	1.40287849836362
690	Seychelles	2.07408265140955	1.73324654595295	1.51917632732017	1.39854349188658	1.36765017087956	1.34247193727691	1.32193203782277	1.30343290609143	1.28627757157516	1.27184835587175	1.26055038384514	1.25214474774538	1.24264917003084	1.23917981618374	1.23340051085742	1.22558903253559
706	Somalia	6.099618947316	5.32879976487976	4.65591286814282	4.07835929926508	3.61719139867517	3.24496301096675	2.95269044887145	2.70469912969661	2.50146819323056	2.32931434783611	2.19052499676739	2.06783367586201	1.96196710877436	1.86735136967921	1.78448082150337	1.71784687156138
728	South Sudan	3.83366909682083	3.23324577558705	2.79990880525087	2.48749907100962	2.28229434737502	2.1188493817533	1.99470880079469	1.88217084824303	1.78424571232847	1.71146950300167	1.6421882316269	1.57840971232218	1.52423285754722	1.47918296964929	1.44685512670236	1.41314953108705
800	Uganda	4.25184634398222	3.53042227494312	2.98579948709211	2.61206541110142	2.37905883949725	2.19051570449885	2.03521841504859	1.90881849377369	1.80201636787508	1.70979807047218	1.63907969617291	1.5723588721291	1.51814985529135	1.47687724482734	1.44122429981326	1.41198202889333
834	United Republic of Tanzania	4.55398134957369	4.01095805082619	3.58345638643728	3.24552412529337	3.01330570982998	2.82153895933541	2.64605757085374	2.5027154492668	2.38448972452711	2.27360862732173	2.17095587847915	2.07449839509016	1.99565789761384	1.92585863497952	1.85342359548901	1.79166976234768
894	Zambia	4.05768129287447	3.51405021992171	3.09673010299015	2.77110544946067	2.55164531452268	2.38421819385992	2.25054620046524	2.13893843323332	2.03840072559874	1.95087391466122	1.87457824968291	1.80947940062603	1.75467721528404	1.69741300154416	1.65113407838777	1.60210220914244
716	Zimbabwe	3.64547442685571	3.19896720629424	2.8375739112009	2.5748028462793	2.41580394449098	2.26316009106157	2.13241737593697	2.01621351915064	1.91097172885889	1.82377040787433	1.74621055510985	1.68182843800441	1.62557089172907	1.57104016755096	1.52715183008846	1.49212951940202
911	Middle Africa	5.45516219781388	4.85473351598585	4.2796502001474	3.77040327291205	3.40014150625736	3.09327454357675	2.83650526229882	2.61537623251773	2.42943620585936	2.26999965057554	2.13298930260589	2.01414962717013	1.91281756560801	1.82539985756047	1.74918925277671	1.68397378619338
24	Angola	5.08454093723567	4.47002428893291	3.91939494642834	3.46887365200299	3.12733350001479	2.85464651339761	2.63517484329162	2.44573944638962	2.28921867234459	2.16248332814792	2.05299837531447	1.95122517948868	1.85590584334172	1.78297386569263	1.72524369751731	1.66757389671981
120	Cameroon	4.28106380518129	3.72680786097024	3.29531848809831	2.96794182273431	2.73425906191841	2.53836907567854	2.38201052780961	2.2463589030796	2.12877416546178	2.02812168568544	1.9382955743374	1.8556087504473	1.78144273970646	1.72030181146411	1.66952393654764	1.62057318932449
140	Central African Republic	5.91481531175577	5.22111616165486	4.52824684542482	3.90286050991736	3.40445562668514	3.02492816414953	2.71776864965443	2.47396635926203	2.26960733288794	2.09566082653358	1.9538612518488	1.84132513289833	1.75383465147883	1.68074371938216	1.61528306919574	1.55389934550607
148	Chad	6.06368599830748	5.3836808386966	4.76704505694263	4.25575776799841	3.85450670295628	3.50337555018312	3.20139245695075	2.93709617606864	2.70521026509366	2.50233521596864	2.34376619802597	2.20575550760036	2.08340846977783	1.97630067234468	1.87965057582431	1.80241369629702
178	Congo	4.10870377344649	3.60720215279231	3.2256311426031	2.93874824721299	2.75234830312365	2.57706625006039	2.43058426611937	2.30250714131008	2.19426336257518	2.10381304858702	2.01014127524129	1.93071242550194	1.86078736251035	1.80529243607467	1.75000186277188	1.69890219424924
180	Democratic Republic of the Congo	5.98590647167782	5.356990771494	4.71048643565064	4.10516694026321	3.67560541781256	3.31661425246046	3.01124548308573	2.75048249558054	2.53609976819727	2.35197186404668	2.19402823612942	2.06002086636372	1.94949555628632	1.85077037866769	1.76366921727779	1.6929039175821
226	Equatorial Guinea	4.08311716396036	3.53866782124054	3.06086203547332	2.70400967157072	2.46535423490578	2.27351478620516	2.11292903964464	1.97788000301071	1.86806714086972	1.76756760070881	1.67631517398277	1.60572672212004	1.55026283036696	1.4985301414049	1.4584964030478	1.42468364753515
266	Gabon	3.60132091067563	3.10763509288908	2.7466404650135	2.48993230523096	2.32784882581606	2.18357782806022	2.05638213368737	1.95083917459235	1.85958121933769	1.78327746391214	1.71801715788122	1.66175847800491	1.60877232759271	1.56054844570226	1.52194180889053	1.48615470053207
678	Sao Tome and Principe	3.59376425461522	3.09285814850917	2.71838622304345	2.45541924088868	2.29232289000716	2.15895985949442	2.03650056103745	1.93525919638209	1.84926669261869	1.77974956167099	1.71852140520974	1.66189448877178	1.60824168163583	1.5653174545511	1.52697937791141	1.49033507068104
912	Northern Africa	2.8809994692042	2.50356209848327	2.21970583978675	2.02314285124898	1.92606951961817	1.84584802421651	1.78895604074261	1.739881647332	1.68642956142229	1.63607837942579	1.59473362434344	1.55947059244874	1.528292923919	1.50115564659303	1.47316893615816	1.44303230670157
12	Algeria	2.71751833538675	2.26090438889343	1.93388393324409	1.71946968340585	1.60889799755004	1.53212599351955	1.47204202247386	1.42814038209389	1.39633570715357	1.37324008362155	1.35067842084344	1.33043381543817	1.31282631457229	1.29942817951475	1.29012591062859	1.28054869214639
818	Egypt	2.67504396843096	2.34964395815117	2.10257663728768	1.92985252751067	1.83691100477477	1.74862758795486	1.67743335426146	1.61747484480412	1.56754965925706	1.52223166281786	1.48913035545853	1.45505533640038	1.42112897474085	1.39738151338111	1.37569326961018	1.3501191830327
434	Libya	2.30168769616971	1.86698882987483	1.59098240456882	1.42921434684315	1.37065391796322	1.32875761619158	1.30250416690855	1.28379192025226	1.26560810101778	1.25558618625924	1.24672152823809	1.2397738477075	1.23568100802739	1.22796930512213	1.22103356437088	1.21909069150578
504	Morocco	2.16988817979595	1.83486961905703	1.60966053961455	1.47050241500399	1.41721039406258	1.37902557692407	1.35224125457482	1.32898769537906	1.31110007745235	1.29712769164622	1.28320379210561	1.27148127916525	1.26066003054056	1.24946112617644	1.24026109714266	1.23622833633835
729	Sudan	4.27925163664444	3.73702253238915	3.30485356637538	2.97191979624061	2.75940279930847	2.58080493421082	2.4278738057964	2.29689159304655	2.17611703617216	2.07517260415993	1.9901028683273	1.91588637804775	1.84652719318227	1.78103810786376	1.72077853208778	1.66725138603945
788	Tunisia	1.76371567467473	1.48154234175525	1.31105478580273	1.22275360084724	1.21183216668328	1.20490681267551	1.19974416898696	1.19482907855776	1.19039598085486	1.18629932096312	1.18331715319624	1.1819987759898	1.18253609371149	1.18021760510466	1.17613030676467	1.17072916897064
732	Western Sahara	2.11161166422947	1.80494251993916	1.58751410386227	1.45127304234483	1.40161269999558	1.36425211928165	1.33660216017461	1.30850320422946	1.29257170686063	1.27548255530823	1.26367567282228	1.24908929089412	1.24010575319179	1.23043942443849	1.22444379110087	1.21908104745239
913	Southern Africa	2.23146155671467	1.92413070019237	1.7082564320955	1.57096108196744	1.51383174588421	1.46364546044225	1.42238982523301	1.38754486591038	1.35731351768116	1.33330599563039	1.31396134369793	1.2959867301778	1.28245631716645	1.27137099446249	1.26233000393648	1.25534411503635
72	Botswana	2.6831428477117	2.27884584258129	1.98887142587792	1.78879024891437	1.69046361716839	1.61618040654953	1.54474266469583	1.48860407270191	1.44137653849347	1.40371397683295	1.37293953027597	1.34971368968708	1.32625314095428	1.30985992243269	1.29907471130645	1.28748760413033
748	Eswatini	2.70217383358191	2.29698389624944	2.00930916868925	1.81252804953439	1.70819422662668	1.61932742952054	1.54645213369997	1.49497371474156	1.45224974108342	1.41303154509843	1.38399114143668	1.35931565287625	1.33794709880351	1.31901530166985	1.29851855835671	1.28658763339793
426	Lesotho	2.63962900329363	2.27139754766368	2.00954799125644	1.83388783663725	1.747746587804	1.67611593112949	1.61356253596574	1.54837488442525	1.49621162878104	1.45656812549928	1.42604161260416	1.39952486126122	1.37348835913205	1.34967629507277	1.32954024656538	1.30995330837403
516	Namibia	3.16619702572149	2.77552103334063	2.45975753914084	2.22983168025181	2.09124976051644	1.97750069692356	1.88281700520245	1.80020079678871	1.72485121637001	1.66171636911547	1.60790706111721	1.56434167246939	1.51974125918502	1.48306128824707	1.45020478386758	1.42149563608449
710	South Africa	2.14655099196208	1.84664138747327	1.63811916570531	1.51012080790224	1.46088353038242	1.41500977876377	1.38010377838226	1.35101794678751	1.32461014566396	1.30428977871366	1.28860417303533	1.2734411838926	1.26319551033666	1.25504444740792	1.24881503434368	1.24418566941337
914	Western Africa	4.38465653448879	3.76285340209832	3.24063231963204	2.84732962479616	2.58755998473483	2.38045019799817	2.21550646433822	2.07744979307621	1.96096582289188	1.86345488974638	1.78097930951831	1.70960584601313	1.64887711489452	1.59582710832824	1.54922002719033	1.5101031975638
204	Benin	4.51393008531961	3.93074543210911	3.45286298353263	3.09938976703395	2.86705089326513	2.66144227188584	2.47801212525171	2.32699377673756	2.20471683821457	2.10551834859908	2.00969234972729	1.9199835179381	1.84375247587617	1.77445043248659	1.71066511949263	1.66057773440094
854	Burkina Faso	4.14839529250392	3.47942813218561	2.96967359265591	2.58485906649276	2.35938075101528	2.18601176371823	2.04474253843677	1.93582583339511	1.83875244708353	1.76089934161167	1.69116307681852	1.62751246743639	1.57567099708152	1.53521371079365	1.49752536414408	1.46946238278671
132	Cabo Verde	1.4569811680409	1.1837255506362	1.04063001798407	0.973777772869644	0.983935285985674	0.993924632298624	1.00090095639508	1.00576763099266	1.00769373730957	1.01474111045136	1.02055125466355	1.02554329226855	1.02995243496734	1.03139211011662	1.03178929568961	1.03485686589629
384	Côte d'Ivoire	4.23530332702564	3.71836913375411	3.32875256147781	3.03325335715222	2.82854986678831	2.64875011668785	2.49183696049861	2.35777073125432	2.24756594373932	2.14442657701011	2.05029283514488	1.96127243060287	1.88792383311892	1.82168586596634	1.75849471392768	1.69908725551877
270	Gambia	3.95416706347178	3.25769986259947	2.70374284282344	2.33254583993333	2.11401584340816	1.94704758248144	1.81925967267944	1.71933594040348	1.63649781638625	1.56214608117629	1.50401644818368	1.45654682180751	1.41324111019549	1.37754254644939	1.35537381552219	1.33083129646967
288	Ghana	3.33784500536193	2.90040066612476	2.57951452456976	2.35287842756252	2.21911741547635	2.10398164678785	1.99509505939773	1.89694376745774	1.80761218385693	1.72836154938119	1.66112694463726	1.60904275206166	1.55914858401647	1.51652682098922	1.47951940854185	1.44728421721822
324	Guinea	4.18029495032819	3.5463344980544	3.05271351362864	2.68971686792286	2.45948949539406	2.27357734625076	2.13538624355208	2.0161377591872	1.91245981553326	1.83087986230484	1.7612552443959	1.69998854329434	1.64681237935864	1.59687280505253	1.54857783528468	1.50837278435295
624	Guinea-Bissau	3.79421326699138	3.22753428789035	2.79465159499237	2.47442117812483	2.28676420772805	2.13011920185315	2.00236348218941	1.89728022182658	1.80944269322301	1.73402450664251	1.66779818886421	1.6146099169187	1.56403969603645	1.52261536324279	1.48698363823994	1.45770238995814
430	Liberia	3.89842009580406	3.30922068579154	2.8526290480609	2.54267771958354	2.35152983058868	2.18973103075149	2.06207746710199	1.95293437991854	1.86394056078606	1.78719834517028	1.72587776499264	1.67026951117926	1.61199403733811	1.56394257060038	1.52367987613561	1.48822083436768
466	Mali	5.5612541857022	4.89185290551931	4.30134813393201	3.76975695225503	3.3594812647611	3.01849262709904	2.73003042168811	2.49811330801795	2.30645924629446	2.14994452861042	2.01639603819764	1.90618696816321	1.81428987579312	1.73712397339425	1.66932389731735	1.61026718947097
478	Mauritania	4.65194426370794	4.09246142425553	3.63494089591608	3.24441926018052	2.97287266354438	2.73500558240042	2.54233551688913	2.36766507075949	2.2286505645657	2.11071580580721	2.01179780214995	1.91619698041947	1.83457003489495	1.7730315085013	1.71109070987859	1.65699408506399
562	Niger	5.99494294421091	5.12089521141608	4.31027204203844	3.6584935170837	3.20493713391122	2.86525915977796	2.5986807163316	2.37140440518447	2.1887006444513	2.03740671060159	1.91006858192298	1.80466347782699	1.71589682144994	1.63831961356439	1.5822685526079	1.53060494969952
566	Nigeria	4.42861045295181	3.75837452817255	3.175326960399	2.74518656428558	2.46373943927082	2.24634567798138	2.08272081752892	1.94831625742571	1.83495484215188	1.74102066575869	1.66599254667973	1.60219827768298	1.54819824485606	1.50217922967433	1.46177503143076	1.42971202415831
654	Saint Helena	1.56651454139695	1.34301140389285	1.20489911382393	1.1321752688323	1.12949198087971	1.12978012881477	1.12926242880469	1.12946074430929	1.12926035039896	1.1305343262198	1.13114357058175	1.13272908446866	1.13328421353265	1.13717176373649	1.1394189283138	1.13757385416767
686	Senegal	3.7672299943118	3.29612613105159	2.94657617155052	2.6945427933597	2.53297490189228	2.38592284044062	2.25845304054067	2.1484840562366	2.04821779917677	1.96311619880765	1.87427776204578	1.79779744297675	1.7325224123445	1.66990043832371	1.60837830472045	1.56598498331407
694	Sierra Leone	3.75632494559368	3.1190868870283	2.66614003423486	2.35854976754118	2.16710850219663	2.014097388125	1.89366365686935	1.78895340393652	1.70725441348357	1.63815832660567	1.57689389191044	1.52412968406971	1.48167065026132	1.44273077204312	1.4122397075044	1.38617286236485
768	Togo	4.14226716298639	3.6270991096143	3.24537939431066	2.95982636905651	2.78049402327756	2.61670620226281	2.47151167707337	2.34851895846527	2.24180406356494	2.14615728689643	2.05439665075023	1.9685132942525	1.90042162234099	1.82553313011914	1.76203676900117	1.70425267805321
935	Asia	1.82452389782417	1.56081202552908	1.39642176493928	1.30098597554416	1.29880353184387	1.31870310968988	1.33131319498093	1.32836007750253	1.3149000272589	1.29975562084382	1.28577385489431	1.27765289872942	1.27287007558121	1.26761488406261	1.25976721362576	1.24962364252579
5500	Central Asia	3.10174966373959	2.73918601908903	2.41775349800944	2.20206379608234	2.08741386283798	1.97916372801394	1.88284413382774	1.80125047046012	1.72679958151426	1.65859241132129	1.60461830499461	1.55818242846227	1.52079395624652	1.48610145174476	1.4533754102595	1.42750960717034
398	Kazakhstan	3.00266924899583	2.58493519058667	2.31787786239594	2.13037818406559	2.03103598446264	1.93682262103557	1.85164727980343	1.78346904413972	1.72118612374189	1.66616507434483	1.62220764658445	1.57686182549198	1.53896720425875	1.50261236880013	1.47733534786898	1.45299345089486
417	Kyrgyzstan	2.75668759201623	2.38743904015386	2.12467518290528	1.94288789249827	1.8536383324805	1.76911714822097	1.69276048655112	1.62969426168773	1.57497022345186	1.52811256750897	1.49131121963367	1.45595273319801	1.42448431316373	1.39811092319973	1.37405881445432	1.35426198929517
762	Tajikistan	3.02197926646337	2.61317812250128	2.31750552418334	2.11328359301899	1.99730562764876	1.89343103678254	1.80547992908169	1.7279089880702	1.65889745795271	1.59839468809574	1.54382342631328	1.49020902286981	1.45151527255936	1.41856833544593	1.39253588081445	1.37075356714885
795	Turkmenistan	2.63006851179109	2.25664450643651	1.99314001971069	1.82002192873477	1.73054885320818	1.65808255315371	1.59721452190553	1.53986928457159	1.49156112739497	1.45363129639775	1.42601097684647	1.39862266449816	1.37554956103498	1.34996235686616	1.33005867966435	1.3152454440157
860	Uzbekistan	3.30784810327165	3.03862954332884	2.6835503180583	2.42448305254507	2.26307951017326	2.11546526756392	1.99519556489198	1.88832655933445	1.80242490388725	1.72884761104566	1.66802574261616	1.61260917475003	1.56362065264856	1.52159136371697	1.48238341040795	1.45639248048968
906	Eastern Asia	0.993647828352679	0.763125413477028	0.668481455211455	0.633651481302895	0.661520422251112	0.691093125308841	0.721527378549098	0.747877712243143	0.77056747037754	0.790956271404376	0.805733790093858	0.819053694361819	0.833057093252504	0.849518629695918	0.866338648723166	0.880730163787213
156	China	0.983788270183514	0.74672043431344	0.649212477345739	0.61479665326755	0.643435292107667	0.670235182010817	0.69510147126977	0.717980084174359	0.739287143836255	0.760041769880796	0.775132050131366	0.78869686391022	0.801625849429756	0.814822989160052	0.827472723021186	0.839313752415717
344	China, Hong Kong SAR	0.674232751613534	0.466741093285773	0.381555622192535	0.357290731973072	0.403563272217569	0.442525877990168	0.478544839329342	0.508691069930757	0.538732256396496	0.569133665823028	0.592906383771341	0.619279108944931	0.638883587696876	0.657142942836367	0.671653045637439	0.687390811891757
446	China, Macao SAR	0.630955409524847	0.419639137985021	0.336496070036354	0.312638834335219	0.351506553014357	0.389158813784632	0.424591026553521	0.454800391136416	0.484176864192958	0.512447622300698	0.542410884250246	0.570334146650282	0.589678196033569	0.609613064825307	0.631063739095214	0.646890361850478
158	China, Taiwan Province of China	0.826446438685797	0.57772605595156	0.487258962806976	0.469116889032918	0.516941229292697	0.556564954894803	0.592684166864412	0.628059871785621	0.657356228596666	0.684518249116322	0.710579693871179	0.734791451775573	0.762498834785343	0.784908475646799	0.803478143205833	0.820457474101801
408	Dem. People's Republic of Korea	1.71689453045494	1.44519033899112	1.28253551303471	1.19519207406607	1.18526455218006	1.17547627799227	1.16754881789254	1.16544494675771	1.16124696527674	1.15729289624537	1.15289647915663	1.15006603138696	1.15073085907569	1.1508877479996	1.14884236783266	1.1448537713302
392	Japan	1.16977129003364	0.948208384408464	0.845281992825772	0.801854313281196	0.819800920290453	0.839580533077833	0.858792318989212	0.875091007844512	0.892911766025861	0.90993737052705	0.926500872437349	0.939241014949544	0.949487253031708	0.958928071685345	0.965908702672743	0.970453380657278
496	Mongolia	2.65382351324716	2.18572593527767	1.88579999115947	1.68966472397706	1.5907163584349	1.51962612381745	1.46868754841198	1.43105610680572	1.40106272955489	1.37789049004257	1.35462743655292	1.3369228718727	1.32672172669299	1.31843077633271	1.31018786176918	1.2984653550325
410	Republic of Korea	0.684684298623361	0.486619838456781	0.415966623970033	0.404379617640398	0.456727416276101	0.501347886649815	0.545122612403701	0.582548889079201	0.615383352542907	0.647493614061238	0.67631933088042	0.702085942237692	0.724516287158557	0.749288134812382	0.769370244444268	0.786669961229386
5501	Southern Asia	2.15500530349417	1.84481551803095	1.64682741049227	1.52905651917124	1.49178331082778	1.46472431583596	1.44141450191166	1.41987251903329	1.39784133232607	1.37934912733455	1.36223594156212	1.34731419585344	1.33255677889975	1.31984325434372	1.30749906499736	1.29467252401086
4	Afghanistan	4.81192715254197	4.13707196249178	3.61067619171729	3.21527686372647	2.9174919450831	2.69761856776696	2.49509094561162	2.3346605159573	2.19124334164364	2.06769021449682	1.95373888082266	1.8556615047873	1.77227505107846	1.70287909067537	1.63825748888868	1.58568547026345
50	Bangladesh	2.08272004828548	1.7639895408964	1.54240893851323	1.40193530648865	1.35268930480869	1.32042365065652	1.29790773595498	1.28525504807597	1.26998167916276	1.25949627323699	1.25136680008216	1.24077995090567	1.23473490689865	1.23381321485639	1.23001160564992	1.22535631817237
64	Bhutan	1.39314576040461	1.12632570577064	0.988461388540478	0.927401737453287	0.939530458313699	0.952714505772454	0.965186218844207	0.978048526719693	0.983356494797406	0.9883836583681	0.995011985358094	1.00278306457047	1.01080581954015	1.01785787397404	1.02495516746286	1.03174568577467
356	India	1.9114817027677	1.6145919177532	1.42785422455715	1.31873377580646	1.2906425111168	1.27171124020429	1.25507250051026	1.23912585018973	1.22645746070028	1.21980602526997	1.21510228016429	1.21069964945631	1.20427072333556	1.20231656948397	1.19888709546571	1.19460470438161
364	Iran (Islamic Republic of)	1.61861536636835	1.35355003922699	1.19859631504871	1.12834177369598	1.12846276761149	1.12784106214309	1.13005787877925	1.13335227054452	1.13511465881166	1.1386714754045	1.13561691419665	1.1330732199941	1.1309384923962	1.13134116354082	1.13457398181803	1.13665362894439
462	Maldives	1.50308519449079	1.23015355727017	1.08371968407467	1.01811869082921	1.02339169329539	1.03283596470571	1.04068067656449	1.04456267172858	1.04838550549222	1.05434075893064	1.05761928983226	1.05951337536384	1.06426451311377	1.0684194623906	1.07563937948671	1.07860101106732
524	Nepal	1.9177886228853	1.6015074415153	1.40154648405173	1.29096472377083	1.26474081451334	1.2419858525269	1.22687089171997	1.21606952710378	1.20840529579398	1.2020870270035	1.19670211100374	1.19080458465323	1.18655117844096	1.18209171636701	1.17990990118496	1.17645222779671
586	Pakistan	3.5532168973438	3.07131844243172	2.71318395573741	2.45312403586419	2.28630007688933	2.14632554769297	2.02848807598224	1.9225760858345	1.82558265247764	1.74263437197215	1.67161934309418	1.6157620673191	1.56800685601005	1.51998855918233	1.48214505544471	1.44649739711832
144	Sri Lanka	1.89975167921706	1.61154362439059	1.42714939445094	1.32288197857245	1.2976157875271	1.27954070708721	1.25833140525787	1.2446117795024	1.23527532605241	1.22733358189081	1.22032259542147	1.21401558860798	1.2089504102468	1.20605274628157	1.19933081153709	1.19500482486648
920	South-Eastern Asia	1.87354310764615	1.58298340826628	1.40654737688481	1.30899579086645	1.28649366589505	1.26940967023882	1.25505706232816	1.24328751084134	1.23315912186862	1.22545796052898	1.21643928627397	1.20876693286035	1.20445471857463	1.19866467833667	1.19350047416661	1.18916675619977
96	Brunei Darussalam	1.67827531831604	1.38540352607536	1.21859570222793	1.13591124489153	1.12476761635353	1.1172317552068	1.1156654974354	1.11895685687719	1.1178569092068	1.11372890186047	1.11740069176589	1.12418348355968	1.12456269175765	1.12555476435736	1.12833659264268	1.13439591399754
116	Cambodia	2.5251829945165	2.15050501839037	1.88984417685273	1.71332364468529	1.63119788891082	1.56382464544348	1.51041991059395	1.46539668446934	1.43014496659133	1.40504435852718	1.38336447420397	1.36050809395347	1.34504264284796	1.32980240723852	1.31762576292232	1.30748584401038
360	Indonesia	2.06342077097005	1.75776802722598	1.55263740133609	1.43074192264858	1.39047408586338	1.35992074930027	1.33655711491306	1.31756311095666	1.30101930591926	1.2884027230328	1.274114516444	1.2617185793995	1.25490060886463	1.24645993510948	1.24047057641829	1.23470170883637
418	Lao People's Democratic Republic	2.36510059308653	1.98651084058131	1.72002003934082	1.55093365933295	1.46835787328516	1.40792122981752	1.3680289930883	1.33195775362392	1.30553629654863	1.2856538056593	1.27045791537621	1.25714175965068	1.24628372708119	1.23630907413962	1.22682695370744	1.21720015690462
458	Malaysia	1.48330795648667	1.21710290465013	1.07216137571462	1.00699824098296	1.01571943391962	1.02528258581372	1.02953904972041	1.03347114868075	1.03845584240595	1.04410295631337	1.04686712532736	1.05226559396787	1.05663387580521	1.05665998099414	1.05733613026428	1.05932168793882
104	Myanmar	2.04960063613213	1.73937441388291	1.53489634801235	1.41233647408084	1.37411315497082	1.34278348365976	1.31622796685118	1.29611091645736	1.28287181845669	1.27174245156721	1.25833120522723	1.25131177942702	1.24446727447141	1.23624459041429	1.22909167817326	1.22728419878184
608	Philippines	1.85613258857273	1.55005182710283	1.37388942197035	1.27935667670875	1.25773468732743	1.24343022338468	1.22985793345754	1.21859887464258	1.21090964937553	1.20731670561612	1.20218409430115	1.19545393527944	1.19063972007497	1.18625547895617	1.18159638213577	1.17475018672138
702	Singapore	0.870177809814592	0.689845669031354	0.593661173043168	0.563195853039596	0.598308794694852	0.636363768684836	0.664416379018935	0.693903272697244	0.720220801203058	0.744800947870944	0.768484405699716	0.788752417449956	0.805640657975237	0.82324784708992	0.838164781738275	0.852263355647753
764	Thailand	1.14455155534038	0.898817894347402	0.782382781766169	0.736786647967484	0.759364331072473	0.778490444476343	0.800574672529029	0.822253002463788	0.843012135377828	0.859491815696869	0.875073308552581	0.887044722515767	0.902526118553553	0.914362985668979	0.922400383407043	0.93395582636679
626	Timor-Leste	2.68349263386663	2.1329882967702	1.8086091994378	1.60547974772206	1.51081145754792	1.44408328979965	1.39667130528307	1.35810244357994	1.32891190734534	1.30535116197012	1.28742638642927	1.27102216679486	1.25378965571552	1.24040061677255	1.22885933219531	1.22133061652266
704	Viet Nam	1.84289673382072	1.55041634985187	1.36781635509468	1.27568662856605	1.26438120036957	1.25073806669684	1.23936362308632	1.23279412001586	1.22462306133467	1.21925957568489	1.21689935998013	1.2155247699749	1.21251572895127	1.2095975418628	1.20598601296485	1.20594660056046
922	Western Asia	2.47309290047157	2.17587186884781	1.94554399365493	1.79173155248302	1.7309043728075	1.68220415428072	1.63079021214337	1.57746952391782	1.52818216706954	1.48416899990719	1.44153893948425	1.40543625413399	1.37588352487197	1.34786546780978	1.32249840166446	1.29902626831024
51	Armenia	1.62909087897899	1.41519875427353	1.27477149112036	1.19916993517108	1.19714296425691	1.18852795944604	1.18646065086814	1.18685508863027	1.18625511946745	1.18190820001022	1.17625830764724	1.17188090187947	1.17289891723117	1.1694768150175	1.16497981471941	1.16498360807781
31	Azerbaijan	1.61439123801393	1.3643561445116	1.21959031482911	1.14453367182873	1.13778208713474	1.13477025472436	1.13481208046349	1.14061094273205	1.1398533477712	1.13868323820045	1.13553136422596	1.12971029665691	1.12910231903654	1.12931428432685	1.12453860819012	1.11978122024003
48	Bahrain	1.74936521276136	1.455479234303	1.28222900282528	1.1915458071828	1.17864026799047	1.16646039552223	1.16254301159436	1.15540435430987	1.1516940547931	1.14882825112405	1.14593002313071	1.14293310275007	1.14460653947687	1.13801499890762	1.13465689240756	1.13152706497216
196	Cyprus	1.30745841542841	1.06888701707452	0.940177183185519	0.883432647661001	0.897152103255399	0.913806121921202	0.930865303277833	0.940649323899359	0.952514779384219	0.963147514593509	0.971395282448961	0.982102400250282	0.991962496086161	0.998594981136787	1.00487968870894	1.00908612033986
268	Georgia	1.78348335561463	1.4695493924269	1.31087179784252	1.22405581465683	1.21638145576836	1.20977902152234	1.20570842506231	1.19776497792352	1.19284686073976	1.19015010341574	1.18773658946825	1.1866412885118	1.1840691613499	1.17862360671064	1.17492420306238	1.17308471081901
368	Iraq	3.20349043729182	2.77245897408231	2.4477834698917	2.22859067491832	2.09993941475364	1.99403316349164	1.8985943087445	1.80802652358485	1.73761738475954	1.67993991099122	1.61969345317427	1.57262498638694	1.52929318102895	1.49010023398913	1.45412508036332	1.42430830679368
376	Israel	2.80398622004164	2.39672789176611	2.16260430334286	1.99967457677309	1.91536639155415	1.84246882833082	1.78235675683847	1.71993131021409	1.66090471441547	1.61351743924087	1.57202391966987	1.53273413814724	1.4983189391224	1.46816322819568	1.44174369380911	1.41760591244558
400	Jordan	2.58984170528006	2.19463450470327	1.91447935639766	1.71878696519797	1.61346063606121	1.5298390507205	1.46456302667369	1.41356384638789	1.3714883965598	1.34117405667328	1.31667577821521	1.29618111086123	1.28047462222725	1.26430492202565	1.24896267782802	1.23675578474442
414	Kuwait	1.55428964443479	1.18717815333998	1.047019013864	0.982022577447663	0.991598418024909	1.00116189185384	1.0062745062066	1.01509408519236	1.0226812470907	1.02903737959039	1.04131268835243	1.04965500007877	1.05607383754203	1.06435414338463	1.07074756413893	1.07134687629027
422	Lebanon	2.17843390748751	1.86375446314252	1.65157026006479	1.51488005161066	1.4621202301443	1.42204277412006	1.38499591858363	1.35482257509587	1.33092290675	1.31212391328773	1.29365769594294	1.28100082128398	1.27220743702972	1.265890030947	1.25953336966622	1.25091219465301
512	Oman	2.44288688529533	2.0891423008173	1.77830803028033	1.58118507745482	1.49201488327129	1.43036152887799	1.38700920030439	1.35258074954684	1.32854866000486	1.30612805609917	1.28914118202152	1.27210490065132	1.25905173951188	1.2524602013661	1.24538046031376	1.24039684106902
634	Qatar	1.61785670730948	1.38055226499264	1.21372636549924	1.13128941974008	1.1285936719076	1.12668275802779	1.11982307944937	1.11384516030781	1.11103251455505	1.10725861989893	1.10524863283548	1.10779170829223	1.11560565634355	1.11935791119543	1.12129250297308	1.12429664024111
682	Saudi Arabia	2.15911183670148	1.9359099358303	1.68614278804473	1.52251656395063	1.44919594161477	1.398628064844	1.3564249421683	1.32368074131912	1.29922307117938	1.27950806127699	1.26080329905685	1.24883179616715	1.2392365798006	1.22874934776199	1.224871082092	1.22003555278055
275	State of Palestine	3.26508741069414	2.75313528636181	2.40077415762916	2.16580056791922	2.02060790049006	1.89407285886982	1.78516311713751	1.69223011812294	1.61314350426992	1.54970196794096	1.49251039559585	1.44761146536115	1.41259478886429	1.38170089011666	1.35522179307297	1.33172816987748
760	Syrian Arab Republic	2.65696997470188	2.26454039647295	1.97615411594047	1.77549842060156	1.67386663641591	1.5911487753828	1.5224508440639	1.46971085305968	1.42727684620775	1.3915545623015	1.36153277189012	1.33479731291386	1.31126259858553	1.29100141516028	1.27439811118192	1.25934350292707
792	Türkiye	1.57875818790091	1.32136505722403	1.18208349913919	1.11220225207826	1.11249877584309	1.11719159496669	1.11491713898128	1.1123702475243	1.11436103629195	1.11283564050586	1.11229362035299	1.11478220421447	1.11563124936458	1.1179649343262	1.11778403652328	1.11374791387898
784	United Arab Emirates	1.11382065038435	0.91857970013703	0.812945322212332	0.771625289348118	0.793645033372267	0.8167630015078	0.837282149256519	0.851952200130667	0.867246131990038	0.883196644258744	0.893635600113972	0.905541956599104	0.919351792498289	0.932580717032409	0.943233706578551	0.953337910262552
887	Yemen	4.47597056082173	3.88816973422281	3.33545330859569	2.91421246675268	2.63896280424149	2.40937724021198	2.22070888083314	2.0666586325427	1.93598345915562	1.82931981985099	1.73287512671801	1.64248600222691	1.57490290654114	1.51747965389373	1.47175458043748	1.43205575619028
908	Europe	1.3493259023697	1.12951687908051	1.02198903022778	0.970733975908378	0.985212069576227	0.998033627569744	1.00920689672616	1.0224571020079	1.0350242719358	1.04385410869631	1.05115730662455	1.0561839768072	1.06052946614115	1.06616889951219	1.07284407863655	1.07823856755255
923	Eastern Europe	1.33435010349734	1.11247010026677	0.997223442799709	0.946764573846175	0.965931992077167	0.985228734312289	1.00026196621949	1.01562115755533	1.0291997126905	1.03910047831232	1.04679111645994	1.05331785947345	1.06090595841921	1.06709814036712	1.07256973214789	1.07817322320755
112	Belarus	1.21041069231593	0.949907395926185	0.852375183755769	0.81592987159957	0.844622999523357	0.869918101630774	0.891782665872503	0.906687750414462	0.917599563527478	0.932217692244538	0.946417640078652	0.955321335847547	0.962530341274347	0.968260149214888	0.974056694782377	0.98103949739414
100	Bulgaria	1.62478864363987	1.4433879935552	1.29890914506717	1.21618672283784	1.20540869716142	1.19956991589535	1.19922906959703	1.19725745493829	1.19395626591089	1.19158940631301	1.18984989246689	1.18939091014515	1.18634371753327	1.1873973676751	1.18821651238655	1.18503867832726
203	Czechia	1.5156606826547	1.18856318437352	1.08304743797874	1.03641236664457	1.04995471621133	1.06197240706103	1.0697700394127	1.08024043492291	1.08615753397768	1.09089465231479	1.09337924418086	1.09545104734052	1.10176272570715	1.10629794478795	1.10890919620382	1.11301484105404
348	Hungary	1.45891294933982	1.2100687724078	1.0873831495902	1.0300819226856	1.04111654572997	1.04761153612276	1.05765232759426	1.06339052755068	1.06930203936187	1.07709554887848	1.08387069170997	1.09016901258438	1.09124003517468	1.09376328296779	1.09263696774337	1.09270807029723
616	Poland	1.23133477122007	1.02502673000968	0.91130622004997	0.861052874358976	0.877428915395784	0.892236284179017	0.900155685280841	0.913035727008802	0.927789481907715	0.94155311728209	0.947360172265585	0.956923200463658	0.959700091778986	0.965832435168919	0.975834951926453	0.98623657204472
498	Republic of Moldova	1.65511275126548	1.42796616961054	1.28586916178876	1.20843219494102	1.20468412416159	1.19843152498388	1.19607405001937	1.19669720899307	1.193999627642	1.18652953751565	1.17906625205698	1.17627477369264	1.17743588971786	1.17732376617269	1.17428687720906	1.1728305301873
642	Romania	1.64095647452266	1.40931601432405	1.26882723044926	1.19278052668905	1.18744304383972	1.18520366989337	1.18195600496714	1.18100943473229	1.18126612329212	1.17658184493728	1.17221987937189	1.17153217972267	1.17315051133856	1.17118440667416	1.17033335041022	1.16690981646716
643	Russian Federation	1.39506251366443	1.1814642856532	1.06519696267684	1.00944599660629	1.02330103214628	1.03551515423697	1.04243337715397	1.05087564891736	1.05851949337366	1.06450400329021	1.0708227404736	1.07502347027797	1.08044256755848	1.08333333508631	1.0856683055637	1.08933526433474
703	Slovakia	1.50340533407162	1.27953759808512	1.15475120809428	1.09271232611457	1.09541653454246	1.10007955406989	1.10630739287372	1.10756602140754	1.1117504178195	1.1168901924165	1.12057439583306	1.12296649047646	1.12441059599821	1.12693058512154	1.12745613573437	1.1282300380657
804	Ukraine	0.956680975622645	0.719475584382028	0.615811062131103	0.571057944021332	0.600045760666912	0.628351996046614	0.652294028867875	0.671954710493955	0.693126315350672	0.711160425508637	0.725481323052426	0.737651827597035	0.752699564500261	0.766212622701493	0.781242295033243	0.797362695232654
924	Northern Europe	1.45994367967408	1.2007657690527	1.0733823855741	1.01231672464209	1.02287269323988	1.03151153888321	1.04055412143538	1.0484196669995	1.05487516694921	1.05962651328361	1.06597993933075	1.07041598571102	1.07491113107237	1.07851192793553	1.08203946648254	1.08567478145459
208	Denmark	1.50678426812314	1.2336258372149	1.11178982212334	1.05279631844105	1.06396058056832	1.07227893441155	1.08074850770285	1.08843846641198	1.09122761142999	1.09416544091826	1.09717804244781	1.10332190250796	1.10879985472559	1.11112129965087	1.11522309083424	1.11491785278241
233	Estonia	1.36360326232805	1.10322478952601	1.00559420233203	0.962073190276607	0.982007978630566	1.00132969842359	1.01336069572367	1.02392845412216	1.03204071426234	1.03970219719082	1.04358221945103	1.04981675917661	1.05457802818717	1.06093679261184	1.06618145312546	1.07160871528989
234	Faroe Islands	2.18195617434005	1.87058726835118	1.67431327121351	1.5601719262609	1.51719623794577	1.48475313188508	1.4585174069534	1.43215837654426	1.40748053536412	1.38996844006435	1.37506947867621	1.35918941630954	1.34478152768055	1.32760509463758	1.31274205224138	1.3008311263184
246	Finland	1.26133533573616	1.01813342851996	0.912906259791838	0.869992738689426	0.888849558208358	0.9058537775319	0.920959982868271	0.935015395812212	0.950973108810244	0.961305804648768	0.97023813449566	0.976847211156932	0.985828451717224	0.992866649580165	1.00019356627406	1.00792704906409
831	Guernsey	1.28588460559334	1.08394541081604	0.967307833293117	0.909574015781785	0.924022157956228	0.940562582563408	0.951209712520737	0.960099750969417	0.972520981384499	0.984573138293858	0.991366719468727	0.997415769472884	1.00186678989766	1.01176687696934	1.01947321088002	1.0252796403958
352	Iceland	1.53499898790831	1.18871382868702	1.04844533481197	0.985793412969849	0.993355751572248	1.00113903875206	1.00752658394943	1.00980079499847	1.0151069635086	1.02191439250232	1.02732122956213	1.03334289300005	1.03902317507238	1.04623227617697	1.05270348292297	1.05706530547738
372	Ireland	1.56066587581016	1.30413564710057	1.17002646004293	1.10206173591539	1.10277299164918	1.10101689130289	1.09756634754296	1.09750963042587	1.099078812103	1.10150845105819	1.1047486627125	1.10440981881626	1.10704382838082	1.10706523792304	1.10581919045799	1.10709569630695
833	Isle of Man	1.48008447714276	1.22589744968968	1.08506155738377	1.0207181581425	1.02531384514989	1.03226393950356	1.03971931644303	1.04771435111357	1.05562697454953	1.05956385719	1.06462782098559	1.0696895183062	1.07321553637396	1.0760159256653	1.07861744818657	1.08522132245461
832	Jersey	1.28957956543419	1.09952867708726	0.989019012869663	0.937513431493319	0.955982392812926	0.966850176244748	0.980859750318142	0.993215542955836	1.00704792128798	1.017628742893	1.02698698086865	1.03771212703014	1.0449152180496	1.05108311927318	1.05630383844151	1.0619819956887
428	Latvia	1.35975232931319	1.06782144045438	0.954832666076741	0.902089861767836	0.917628065941856	0.935209622165445	0.947424947301823	0.960498188449061	0.975311287693517	0.983574975542124	0.990457242165649	0.996713949870013	0.997472813508539	1.00095058859908	1.00869570679774	1.01577753186961
440	Lithuania	1.20269749469144	0.938456925507601	0.83612486353936	0.796555169366043	0.8218181696677	0.842649015967977	0.864847908313266	0.879621739300202	0.894731270957374	0.905346158227106	0.913571413972153	0.922432828499043	0.932555595625676	0.939951678874271	0.945086023937948	0.951008989045106
578	Norway	1.3705957720042	1.1295003498953	1.01541417884961	0.964260971901849	0.979425165126096	0.991507728582435	1.00380635865159	1.00980456130629	1.01542178495043	1.02181132052701	1.02814986601921	1.03293544380179	1.03928719265844	1.04576883184596	1.04966556080825	1.05168299972332
752	Sweden	1.44864796339163	1.1558908602998	1.04098568012133	0.986824722887709	1.003922373956	1.01545969664565	1.02510383981949	1.03854244344765	1.04739627104309	1.05385976138512	1.06307625120358	1.06383204606323	1.06807235918358	1.06811347573478	1.07168843111961	1.07866722001744
826	United Kingdom	1.48594122393365	1.23273186078377	1.09558777296207	1.02895032847536	1.03732669276603	1.04405401347283	1.05282086088165	1.05918842324479	1.06381068455892	1.06709584618138	1.0730996204401	1.07801665101119	1.08215794206254	1.08587732681631	1.08884507354037	1.09186015198185
925	Southern Europe	1.21853576436855	1.01045691659345	0.897906120569805	0.850648746734269	0.872512218265329	0.892024544805919	0.908210889814706	0.922203997657555	0.936606823143547	0.950238974125219	0.961882645033753	0.971122860215106	0.979562741887868	0.987595924997996	0.994726468441136	1.00245425927501
8	Albania	1.27797029935682	1.02888475523022	0.90586287865818	0.857145969067059	0.876136424032261	0.892404033659095	0.906641220894933	0.920800275112642	0.934594049987284	0.950122102337872	0.96004711318182	0.967660360366784	0.973995901619977	0.980044549835651	0.984524238541663	0.99078923736718
20	Andorra	0.995380100552261	0.820382563663832	0.718826481537687	0.676749288991759	0.708143617442503	0.73506478178723	0.75857642878489	0.779017421391293	0.803810363040088	0.82396904697682	0.839665835640599	0.856943183920149	0.87080578050514	0.883456292781982	0.897271101750897	0.905764602457385
70	Bosnia and Herzegovina	1.41747994334759	1.21330069112631	1.09637518935896	1.03931740131497	1.05473886340888	1.06543210629025	1.07219897305079	1.07807437428875	1.08388621831576	1.08966608865072	1.09305259633932	1.09806442272708	1.10163423022333	1.1027822477109	1.10364772421906	1.10697051482058
191	Croatia	1.44063137363852	1.18109599138652	1.05650809681266	0.997183385095834	1.00643878469643	1.01586826841317	1.01943007396179	1.02747940008123	1.03406176922839	1.03711242389365	1.04231164313276	1.05032725529726	1.05869046760949	1.06216684760123	1.05991030264527	1.05891442624321
292	Gibraltar	1.81404899871089	1.57584304938056	1.42520293729109	1.33953950822284	1.32889431622215	1.31803253872406	1.30653549001951	1.29660946028379	1.28987528390657	1.28253089878294	1.27635475427894	1.27188323169382	1.26354686737692	1.25738904555168	1.25127851699825	1.24084268957488
300	Greece	1.28223690884764	1.05505039404349	0.93487759593465	0.880264591948532	0.896889257185839	0.907156385955493	0.918163137049651	0.930618223120013	0.940714306257822	0.950255243505597	0.962651629025808	0.969669014548539	0.97562803220166	0.980629643388196	0.98600436166482	0.993448118192787
380	Italy	1.15025093053602	0.937189289562496	0.834832510177249	0.792784023718366	0.814941243057052	0.837533440357035	0.858184665694135	0.876995230153009	0.89069305697433	0.906226079455315	0.919357687430672	0.928905289515041	0.942669000525236	0.955645967762498	0.964860859062718	0.973748071910065
412	Kosovo (under UNSC res. 1244)	1.4758965588279	1.21467465632418	1.07138275667592	1.00231971384098	1.0038018066173	1.00571271834928	1.01346147402937	1.01586187411454	1.02058827143307	1.0247820953063	1.03189304819942	1.03544190391928	1.03880756802692	1.0458072631839	1.05415609919524	1.05834184109222
470	Malta	1.03090357733897	0.837930620107763	0.736170796176986	0.694323894925807	0.721337970845154	0.745677949323402	0.766893006667497	0.786279196678702	0.807601280199043	0.828250316250055	0.843001609029938	0.85649630064214	0.873347916483917	0.884705468942956	0.893627253339245	0.904189788028793
499	Montenegro	1.75193313036447	1.49434476875933	1.34329971169425	1.25553132686955	1.24246961595911	1.2334404722369	1.22372384780108	1.21933808035215	1.21553758392683	1.21060578906356	1.20704796492141	1.20281265381677	1.1973188337399	1.1926602419509	1.19266333427317	1.19277904305395
807	North Macedonia	1.46398413611423	1.17987626365753	1.05471733618466	0.990904499595095	0.999333774275137	1.00878667300654	1.01475883621224	1.02218423623899	1.02841344069897	1.03245387883321	1.04119641087591	1.04494449081214	1.0467221501456	1.05000505114495	1.05126708961295	1.05329412506256
620	Portugal	1.3781865513743	1.2320455816936	1.11165736977536	1.05478358191236	1.06362919354578	1.07006668349105	1.07661815318822	1.07981580734352	1.08591286314866	1.08936086872789	1.09490425516038	1.0998321034713	1.10340496344698	1.10698806976007	1.10524484280866	1.10902723031389
674	San Marino	1.06750443235286	0.886795129022972	0.782358257514838	0.738514359002234	0.760216986378034	0.782814929363319	0.803949588510725	0.825815642424282	0.844524268900963	0.860647541593954	0.875287687217957	0.887049442123813	0.89765106496737	0.907255426041394	0.920805867235405	0.930678320282275
688	Serbia	1.43149995805814	1.21542481553467	1.09479202638691	1.03819941587943	1.04747533613872	1.05689039875673	1.06351886240744	1.06807875240864	1.07727421866983	1.08289867058648	1.08606477435987	1.08600817417997	1.08645321476143	1.08764627685716	1.09081557905615	1.09482356924461
705	Slovenia	1.51437877647108	1.28691846768193	1.15908803400485	1.09342870610374	1.09673694945867	1.10188208954749	1.10674281373871	1.10838967784827	1.11174672633309	1.11257206624413	1.11633143002139	1.11757299687633	1.12060467421979	1.1206328760295	1.1230579537901	1.12396555402991
724	Spain	1.13206942381507	0.952973916699134	0.847151670452821	0.801992420308987	0.829280402997005	0.852091469358674	0.871308761591149	0.886216584736638	0.904935991289543	0.922522427793564	0.936703119393849	0.949811837356249	0.957730688289596	0.96520842028647	0.973485467921268	0.980613588946236
926	Western Europe	1.47614340536353	1.217611943132	1.10020283749788	1.04511004885269	1.05550406204508	1.06344903965609	1.06980046268751	1.07736641022495	1.08330075112194	1.08580975143424	1.09025533595484	1.09413383737021	1.09486010031632	1.09869475426337	1.10413621051479	1.1057645458513
40	Austria	1.30452678329437	1.05094079295471	0.942767672914319	0.895724913560447	0.915151335448539	0.92612233473492	0.939238055433787	0.954627913664229	0.963136183355792	0.973184818933541	0.98644241568782	0.996602121611262	1.0035514157578	1.01084140993814	1.01734946128413	1.01976884728353
56	Belgium	1.40207842669603	1.1099673026992	1.00099545233577	0.950153933315312	0.968454691225383	0.98283390009987	0.997252205561471	1.00681312853153	1.01223327688798	1.01690330798844	1.02381349072402	1.03120511613955	1.0382701137579	1.04411358645196	1.04888217978134	1.05535799913004
250	France	1.63366457594701	1.34284341391737	1.20940060919893	1.14288387244401	1.14597201941881	1.14727043989355	1.14841724127203	1.15064503187235	1.15100492579674	1.14889695047978	1.15085230996217	1.15090269430484	1.14674218744975	1.14713834271882	1.14937618254574	1.14752994958622
276	Germany	1.40859734575285	1.17165100629128	1.05785780127683	1.00715582347452	1.02111487806846	1.03442512022358	1.04224502251953	1.05218353986322	1.06020837006787	1.06322173645735	1.0674281768694	1.07389474181603	1.07704328198961	1.08287794869022	1.09133794789625	1.09385467372411
438	Liechtenstein	1.44958663417103	1.24807027628353	1.11555602249651	1.0472812529028	1.05400852521999	1.05782962872162	1.06086452325622	1.06607477464079	1.06646423612166	1.07247134114106	1.0774086073621	1.07893782420443	1.08138801570022	1.08252270115407	1.08520184925526	1.08887559417171
442	Luxembourg	1.31316404457895	1.12394973547328	1.00991754273875	0.953655396773346	0.965170339712008	0.976596617859543	0.987037437396948	0.996629757566725	1.00640728351931	1.01428864345279	1.01865021387709	1.02162119847365	1.02109638304604	1.02541953882586	1.0303441205572	1.03519804289762
492	Monaco	2.06156774337367	1.77929235250957	1.61341464533293	1.51437918572957	1.4875558346745	1.46883334219863	1.4520944815659	1.4372006433058	1.41937699929991	1.40061881905476	1.38779645148671	1.3787954393561	1.3717104472317	1.36521778965625	1.35674003260447	1.34517194468806
528	Netherlands	1.42210242507495	1.15414885454607	1.03993345421036	0.983281625099212	0.997223494343605	1.00785175130855	1.02147246152891	1.03069445568367	1.03672818791652	1.03946209755689	1.04640209768075	1.05030986296565	1.05465794100007	1.05868643123741	1.06314690130125	1.06793194330908
756	Switzerland	1.3731181710582	1.15537885350421	1.04043179188812	0.987409648010779	1.00159964834265	1.01643511863208	1.02568057698234	1.02935926434511	1.035628778311	1.04300196045998	1.04863133490768	1.05519534470195	1.05793071673119	1.06646719958234	1.0702893094881	1.0742709424786
5505	Americas	1.68150237557204	1.41080149637172	1.25626942222381	1.17985381346007	1.17278946107396	1.16466570878096	1.15997511649972	1.15592010251451	1.15098873585902	1.14769494799207	1.1454139077603	1.14502501360215	1.14364884174685	1.14342496567815	1.14309095487064	1.14145341597271
904	Latin America and the Caribbean	1.74383124549664	1.46330696427673	1.29718230513873	1.20996980226141	1.1973984747031	1.18888863491167	1.18480087091386	1.17992925231254	1.17308661170851	1.16616333022888	1.16190713341632	1.1601499177635	1.1588331435223	1.15801045944898	1.15666511226969	1.15301063470862
915	Caribbean	1.91692856736825	1.63389009780952	1.45894215083852	1.36155011913027	1.34172745917079	1.32520791484967	1.31182360771884	1.30314484241821	1.29135444878349	1.27873598784726	1.26645589159872	1.25732943669005	1.24724865029348	1.23735373249899	1.23123878709228	1.22412119842587
660	Anguilla	1.29214985626702	1.04660476025328	0.921477245952228	0.866282614965878	0.882579722898421	0.901400849615446	0.917146288163028	0.931302268027775	0.944346919632559	0.955886500079125	0.962883551324598	0.97075492357787	0.980613264380927	0.988537017630915	0.997145685975898	1.00251081154015
28	Antigua and Barbuda	1.50314379463677	1.27282397871876	1.13261023895926	1.06673409603717	1.07094729816229	1.07378575970511	1.07599946599544	1.0820990127583	1.08800387083653	1.09227321390828	1.09666907419161	1.09715411210426	1.10218994069856	1.1045810775933	1.10450260466036	1.10545470244032
533	Aruba	1.54247629376762	1.31216777971529	1.17656202600962	1.10858017028887	1.11601869171919	1.11769028995837	1.11822054126437	1.1220059888871	1.12418381443304	1.12641559233733	1.12671497963258	1.12565821010011	1.12964267619549	1.13522605644547	1.13531087011197	1.13936377633239
44	Bahamas	1.30093326336445	1.05971024471794	0.930263109953696	0.878534477466386	0.892114025847248	0.904723999394866	0.915187835060594	0.928115038446283	0.939586095661613	0.951109084839328	0.96261708427882	0.974564908954969	0.982364268802461	0.990753901861785	0.997443433658	1.00599236414095
52	Barbados	1.6336228945887	1.40466632734071	1.26335452564459	1.18781966601904	1.18287670571721	1.18021897341257	1.17594845769977	1.17048678303707	1.16556825898642	1.16446616993296	1.16187076266317	1.15996000511395	1.15987468239728	1.16004415010718	1.15826085153124	1.15526277195841
535	Bonaire, Sint Eustatius and Saba	1.43463439381946	1.14293278580693	1.01207598908312	0.952005842005916	0.96666265284704	0.979805901155789	0.987658860709355	0.99599514760409	1.0049219840466	1.00945831062391	1.01444068016289	1.02234009640569	1.03128527726982	1.03748464522491	1.04486753299553	1.05342586358396
92	British Virgin Islands	0.950612096486713	0.782784106799531	0.686323765853003	0.64907781712781	0.678897221890132	0.704544575473275	0.732468274883227	0.759671335005031	0.785895396553714	0.806701823541127	0.824244571793465	0.840202517630265	0.853906642354422	0.868956487952188	0.883558105180462	0.893380343513907
136	Cayman Islands	1.45810299886276	1.20470046255206	1.07009576959125	1.00350416732361	1.00691704388047	1.0173728393815	1.0276624888818	1.03497962236596	1.03667996284663	1.04283397570316	1.046436844777	1.05035135346194	1.05558210644608	1.05734810618385	1.06148946699659	1.06652117031709
192	Cuba	1.36429910150913	1.16514113252888	1.04667495818352	0.990877312457806	0.998309771731204	1.00834055170886	1.01737904998349	1.0265777136367	1.03597100159126	1.0398826460571	1.04573178878361	1.04989708662103	1.05225906900109	1.05435982966214	1.05925451816141	1.06379369984601
531	Curaçao	1.00095811453398	0.785494171683962	0.683329034713851	0.649482240717757	0.682627957686054	0.711689357957499	0.735927710427372	0.759990701712586	0.779366677598699	0.795713327909071	0.810011614907527	0.8266001610236	0.843400580395214	0.852298249448329	0.864636485656354	0.878485686187901
212	Dominica	1.40799940145112	1.16563113363086	1.02828694702729	0.966858245480249	0.979951096560331	0.991878145975184	1.00336845949133	1.0064344009682	1.01239352210646	1.02308850226568	1.03343127986137	1.03586403162522	1.03788257530557	1.04303663460056	1.04766606680612	1.05433894104113
214	Dominican Republic	2.18082923245748	1.84223118481417	1.60954240967245	1.47040424584228	1.42307225579745	1.38360797738893	1.35091485884916	1.3301504963866	1.30795126130275	1.2896688117743	1.27403168743192	1.26130804567563	1.24716155708521	1.23777891333995	1.2350683891572	1.23152998831776
308	Grenada	1.4193651619328	1.14909120715157	1.01188753743139	0.952474339035552	0.965325494328385	0.974391614411125	0.985556964267636	0.995342683129209	1.00212982874699	1.00953158213635	1.01777187039495	1.02289734278113	1.02580839446038	1.03183228894935	1.03779364745889	1.04255522368569
312	Guadeloupe	2.03051599570982	1.72559259833945	1.54281962901759	1.43857087729126	1.41569934454996	1.39810391044091	1.37737718646781	1.35946037801468	1.34658548355727	1.33645107847076	1.32528999117334	1.31637536554088	1.30649630636795	1.29658740808358	1.28958119988543	1.2817330162795
332	Haiti	2.60685411853835	2.20836180352421	1.93611664709746	1.75428677587261	1.66668257349956	1.59330499979521	1.53455820517251	1.48771629989164	1.44570476179991	1.40972206562724	1.37762629111034	1.35379491217164	1.33131107439308	1.30903750824768	1.29279485512959	1.27669819482299
388	Jamaica	1.28889564983323	1.03811956116966	0.908849531546881	0.85877220044499	0.875806443952552	0.894193607147441	0.9124590278114	0.923956789985083	0.936146128680905	0.950975461972656	0.959694793588885	0.967495093237804	0.974647904083588	0.984673733027262	0.989456250844654	0.993842085025462
474	Martinique	1.93894451761409	1.64129159085894	1.46675760807937	1.37049806487926	1.35305504922495	1.33987214663879	1.3223384126463	1.31056408413019	1.29995392038021	1.28981879315844	1.27779118867105	1.26967301668131	1.26310137910317	1.25859394950491	1.25499710614934	1.25277572430465
500	Montserrat	1.54286762911116	1.16201947466071	1.04475910387852	0.984228669219915	0.99248577979766	1.00169226349015	1.00906063541637	1.01913931327958	1.02653018214069	1.03238857226576	1.03886190691567	1.04343818143823	1.04605225829641	1.04849951331242	1.05277531865607	1.06093804633996
630	Puerto Rico	0.865172907702072	0.656967532421906	0.564288711334799	0.536748190618141	0.574014998688477	0.60847238835662	0.642410906663795	0.67242692372537	0.703373014630733	0.729803458208904	0.751923843355223	0.773193070282708	0.794353688379047	0.812640801070869	0.828400743011445	0.845176831988964
652	Saint Barthélemy	0.717871153455206	0.56204096334299	0.484606028482582	0.465172863833112	0.510490553932936	0.550398447389291	0.585738573357848	0.61902880375346	0.649526041031798	0.676982323501321	0.701502872746491	0.726328953822649	0.747624180992112	0.767983209114897	0.788646830505394	0.805740685157956
659	Saint Kitts and Nevis	1.44532321578429	1.19760256719094	1.05370253023713	0.987411672474692	0.995459478194099	1.00026850623043	1.00643112809259	1.01387782191686	1.02357898188851	1.02957722098245	1.03503481201135	1.03861253405869	1.04664650722467	1.04983830312859	1.05455297727204	1.0596199899908
662	Saint Lucia	1.31345056240584	1.07221100141215	0.942363593650216	0.881468761353625	0.897431736433309	0.912615998618394	0.925455126427277	0.937239601727519	0.94563125250803	0.954190865227818	0.961760897407368	0.969796968902046	0.979957517073494	0.987376186332385	0.99639969456307	1.00329734116166
663	Saint Martin (French part)	2.6726501472987	2.24127134873648	1.9424586124041	1.74626444251686	1.64968031178499	1.57964516290266	1.51949435216296	1.47203214662541	1.43555952828696	1.40800296642978	1.38244408015741	1.36152953444513	1.34686429511254	1.33287791790136	1.31795838894124	1.30533944594086
670	Saint Vincent and the Grenadines	1.71090623655365	1.42427110922621	1.25952268770189	1.17393246945742	1.16666237684128	1.15924324034475	1.15259757976799	1.15164526791032	1.15124656377556	1.14508734650542	1.14486681956137	1.14618553186447	1.14403828489433	1.1450510894194	1.14662296282975	1.14657003307639
534	Sint Maarten (Dutch part)	1.37147964952267	1.12338636036939	0.988324860707351	0.928929313572839	0.93805759820285	0.948771937339792	0.960016332533966	0.972452637574982	0.98210401096107	0.987511933775641	0.996453929014782	1.00046667755401	1.00459619737545	1.01169561683126	1.01740216615744	1.02434082555325
780	Trinidad and Tobago	1.46794437481021	1.21865805516027	1.07800646835058	1.01173876703782	1.0109050176592	1.01512543255993	1.01936620853686	1.02674365324544	1.03343126504436	1.04125683060976	1.04866087529614	1.05058465231881	1.05639467278804	1.05897430500245	1.05839808009632	1.06318923297257
796	Turks and Caicos Islands	1.4012560210099	1.13395179503261	0.997758579977971	0.934729241720853	0.944376806698781	0.957871125012413	0.966297944020989	0.974043774137254	0.980171978725282	0.98813582830939	0.99520823455246	1.00177450603848	1.0067088163069	1.01273355145247	1.01866432421571	1.02389024131155
850	United States Virgin Islands	2.02584017039018	1.73109000277871	1.53396887579727	1.41454262592898	1.3794312375993	1.35429489725361	1.33431775736364	1.31513024433427	1.29901820819762	1.2876906010127	1.27501898337131	1.2665160930254	1.26321982761692	1.2572250770724	1.24731077349147	1.23951691834735
916	Central America	1.9255262261089	1.60878529262607	1.41410242521408	1.30958425965755	1.27977939760156	1.25984524785779	1.24535507566332	1.23353336431792	1.22314923923065	1.21441870313106	1.20837129984664	1.2022829267095	1.19818423080019	1.19405144437108	1.1895804587356	1.18492761090157
84	Belize	1.89159452786941	1.67270315221382	1.47226583087308	1.35144048488462	1.31558390144169	1.28863240003845	1.26930225307667	1.25136872918472	1.23765391947651	1.2314314414189	1.22572933469722	1.21860006467859	1.21046262556725	1.20417169418632	1.19852582414648	1.19155455237782
188	Costa Rica	1.2671856656121	1.01116530447497	0.889036198138103	0.839512203011349	0.86044317678321	0.877353548876278	0.891598648164444	0.907670780142523	0.919357438103944	0.930837317142413	0.942160512140578	0.956609445950735	0.966290036572121	0.975682199635938	0.984267267086257	0.989499359520059
222	El Salvador	1.70776796235506	1.43270712157134	1.26462901138065	1.17555882051605	1.16576891401201	1.15830290287203	1.14943173947313	1.14347720889847	1.14082519641907	1.13983779823907	1.13565474425041	1.13041223469458	1.12301031955309	1.12050404722865	1.12102569246037	1.11918101848899
320	Guatemala	2.2601245186116	1.89075407731305	1.65617669656169	1.50873720052891	1.44137749522949	1.39519614807715	1.36135828586785	1.32910726485544	1.30535227230161	1.28241805243752	1.26108765735919	1.24871964830243	1.23693534969195	1.22344247022435	1.2142560556464	1.20756199965799
340	Honduras	2.43396659266878	2.09023701240956	1.83958551842414	1.67234970940389	1.59555991492574	1.52848754283162	1.47714844134973	1.43489343245307	1.40407623914137	1.37797896742873	1.35683728771519	1.33560780814497	1.31758772931758	1.30432620421112	1.28698842455623	1.27295007543161
484	Mexico	1.85164251512315	1.53262749193846	1.34186209393346	1.24492517846495	1.22093600213598	1.20600195751798	1.19604035892285	1.19009302710406	1.18428100716862	1.17983523577563	1.17833668102328	1.17429214463314	1.17308326161318	1.17153708758332	1.16935621994324	1.16591618280195
558	Nicaragua	2.15634904088771	1.82813944650824	1.60036267081975	1.46654946785644	1.41466480781478	1.37538656819417	1.33814644854701	1.30911697939856	1.2840198127702	1.26666803945851	1.25204811320963	1.24476581853244	1.23521198572458	1.2278332507859	1.22309387202312	1.22116602521246
591	Panama	2.05344394062068	1.75243778865037	1.54911833299418	1.4348392435831	1.39700108158824	1.36816796915615	1.34029716954552	1.32214398564989	1.30756283687894	1.29683156020937	1.28499454672736	1.26973872336914	1.25807988855648	1.24927949214366	1.24269869912276	1.23742443777886
931	South America	1.64060637685523	1.37441722140873	1.22119562831729	1.14277922784645	1.13772597716031	1.13391817616839	1.13478844617326	1.13424304105879	1.13129502803901	1.12728176206038	1.12560928279076	1.12678542054701	1.12693441680404	1.12801269057695	1.12895483577074	1.1270932304707
32	Argentina	1.44930249612138	1.21298072014066	1.08670413294016	1.02345981397227	1.02628247653777	1.03279193317204	1.04055316277123	1.0466583788192	1.05112394884345	1.05449809456658	1.05965240550994	1.06418345627267	1.0656090165431	1.07131895842663	1.07225292305214	1.07670450706372
68	Bolivia (Plurinational State of)	2.49147519601991	2.13813482830704	1.89681991202263	1.73582980731186	1.654970404117	1.58883896625343	1.53291708028038	1.48279742429953	1.44836236493774	1.41776713324254	1.3940972664756	1.3658336958346	1.34738770648301	1.33290567613544	1.31773141511337	1.29947113407332
76	Brazil	1.54980696788435	1.28895425120618	1.14154004125699	1.07034926531546	1.07039448686675	1.06332159047975	1.05968409496498	1.06190858875618	1.06620573649861	1.06865768722473	1.07187861608057	1.07569174060477	1.07434867338182	1.07454609876013	1.07804698471485	1.07744795121939
152	Chile	1.11497789378158	0.827537123038456	0.713284974363128	0.674895486607394	0.703806879558864	0.727073378806566	0.752469833803165	0.778234606140463	0.801552437468862	0.822474238435367	0.836787619134611	0.851845934354523	0.864304122285402	0.876207923967028	0.88965691245395	0.90259046203954
170	Colombia	1.57894398585333	1.29944356855474	1.14476193662524	1.0720424688137	1.07154485213264	1.07540023457808	1.07954634550398	1.08174668120523	1.08409184687248	1.08580197072986	1.08762259354484	1.09274160040416	1.09533005581654	1.09501418659295	1.09903179493307	1.10185698262724
218	Ecuador	1.77894548216049	1.47219564411936	1.30178424335461	1.21150792885298	1.19784861704884	1.18668128683441	1.17672903396875	1.17074373711467	1.16225477893081	1.15629217566976	1.15004519257642	1.14593266742564	1.14682319613101	1.1459318588384	1.14436756466483	1.1492754210088
238	Falkland Islands (Malvinas)	1.61904375374192	1.39902537061554	1.26225849954499	1.19054947691937	1.18661543243577	1.17749503617505	1.17138941233712	1.17106503703704	1.16935635073643	1.16525151770362	1.16119564575972	1.15806239096774	1.1576270561085	1.15905938627939	1.16440417219365	1.16444702100893
254	French Guiana	3.38899136250393	2.89168313523392	2.58166316274407	2.35865114685857	2.23004923640339	2.11749029564439	2.02732005042978	1.94634213619413	1.86932820877294	1.80497809116612	1.74709815768312	1.68843987121036	1.63496426196921	1.58541966853531	1.54000178714468	1.50879264444795
328	Guyana	2.35111234523353	2.01742311782142	1.77728374969103	1.62885350198124	1.564989857456	1.50258277305585	1.45628863399627	1.41969970892729	1.38974601146668	1.36414395665196	1.34370297930096	1.32373835849457	1.30998177437213	1.29680578221293	1.28872002847228	1.2813995041689
600	Paraguay	2.36215872778578	2.04606864052811	1.81734309117676	1.66449801553351	1.59906549355946	1.54345684999166	1.49900201680194	1.4568597843996	1.42231822251951	1.3908818545389	1.36647964193315	1.34643052407875	1.32896947786216	1.31406790592091	1.29946984512302	1.28626861302085
604	Peru	1.91853970232264	1.60887418478907	1.41640791574551	1.30979396482175	1.28013731368238	1.25296647893257	1.23920715576922	1.22462900541162	1.21308744283257	1.20461960082127	1.19770758680241	1.19645995296706	1.19512824762243	1.19267475400473	1.18969828289589	1.18626878501529
740	Suriname	2.1857327074867	1.86145417501027	1.64119408878738	1.50528605345125	1.45383876763259	1.40886219440984	1.3797137410104	1.35829394020549	1.33470876920074	1.31765211870139	1.30406529526781	1.28798845560362	1.27257496353776	1.26136729881353	1.25100827798567	1.24448234282565
858	Uruguay	1.34909511387148	1.08699579349281	0.959450159467695	0.902825696935072	0.916550212147346	0.929397415541148	0.940432463560247	0.950188972385221	0.966786870952063	0.973581065430066	0.98092314407481	0.988265319589107	0.995375370286588	1.00307641726008	1.00886532547231	1.01654393092054
862	Venezuela (Bolivarian Republic of)	2.01217734542567	1.72520068281305	1.53191766877662	1.41659678283807	1.37654977778782	1.34068923462962	1.31618030074298	1.29670639748621	1.27979530918849	1.26822301446613	1.25741833301283	1.24651626778463	1.23670162749333	1.23333866541566	1.22805710996906	1.22127889449487
905	Northern America	1.53134922068691	1.30016060933005	1.17119397353272	1.10702916253937	1.11225374940012	1.11555229234363	1.11680672946527	1.11721785215081	1.11706220947362	1.1200794377146	1.1218494904698	1.12509489759886	1.12587324418164	1.12845664516313	1.13057176869053	1.13152902420595
60	Bermuda	1.3294629987528	1.12559604414247	1.00396680113225	0.945142847626266	0.955352678950559	0.96488942775006	0.972942489330086	0.978362956026669	0.98952311122455	0.998668356157698	1.00567707492023	1.01394100948967	1.01958981048708	1.02144262534765	1.02629217540881	1.03125878188648
124	Canada	1.29539976411928	1.02872920799408	0.902240230896505	0.850367064159396	0.867287611719719	0.883860194523696	0.898159357871249	0.915732907436577	0.930110972431614	0.940906139729597	0.954281246277861	0.963646165138946	0.971918425985083	0.976721505528034	0.984266082804842	0.993993845164911
304	Greenland	1.88324011973792	1.58676719222853	1.4163525354563	1.32403002546653	1.31204109310951	1.30137938790312	1.29219353676688	1.28137058398239	1.26998464739731	1.26224497730083	1.25692121519621	1.25183996758679	1.24318733047847	1.24286142319849	1.23904901300908	1.23356650834418
666	Saint Pierre and Miquelon	1.20832205824265	0.998057232140259	0.885570520213723	0.836463612857547	0.851011071741875	0.869683497750849	0.881768529566327	0.892010629826602	0.904944677753004	0.917707469720632	0.931844447350981	0.940920226492733	0.953709231908382	0.961722773637221	0.96904654444583	0.978401678496868
840	United States of America	1.55711357730942	1.33018979518849	1.20119842114699	1.13594834280551	1.14006680468414	1.14236470310305	1.14228983871401	1.14055473558266	1.13856119817557	1.14071807599625	1.14141430015508	1.14445681520519	1.144915494323	1.14766586065404	1.14932038236827	1.14935791109911
909	Oceania	2.06947159136163	1.79990668338408	1.61651669227162	1.50988782128311	1.47668853630824	1.44706973836805	1.42088412087714	1.39378323008234	1.3643629039958	1.33667045282345	1.3112636130671	1.29029961321094	1.27391401199526	1.25925948740009	1.24347247456862	1.22795735795217
927	Australia/New Zealand	1.56313938192215	1.34544363769626	1.20844570720817	1.13557886443099	1.13282696887634	1.13281518333195	1.13346049476361	1.1323216848405	1.13105697291724	1.13061872203666	1.13160122977343	1.13158760697198	1.13296815784662	1.13336134400512	1.13435079676945	1.13321538474233
36	Australia	1.55918950716691	1.3463995871514	1.21180847754406	1.13908374061085	1.13612595952286	1.13624922331801	1.13634926847047	1.1351361722891	1.13367729964549	1.13279131351299	1.13390408939692	1.13372371334926	1.13476105986525	1.1347692401298	1.13552718387611	1.1340646861239
554	New Zealand	1.57945620595814	1.33662983504734	1.18853036463309	1.11622872726163	1.11465121884186	1.11302121234476	1.11608384757081	1.11471589285971	1.11382685347537	1.11570925899304	1.1150710512348	1.11569337773814	1.1188079848065	1.12181511070577	1.1241139697386	1.12555720984437
928	Melanesia	3.01271257856963	2.60512560370488	2.31658586613036	2.11459196398325	2.00225043985411	1.9093344508867	1.82694952531392	1.75504678331017	1.68989864187463	1.63308750398696	1.57939319264994	1.53676490260171	1.50145760056751	1.47154875670867	1.43784896966444	1.40816999225241
242	Fiji	2.22226585982714	1.9097452030525	1.69366822769565	1.55606784682784	1.4985124038237	1.44854349877369	1.41210561811048	1.38486238346991	1.36655849529467	1.34360421754154	1.32153040225804	1.30766440141354	1.29342150068979	1.28190155844973	1.27569774255196	1.26592907683098
540	New Caledonia	1.91101046343761	1.61642871091399	1.43277457782419	1.33143980637392	1.30433965823914	1.2830621621817	1.26760336191766	1.2569429208956	1.24726737039553	1.23655874595319	1.22937109576796	1.22528923793099	1.22115270289333	1.21835401644918	1.21702010443914	1.21135293969918
598	Papua New Guinea	3.06053210862755	2.63729419472179	2.33696754770044	2.12563828010196	2.00672410512041	1.91041833665012	1.82437346065441	1.74874460574312	1.68107970790126	1.62332330472304	1.56859418875118	1.52639292140712	1.49137542678811	1.46171936567204	1.42726342019718	1.39785371041261
90	Solomon Islands	3.51684426273743	3.05051146884898	2.70765971173683	2.45399528364847	2.30291978522031	2.17074615849784	2.05383171566048	1.95378873654666	1.86187367715494	1.78230197939957	1.7129377430053	1.64981546320443	1.59870859870308	1.55436296133705	1.51500059298758	1.47518739758776
548	Vanuatu	3.54812037580099	3.1444818003038	2.83405401851774	2.61408395077036	2.48536909083188	2.36419975360188	2.25583641635494	2.15999866176575	2.0683500582737	1.98824373880999	1.91813015438253	1.848300686175	1.79088704575766	1.74112084808919	1.68873111923767	1.6426429044489
954	Micronesia	2.78883949931558	2.4246593869206	2.16449251805881	1.9767945636412	1.86624720732221	1.78355144003831	1.7207640828657	1.66025165086197	1.61045544181806	1.56460276166909	1.52126177880301	1.48789405906281	1.45915661991259	1.43050806686777	1.40353121851428	1.37972973773837
316	Guam	2.72447737137881	2.33598153261886	2.05509297712399	1.86343617362456	1.76237074922022	1.68435467708351	1.62138912130409	1.56942155048535	1.52472923977841	1.49001563395289	1.45624908483109	1.42566838636471	1.40103170323228	1.38139759502284	1.36317467791412	1.34858790282633
296	Kiribati	3.09117695337455	2.71986017929475	2.4472512248961	2.25520405732427	2.13227388746351	2.02794180996736	1.94320105600119	1.86367037424181	1.79307450971139	1.73053472315211	1.67363108704776	1.62706654641871	1.57852102982605	1.53602206338872	1.49396788211563	1.4602911999402
584	Marshall Islands	2.84938183670928	2.41873265816172	2.09092215740397	1.87465243531591	1.75629750260538	1.65923721474658	1.57100436554674	1.49790118166544	1.44677521176183	1.40759130956777	1.37066119994375	1.33467549922377	1.31011391726323	1.28579706416854	1.26996455854329	1.25808237785524
583	Micronesia (Fed. States of)	2.69869836534158	2.33572840676051	2.07219504339655	1.88712321064651	1.78136183269494	1.68711359829154	1.61292790418243	1.55231949563618	1.50550610821107	1.45979231551156	1.4211155240791	1.38950744793052	1.3644890675733	1.34440111291173	1.32089911893815	1.30293644558224
520	Nauru	3.28001071757672	2.84794006261335	2.53550245921119	2.31669074649433	2.18612493354393	2.07568134736498	1.98519444465236	1.90084341729853	1.81907506132779	1.75241530864427	1.69422198801306	1.6417214379088	1.59523121583586	1.55178722150549	1.51375660117365	1.48346897238733
580	Northern Mariana Islands	2.3073854075736	1.90286297803625	1.64197307890893	1.49951626816181	1.45333210240395	1.42528494983882	1.39906694294589	1.37714628905415	1.3600098567663	1.34521783781434	1.3311519527969	1.32228686930733	1.30972802504056	1.29825645600849	1.29172327909248	1.28463345774185
585	Palau	1.8419039842964	1.52468236953051	1.33879579903301	1.24498053996429	1.23366990720702	1.22368978547445	1.21290556180583	1.20491153120401	1.20177966600012	1.19646905914764	1.19199279923708	1.19132180371274	1.1920961696908	1.19229926479078	1.1890134848522	1.1859549226739
957	Polynesia	2.48510614689381	2.16499345540481	1.97942787790513	1.89001332995781	1.87440712419546	1.84727782096252	1.8140184008209	1.77683939597733	1.73779174597304	1.6901771316672	1.6414695721439	1.59621318833442	1.55871302847968	1.52571955926951	1.49452524805622	1.46252216804234
16	American Samoa	2.22574667903265	1.901369264921	1.67672137294791	1.52883812224498	1.46816842410638	1.42546485970008	1.38568716773898	1.35802329105681	1.33356087013573	1.31329755439589	1.29543548047535	1.28279799754115	1.26584339680361	1.25771218992259	1.2464291433365	1.23983150189601
184	Cook Islands	1.98548293498852	1.65754424269373	1.4552470684912	1.33945301493748	1.31057691056944	1.28904445258374	1.26540155691717	1.24902194910443	1.23778562606661	1.22682823993468	1.21701664431243	1.21080506350299	1.19975370198417	1.19644088084164	1.19010657877002	1.18681337617596
258	French Polynesia	1.43726148129277	1.17184755105611	1.03760138739363	0.977838085242271	0.984974539654583	0.993157203800969	0.998826395313609	1.00361228019479	1.0127828580844	1.02152967317114	1.02531236808368	1.0283509918725	1.03067935873939	1.03663849886862	1.04139289527919	1.04107924499939
570	Niue	2.4518359744787	2.10468717082869	1.85825952811788	1.68608381775849	1.60550159870858	1.53874372337717	1.48164135605333	1.43377914988016	1.39699490629997	1.36877851670046	1.34036257860425	1.31636761757313	1.29891125584269	1.28427127529746	1.27001456796252	1.25745847448134
882	Samoa	3.78977057467425	3.34752566479571	3.01446383740567	2.75542797797678	2.58321825862978	2.43269790567406	2.30375209569801	2.18564749382	2.07631903025565	1.97739841371978	1.88643737880776	1.8055040692081	1.73760745206188	1.67724049145553	1.62555587195888	1.57972926743513
772	Tokelau	2.55262276875287	2.20511062093163	1.95826021208349	1.79796168821099	1.72654054256115	1.66354929544308	1.60523298920021	1.55804772551048	1.52159476482684	1.48477103143418	1.44699782472365	1.41335686998825	1.38693042579055	1.36522827704264	1.34097827415481	1.32419528357741
776	Tonga	3.07462057100534	2.69597530983897	2.41109886706545	2.2120131776207	2.09808357552542	1.99700258381085	1.9093483324067	1.83683285601894	1.76659279035083	1.70059094610786	1.65088130380961	1.59866144222406	1.55232655035116	1.50979043474637	1.47515993418329	1.44214837004143
798	Tuvalu	3.15376325922293	2.75539955936147	2.46301979296616	2.25441575771418	2.13939138638487	2.03203964757491	1.93003063224358	1.84503176686683	1.78271473532393	1.72346193305819	1.66325656836939	1.61204351766594	1.56616116513112	1.52804878702728	1.49353973688363	1.46303397436198
876	Wallis and Futuna Islands	1.36272091120954	1.09975404756439	0.975621639178779	0.921373581513383	0.93201462696384	0.944279728556893	0.957093077083858	0.967421931253772	0.975751239860324	0.987542533192875	0.993051302990461	0.996832124595861	1.00658108414487	1.01061506126598	1.01918464634667	1.025685965877
