country_code	country	2020-2025	2025-2030	2030-2035	2035-2040	2040-2045	2045-2050	2050-2055	2055-2060	2060-2065	2065-2070	2070-2075	2075-2080	2080-2085	2085-2090	2090-2095	2095-2100
900	World	2.2666	2.2156	2.1741	2.1411	2.1241	2.1083	2.0805	2.0463	2.0123	1.9823	1.9564	1.9337	1.9118	1.8898	1.868	1.8481
1834	Sub-Saharan Africa	4.3522	4.0107	3.6848	3.396	3.1565	2.958	2.7934	2.6551	2.5376	2.4357	2.3477	2.2703	2.2046	2.1476	2.0972	2.0535
1833	Northern Africa and Western Asia	2.7392	2.6204	2.5045	2.4067	2.3315	2.2603	2.1977	2.142	2.0912	2.0466	2.0061	1.9711	1.9404	1.912	1.8854	1.86
1831	Central and Southern Asia	2.2701	2.1754	2.1076	2.0573	2.0182	1.9851	1.9553	1.93	1.9049	1.8832	1.863	1.8457	1.8298	1.8166	1.8035	1.7903
1832	Eastern and South-Eastern Asia	1.3744	1.3525	1.3737	1.3985	1.4297	1.4624	1.4738	1.478	1.4877	1.4993	1.5098	1.5218	1.5319	1.537	1.5408	1.5458
1830	Latin America and the Caribbean	1.8238	1.7622	1.7316	1.7146	1.7	1.6891	1.6823	1.6751	1.6683	1.6632	1.6607	1.6595	1.657	1.6543	1.6521	1.649
1835	Oceania (excluding Australia and New Zealand)	3.0619	2.8788	2.7315	2.6071	2.4999	2.4078	2.3244	2.2519	2.1877	2.1323	2.0799	2.0374	2.0017	1.9712	1.9376	1.9084
1836	Australia/New Zealand	1.6396	1.6374	1.6307	1.6319	1.6331	1.6315	1.6306	1.6293	1.6272	1.6264	1.6289	1.6294	1.6305	1.6302	1.6313	1.6303
1829	Europe and Northern America	1.4894	1.4829	1.5059	1.5264	1.539	1.5467	1.5519	1.5594	1.5672	1.5748	1.5811	1.586	1.5888	1.5931	1.5979	1.6019
5502	Europe, Northern America, Australia, and New Zealand	1.4937	1.4878	1.51	1.5297	1.542	1.5495	1.5547	1.562	1.5695	1.5768	1.583	1.5877	1.5905	1.5947	1.5994	1.6032
901	More developed regions	1.4726	1.4676	1.4916	1.5133	1.5271	1.536	1.5419	1.5493	1.5574	1.5658	1.5733	1.579	1.5825	1.587	1.5916	1.5954
902	Less developed regions	2.3782	2.3183	2.2664	2.222	2.1964	2.1749	2.1418	2.1028	2.0648	2.0305	2.0001	1.9733	1.9483	1.9238	1.8998	1.8779
941	Least developed countries	3.964	3.7051	3.4536	3.226	3.0398	2.8837	2.746	2.6246	2.5181	2.4251	2.3433	2.2698	2.2066	2.1508	2.1008	2.0573
934	Less developed regions, excluding least developed countries	2.039	1.9887	1.9545	1.9265	1.9166	1.915	1.9021	1.8799	1.8567	1.8372	1.8221	1.812	1.802	1.7905	1.7777	1.7652
948	Less developed regions, excluding China	2.6624	2.5613	2.4735	2.3985	2.337	2.2808	2.2276	2.1776	2.1309	2.0888	2.0501	2.0147	1.9831	1.9543	1.9275	1.903
1636	Land-locked Developing Countries (LLDC)	3.8909	3.5994	3.3354	3.1084	2.9234	2.7637	2.6209	2.5003	2.3966	2.3087	2.2338	2.1666	2.1082	2.0577	2.0149	1.978
2087	LLDC: Africa	4.3964	3.9854	3.6236	3.3182	3.0788	2.8817	2.714	2.5723	2.4525	2.3525	2.269	2.195	2.1309	2.0759	2.0305	1.9905
2088	LLDC: Asia	3.114	2.947	2.8029	2.69	2.594	2.4998	2.4015	2.3265	2.2618	2.2042	2.1481	2.0952	2.0498	2.0109	1.9758	1.948
2089	LLDC: Europe	1.6538	1.6311	1.631	1.6321	1.6474	1.6492	1.6354	1.6279	1.629	1.6327	1.6398	1.6439	1.6408	1.633	1.6277	1.6314
2090	LLDC: Latin America	2.5271	2.4052	2.3025	2.2139	2.1383	2.0762	2.0239	1.9759	1.9412	1.9103	1.8864	1.8608	1.8427	1.8279	1.8128	1.7961
1637	Small Island Developing States (SIDS)	2.2036	2.1359	2.0975	2.0638	2.0302	1.9977	1.9666	1.9419	1.9195	1.8981	1.8749	1.8548	1.8357	1.8193	1.8043	1.7909
2091	SIDS Caribbean	2.011	1.9431	1.9005	1.8721	1.8499	1.8291	1.8103	1.7962	1.7814	1.7683	1.7568	1.7478	1.737	1.7267	1.7206	1.7144
2092	SIDS Pacific	3.0352	2.8389	2.6861	2.5577	2.4528	2.3637	2.2837	2.2167	2.1576	2.1055	2.0562	2.0159	1.9823	1.9542	1.9229	1.8955
2093	SIDS Atlantic, Indian Ocean and South China Sea (AIS)	1.8663	1.8879	1.9426	1.9635	1.9525	1.9367	1.9174	1.9044	1.8984	1.8887	1.8657	1.8409	1.8164	1.7986	1.786	1.7771
5503	High-and-upper-middle-income countries	1.5036	1.4784	1.4922	1.5147	1.5392	1.5577	1.562	1.566	1.5735	1.5811	1.5871	1.593	1.5968	1.5993	1.6024	1.6053
5504	Low-and-Lower-middle-income countries	2.9073	2.7767	2.6601	2.5597	2.4764	2.4016	2.3336	2.2715	2.2138	2.1618	2.1146	2.0716	2.0337	2	1.9688	1.9403
1503	High-income countries	1.4856	1.4776	1.4959	1.5164	1.5323	1.5451	1.5544	1.5607	1.5665	1.5735	1.5799	1.5863	1.5907	1.5954	1.5997	1.6025
1859	Low-and-middle-income countries	2.377	2.3171	2.2646	2.2205	2.1963	2.1758	2.1428	2.1036	2.0652	2.0308	2.0008	1.9744	1.9495	1.9248	1.9007	1.8787
1517	Middle-income countries	2.1206	2.0649	2.0254	1.997	1.9883	1.985	1.9686	1.9439	1.919	1.8988	1.8827	1.8702	1.8574	1.8432	1.8277	1.813
1502	Upper-middle-income countries	1.5136	1.4807	1.4877	1.508	1.5425	1.572	1.5743	1.5714	1.5759	1.5833	1.5914	1.6004	1.6053	1.6053	1.6056	1.6075
1501	Lower-middle-income countries	2.5673	2.4561	2.3667	2.2963	2.2396	2.1895	2.145	2.1038	2.065	2.0311	2.0006	1.973	1.9478	1.9258	1.9043	1.8838
1500	Low-income countries	4.564	4.1894	3.8332	3.5149	3.2591	3.0489	2.8698	2.7165	2.5842	2.4702	2.3727	2.2878	2.2158	2.1526	2.0975	2.0505
1518	No income group available	2.1033	2.0343	1.9792	1.9293	1.8763	1.8373	1.8172	1.8015	1.785	1.7716	1.7581	1.7468	1.7375	1.735	1.7299	1.7229
903	Africa	4.0965	3.8011	3.5147	3.2616	3.0525	2.8748	2.7269	2.6017	2.4936	2.3994	2.318	2.2461	2.1846	2.1309	2.0829	2.0408
910	Eastern Africa	4.1515	3.7926	3.4866	3.228	3.0167	2.8393	2.69	2.5656	2.4609	2.3703	2.2933	2.2244	2.1658	2.1154	2.0707	2.0312
108	Burundi	4.9224	4.4117	3.9877	3.5995	3.3108	3.0721	2.8773	2.7164	2.5881	2.4799	2.3902	2.3121	2.2442	2.1815	2.1244	2.0817
174	Comoros	3.9161	3.632	3.3839	3.1761	2.9939	2.835	2.6911	2.5704	2.4683	2.3735	2.2892	2.219	2.155	2.0979	2.0484	2.0055
262	Djibouti	2.6484	2.4993	2.3583	2.2461	2.1561	2.085	2.0199	1.9665	1.9318	1.893	1.865	1.8397	1.8176	1.7999	1.7876	1.7761
232	Eritrea	3.7754	3.475	3.2185	2.9976	2.8173	2.6672	2.5448	2.4383	2.3438	2.2557	2.1833	2.1235	2.0721	2.0306	1.9944	1.9649
231	Ethiopia	4.0417	3.6197	3.2817	3.0153	2.8135	2.6395	2.4938	2.3738	2.2749	2.1922	2.1237	2.0622	2.0082	1.964	1.9299	1.8985
404	Kenya	3.2407	3.0215	2.8443	2.6854	2.5413	2.4096	2.3093	2.222	2.1423	2.0749	2.0224	1.9769	1.9361	1.9067	1.8786	1.8508
450	Madagascar	4.0067	3.6984	3.4377	3.2211	3.0394	2.8855	2.7535	2.6436	2.5441	2.4502	2.3664	2.2892	2.2252	2.174	2.1253	2.0802
454	Malawi	3.6889	3.3725	3.117	2.9155	2.7447	2.6055	2.4937	2.3999	2.317	2.2461	2.187	2.1308	2.081	2.0417	2.0002	1.9646
480	Mauritius	1.2845	1.2146	1.2288	1.2581	1.2777	1.2982	1.3206	1.3416	1.361	1.3774	1.3944	1.4058	1.4174	1.427	1.44	1.4517
175	Mayotte	4.531	4.3224	4.0294	3.7754	3.5659	3.3672	3.1878	3.0239	2.8753	2.7524	2.6434	2.549	2.4606	2.3783	2.3044	2.2361
508	Mozambique	4.7991	4.4257	4.0189	3.6406	3.3133	3.0449	2.8284	2.6514	2.5156	2.3993	2.298	2.22	2.1556	2.0983	2.0545	2.0142
638	Réunion	2.1632	2.0839	2.0173	1.9828	1.9548	1.9243	1.8943	1.8715	1.8537	1.8393	1.8268	1.8169	1.8037	1.7914	1.7889	1.7871
646	Rwanda	3.7455	3.4597	3.2208	3.0171	2.8366	2.6837	2.5407	2.4239	2.3229	2.2378	2.1595	2.0926	2.0357	1.9803	1.9423	1.9045
690	Seychelles	2.127	2.0151	1.9498	1.8971	1.8657	1.845	1.8264	1.806	1.7883	1.7711	1.7614	1.7502	1.7433	1.7403	1.7359	1.727
706	Somalia	6.1804	5.6247	5.0872	4.5764	4.1185	3.7493	3.4568	3.2076	3.0034	2.8306	2.6909	2.5683	2.4627	2.3677	2.2839	2.217
728	South Sudan	3.8945	3.5334	3.2478	2.9929	2.7832	2.6199	2.4952	2.384	2.2873	2.2135	2.1423	2.0785	2.0241	1.9798	1.9485	1.9137
800	Uganda	4.3442	3.8419	3.427	3.1182	2.8857	2.6976	2.542	2.4143	2.306	2.2131	2.1424	2.0756	2.0212	1.979	1.9428	1.913
834	United Republic of Tanzania	4.6379	4.3123	4.0161	3.7492	3.5176	3.3252	3.1494	3.0057	2.8866	2.7757	2.6727	2.576	2.4972	2.4272	2.3546	2.2926
894	Zambia	4.1367	3.8149	3.5329	3.2755	3.0559	2.888	2.754	2.6423	2.5417	2.4538	2.3768	2.3115	2.2567	2.1995	2.1532	2.1039
716	Zimbabwe	3.7385	3.496	3.2846	3.0897	2.9281	2.7712	2.6377	2.5214	2.4177	2.3308	2.2521	2.1866	2.1296	2.0747	2.0311	1.9963
911	Middle Africa	5.5324	5.1537	4.7115	4.2712	3.9025	3.597	3.3403	3.1181	2.931	2.7706	2.6331	2.5143	2.4131	2.3257	2.2495	2.1841
24	Angola	5.1601	4.7658	4.3512	3.9717	3.632	3.3593	3.1384	2.9481	2.7913	2.6646	2.5549	2.4529	2.3572	2.284	2.2266	2.169
120	Cameroon	4.3627	4.0274	3.7279	3.4734	3.2397	3.0433	2.8857	2.7493	2.6313	2.5306	2.4407	2.3577	2.2831	2.2218	2.171	2.1219
140	Central African Republic	6.038	5.5402	4.9861	4.4147	3.9122	3.5342	3.2274	2.983	2.7785	2.6021	2.4583	2.3448	2.2578	2.1851	2.119	2.0566
148	Chad	6.0928	5.6911	5.2005	4.7537	4.3535	4.006	3.7057	3.441	3.2076	3.0043	2.8446	2.7064	2.5845	2.4769	2.3795	2.3016
178	Congo	4.181	3.9012	3.6621	3.4457	3.2575	3.0803	2.9319	2.8035	2.6961	2.6067	2.5126	2.4323	2.3614	2.3059	2.2511	2.2001
180	Democratic Republic of the Congo	6.069	5.6565	5.1425	4.6059	4.1787	3.8222	3.5181	3.2562	3.0402	2.8546	2.6962	2.5623	2.452	2.353	2.2653	2.1941
226	Equatorial Guinea	4.1481	3.8307	3.491	3.2071	2.9711	2.7804	2.6166	2.481	2.3721	2.2717	2.1797	2.1089	2.0541	2.0023	1.9619	1.9282
266	Gabon	3.6784	3.3999	3.1749	2.9929	2.8352	2.6898	2.5594	2.4519	2.3605	2.2854	2.2211	2.1648	2.1111	2.0623	2.0237	1.9883
678	Sao Tome and Principe	3.6761	3.3985	3.1662	2.9695	2.8017	2.6634	2.5408	2.4417	2.3567	2.286	2.2229	2.1653	2.1116	2.0686	2.0311	1.9942
912	Northern Africa	2.9597	2.7962	2.6478	2.527	2.4335	2.3477	2.285	2.2312	2.175	2.1252	2.0848	2.0502	2.0185	1.9896	1.9604	1.9308
12	Algeria	2.8007	2.5446	2.35	2.2151	2.1205	2.0463	1.9777	1.9239	1.8891	1.8708	1.8543	1.8367	1.8165	1.7981	1.7864	1.778
818	Egypt	2.7478	2.6413	2.5315	2.4391	2.3465	2.2473	2.174	2.1161	2.0688	2.026	1.9912	1.9543	1.9197	1.8965	1.8759	1.8512
434	Libya	2.3736	2.1565	2.0204	1.9345	1.8783	1.834	1.8021	1.7808	1.7628	1.7552	1.7487	1.7423	1.7358	1.727	1.719	1.7179
504	Morocco	2.25	2.132	2.0426	1.9756	1.9238	1.8846	1.8556	1.8311	1.8133	1.8002	1.7871	1.7753	1.7638	1.7518	1.7424	1.7387
729	Sudan	4.3791	4.0378	3.7402	3.4722	3.2589	3.082	2.9307	2.7998	2.6767	2.5742	2.4887	2.4154	2.3463	2.2805	2.2198	2.1653
788	Tunisia	1.8469	1.7733	1.7318	1.7207	1.7227	1.7168	1.7037	1.6908	1.6837	1.684	1.6872	1.6892	1.6876	1.6802	1.6729	1.6681
732	Western Sahara	2.1784	2.087	2.008	1.9475	1.9022	1.8665	1.8367	1.8079	1.7916	1.7761	1.7661	1.7518	1.7433	1.7332	1.7276	1.7223
913	Southern Africa	2.3044	2.2195	2.1368	2.0655	2.0131	1.9653	1.9207	1.8856	1.8556	1.8319	1.8129	1.7951	1.7823	1.7716	1.7629	1.7564
72	Botswana	2.7748	2.5874	2.4224	2.2865	2.1921	2.1194	2.0492	1.9921	1.9424	1.9037	1.8734	1.8508	1.8281	1.8112	1.8001	1.7873
748	Eswatini	2.7974	2.6055	2.4508	2.324	2.2198	2.1289	2.0547	2.0023	1.9597	1.9203	1.891	1.8657	1.844	1.8246	1.8037	1.7918
426	Lesotho	2.7275	2.5721	2.4465	2.3442	2.2549	2.1802	2.1164	2.0507	1.9993	1.9601	1.9297	1.9023	1.8754	1.8508	1.8311	1.8118
516	Namibia	3.2429	3.0709	2.8873	2.7297	2.5945	2.4811	2.3851	2.2998	2.2229	2.1608	2.1083	2.0646	2.0194	1.9816	1.9481	1.9194
710	South Africa	2.2181	2.1413	2.0662	2.0035	1.9595	1.9167	1.8781	1.849	1.8229	1.8026	1.7871	1.7721	1.7625	1.7545	1.7482	1.7439
914	Western Africa	4.4637	4.0631	3.6801	3.3578	3.0962	2.8865	2.7193	2.5807	2.4644	2.3668	2.2836	2.2116	2.1505	2.0974	2.0509	2.0119
204	Benin	4.5944	4.2291	3.8867	3.6057	3.3741	3.1674	2.9815	2.8294	2.7072	2.6087	2.5128	2.4225	2.3451	2.2755	2.212	2.1624
854	Burkina Faso	4.2276	3.7782	3.4084	3.0964	2.8684	2.6917	2.5481	2.4386	2.3424	2.2651	2.1946	2.13	2.0775	2.0369	1.9996	1.9716
132	Cabo Verde	1.5397	1.4822	1.4707	1.4831	1.492	1.5037	1.501	1.4985	1.5031	1.5174	1.5252	1.5313	1.5332	1.5295	1.5267	1.5316
384	Côte d'Ivoire	4.3115	4.0138	3.7601	3.542	3.34	3.1574	2.9956	2.8607	2.7514	2.6498	2.5564	2.4662	2.3917	2.3248	2.262	2.2035
270	Gambia	4.0408	3.5583	3.1403	2.839	2.6209	2.4526	2.3226	2.2212	2.138	2.0637	2.0058	1.9581	1.9143	1.8782	1.8559	1.8312
288	Ghana	3.4177	3.1973	3.0143	2.8591	2.7254	2.6086	2.4974	2.3985	2.3101	2.2317	2.1644	2.1116	2.0611	2.018	1.981	1.949
324	Guinea	4.2644	3.8512	3.4902	3.1962	2.9665	2.781	2.6415	2.521	2.4167	2.3346	2.2651	2.2037	2.1499	2.0998	2.0511	2.0106
624	Guinea-Bissau	3.8755	3.5286	3.2331	2.9809	2.792	2.6329	2.5055	2.4	2.312	2.2369	2.1701	2.1167	2.0664	2.0244	1.9881	1.9591
430	Liberia	3.9798	3.61	3.2914	3.0474	2.8577	2.695	2.5656	2.4539	2.3668	2.2901	2.2266	2.1709	2.1138	2.0649	2.0254	1.9897
466	Mali	5.6467	5.1976	4.745	4.2831	3.8714	3.5287	3.239	3.0066	2.8145	2.6571	2.5222	2.4112	2.3187	2.2415	2.1735	2.1141
478	Mauritania	4.7316	4.3947	4.0717	3.7504	3.4789	3.2412	3.0481	2.8726	2.7329	2.6146	2.5154	2.4193	2.3373	2.2755	2.2134	2.1592
562	Niger	6.0732	5.4216	4.7493	4.1661	3.7118	3.3719	3.1051	2.8773	2.6932	2.5406	2.4127	2.3071	2.2183	2.1405	2.084	2.0319
566	Nigeria	4.5065	4.0586	3.6168	3.2575	2.9733	2.7532	2.588	2.4538	2.3407	2.2464	2.1706	2.1062	2.0521	2.0063	1.966	1.9338
654	Saint Helena	1.627	1.5844	1.5813	1.5894	1.5806	1.5455	1.5499	1.5617	1.6066	1.5716	1.593	1.5709	1.6171	1.6012	1.502	1.5176
686	Senegal	3.8483	3.5985	3.3838	3.1965	3.0308	2.884	2.7578	2.6493	2.5495	2.4631	2.3727	2.2959	2.2309	2.1689	2.1076	2.0647
694	Sierra Leone	3.8392	3.4238	3.1053	2.8656	2.673	2.5196	2.398	2.2932	2.2108	2.141	2.0801	2.0267	1.9837	1.9445	1.9141	1.8882
768	Togo	4.2202	3.9279	3.6822	3.4682	3.2879	3.1217	2.9753	2.8525	2.7459	2.6504	2.5582	2.4714	2.4025	2.328	2.2645	2.2063
935	Asia	1.9019	1.8566	1.8273	1.8047	1.806	1.8198	1.8162	1.7998	1.782	1.7691	1.7594	1.7548	1.7504	1.7432	1.7336	1.7239
5500	Central Asia	3.1776	3.0209	2.8386	2.6983	2.5959	2.4896	2.3856	2.3017	2.225	2.158	2.106	2.0611	2.0231	1.9856	1.9509	1.9247
398	Kazakhstan	3.0704	2.8599	2.7373	2.6294	2.5415	2.4502	2.3543	2.2818	2.2175	2.1658	2.1261	2.0814	2.042	2.0027	1.9757	1.9519
417	Kyrgyzstan	2.8321	2.6747	2.5498	2.4482	2.3642	2.275	2.1937	2.1281	2.0755	2.0316	1.9951	1.9581	1.9247	1.8981	1.8749	1.8559
762	Tajikistan	3.1134	2.9003	2.7525	2.6287	2.5098	2.3992	2.3038	2.232	2.1668	2.1057	2.0474	1.9915	1.954	1.9225	1.897	1.874
795	Turkmenistan	2.7163	2.5355	2.4052	2.3167	2.2404	2.1685	2.0967	2.0328	1.9855	1.9531	1.9292	1.9004	1.8731	1.8444	1.8246	1.8122
860	Uzbekistan	3.3807	3.3206	3.1018	2.9107	2.7687	2.6261	2.5008	2.3909	2.2997	2.2272	2.1691	2.116	2.0661	2.0218	1.9815	1.9557
906	Eastern Asia	1.07	1.0512	1.0928	1.1365	1.1727	1.1995	1.2101	1.227	1.2549	1.2838	1.3038	1.3177	1.3258	1.3338	1.3471	1.3642
156	China	1.0604	1.0345	1.0725	1.1171	1.1552	1.182	1.1901	1.2051	1.2316	1.2601	1.2808	1.2957	1.3033	1.309	1.3198	1.3363
344	China, Hong Kong SAR	0.756	0.7643	0.8042	0.843	0.9016	0.9495	0.9782	1.0049	1.0308	1.0588	1.0833	1.1145	1.1349	1.1548	1.1646	1.1796
446	China, Macao SAR	0.713	0.7182	0.7627	0.8057	0.8536	0.9005	0.9303	0.9535	0.9829	1.0129	1.0434	1.0757	1.0984	1.1158	1.1327	1.1463
158	China, Taiwan Province of China	0.9037	0.8736	0.9172	0.9674	1.0166	1.0629	1.1003	1.1293	1.1552	1.185	1.2127	1.2376	1.2671	1.2906	1.3074	1.3215
408	Dem. People's Republic of Korea	1.8027	1.7457	1.7069	1.686	1.6828	1.6808	1.674	1.6663	1.6552	1.6504	1.6517	1.654	1.6551	1.6511	1.6443	1.6397
392	Japan	1.2387	1.2402	1.2761	1.3076	1.3278	1.3462	1.3603	1.3735	1.3922	1.4126	1.4317	1.445	1.4539	1.4609	1.4665	1.4717
496	Mongolia	2.7313	2.4635	2.3084	2.2001	2.1097	2.034	1.9707	1.9275	1.9009	1.8836	1.8632	1.8433	1.8296	1.8198	1.8128	1.8031
410	Republic of Korea	0.7556	0.787	0.8472	0.8994	0.9605	1.0118	1.0407	1.0749	1.1175	1.1506	1.1783	1.2085	1.2307	1.2484	1.2672	1.2882
5501	Southern Asia	2.2371	2.1454	2.0797	2.0302	1.9911	1.9605	1.9339	1.9101	1.8864	1.8667	1.8484	1.8326	1.8178	1.8056	1.7936	1.7811
4	Afghanistan	4.9129	4.4475	4.0506	3.7213	3.4223	3.2011	3.0004	2.839	2.6945	2.5697	2.455	2.357	2.2742	2.2048	2.1398	2.0871
50	Bangladesh	2.171	2.0724	1.978	1.9007	1.8527	1.8243	1.8047	1.7906	1.7721	1.7597	1.752	1.7433	1.7383	1.737	1.7319	1.7262
64	Bhutan	1.4751	1.4268	1.4243	1.4346	1.4447	1.4523	1.4636	1.4801	1.4884	1.4951	1.5016	1.506	1.5126	1.5211	1.5292	1.5367
356	India	1.9923	1.9155	1.8615	1.8207	1.7913	1.7701	1.7538	1.7397	1.7277	1.7205	1.7147	1.7096	1.7034	1.7022	1.6991	1.6947
364	Iran (Islamic Republic of)	1.6898	1.6408	1.622	1.6305	1.6366	1.635	1.6303	1.6276	1.629	1.6368	1.6379	1.6368	1.6329	1.63	1.6313	1.6345
462	Maldives	1.5921	1.5189	1.5027	1.5172	1.5327	1.5437	1.5443	1.5418	1.5433	1.5516	1.5595	1.5643	1.5678	1.5687	1.5735	1.5763
524	Nepal	2.0137	1.9081	1.8359	1.7913	1.7663	1.7442	1.7295	1.7176	1.7095	1.7031	1.698	1.6923	1.6878	1.683	1.6806	1.6771
586	Pakistan	3.6458	3.3773	3.1543	2.9644	2.7945	2.6507	2.5309	2.4255	2.3297	2.2467	2.1747	2.1179	2.0699	2.022	1.9842	1.9486
144	Sri Lanka	1.976	1.9072	1.8606	1.8285	1.8022	1.781	1.7579	1.7445	1.7368	1.7302	1.7231	1.7158	1.7095	1.7062	1.7	1.6967
920	South-Eastern Asia	1.9504	1.8771	1.839	1.8159	1.7926	1.7707	1.7513	1.7378	1.7302	1.7257	1.7181	1.71	1.7045	1.6983	1.6941	1.6915
96	Brunei Darussalam	1.7606	1.6856	1.6504	1.6356	1.6282	1.6226	1.6213	1.6222	1.6193	1.6153	1.6202	1.6283	1.6285	1.6292	1.6311	1.6372
116	Cambodia	2.6049	2.4488	2.3216	2.2185	2.1385	2.0699	2.014	1.9675	1.9325	1.9083	1.887	1.8636	1.8472	1.8314	1.8191	1.8094
360	Indonesia	2.1394	2.0517	1.9839	1.935	1.8938	1.8606	1.8353	1.8162	1.8011	1.7896	1.7753	1.7619	1.7541	1.7454	1.74	1.735
418	Lao People's Democratic Republic	2.4495	2.2873	2.153	2.056	1.9739	1.9128	1.8713	1.8349	1.8085	1.7888	1.7736	1.7598	1.7486	1.7385	1.729	1.7193
458	Malaysia	1.5577	1.5136	1.5029	1.5085	1.5215	1.5269	1.5282	1.5313	1.5385	1.5473	1.551	1.5561	1.5591	1.5578	1.5588	1.5621
104	Myanmar	2.1303	2.0381	1.9664	1.914	1.8767	1.8454	1.8187	1.7978	1.7839	1.7729	1.7598	1.7529	1.7458	1.7373	1.73	1.7281
608	Philippines	1.9374	1.8503	1.8092	1.7885	1.7647	1.7463	1.7265	1.7146	1.711	1.7115	1.7064	1.6976	1.6902	1.6846	1.6809	1.6763
702	Singapore	0.9532	0.9936	1.034	1.0659	1.0891	1.129	1.1635	1.1998	1.2296	1.2518	1.2683	1.2858	1.3052	1.3271	1.3449	1.36
764	Thailand	1.2209	1.1947	1.215	1.24	1.2621	1.2801	1.3005	1.3216	1.3441	1.3625	1.3787	1.3902	1.405	1.4162	1.4245	1.4369
626	Timor-Leste	2.7713	2.4394	2.2465	2.1098	2.0191	1.9441	1.8938	1.8576	1.8315	1.8079	1.7894	1.7707	1.7535	1.7403	1.7292	1.722
704	Viet Nam	1.9136	1.8341	1.7972	1.7854	1.7732	1.7526	1.7341	1.7284	1.7248	1.7229	1.7204	1.7162	1.7105	1.7074	1.7054	1.7073
922	Western Asia	2.5452	2.4696	2.3798	2.2977	2.2352	2.1789	2.1188	2.0618	2.0145	1.9736	1.9336	1.8995	1.8704	1.8432	1.8193	1.7979
51	Armenia	1.6915	1.7142	1.7037	1.7039	1.7091	1.6999	1.6924	1.6882	1.6848	1.681	1.6786	1.6766	1.6768	1.6704	1.6635	1.6633
31	Azerbaijan	1.6774	1.6452	1.6552	1.657	1.6488	1.6388	1.6311	1.6376	1.6419	1.6451	1.6423	1.6348	1.6321	1.6309	1.6268	1.6241
48	Bahrain	1.8121	1.7255	1.6955	1.6792	1.6661	1.6483	1.6444	1.6385	1.6372	1.6362	1.6331	1.6297	1.6311	1.6252	1.6231	1.6211
196	Cyprus	1.3856	1.3614	1.3609	1.3738	1.3932	1.4139	1.4345	1.4445	1.4535	1.4612	1.4688	1.4811	1.493	1.5013	1.5078	1.511
268	Georgia	1.8523	1.7513	1.7295	1.724	1.7265	1.7206	1.7086	1.693	1.6864	1.6874	1.6896	1.6913	1.6877	1.6785	1.6713	1.6697
368	Iraq	3.2826	3.0685	2.8858	2.7365	2.6035	2.4944	2.3987	2.3086	2.24	2.1828	2.1215	2.0735	2.0293	1.9905	1.9551	1.9254
376	Israel	2.8719	2.6892	2.5934	2.5048	2.4243	2.3522	2.2871	2.2211	2.1619	2.1168	2.078	2.0383	2.0033	1.9724	1.9447	1.9214
400	Jordan	2.6824	2.4908	2.3499	2.2308	2.1247	2.0342	1.9655	1.9132	1.8743	1.8477	1.8238	1.8006	1.7821	1.765	1.7518	1.7418
414	Kuwait	1.5454	1.4465	1.4499	1.4579	1.4647	1.4691	1.4721	1.4822	1.4926	1.501	1.5135	1.521	1.527	1.536	1.5437	1.5457
422	Lebanon	2.2627	2.1572	2.0865	2.0247	1.9692	1.9201	1.8799	1.8513	1.8331	1.8171	1.7954	1.7806	1.7692	1.7635	1.7601	1.7524
512	Oman	2.5041	2.3784	2.2027	2.0801	2.0032	1.9394	1.8994	1.8596	1.8311	1.8112	1.793	1.7776	1.7654	1.758	1.7497	1.7435
634	Qatar	1.6637	1.6391	1.6261	1.6187	1.6155	1.6104	1.6033	1.5995	1.5991	1.5973	1.5964	1.5992	1.6071	1.6116	1.6147	1.6186
682	Saudi Arabia	2.2284	2.2226	2.1115	2.0201	1.9474	1.8945	1.8539	1.8223	1.7984	1.779	1.7594	1.7475	1.7382	1.7282	1.7248	1.72
275	State of Palestine	3.357	3.0569	2.8366	2.6751	2.5316	2.4013	2.2876	2.193	2.1158	2.0548	1.9972	1.9504	1.9136	1.8828	1.8567	1.8338
760	Syrian Arab Republic	2.6786	2.5622	2.4286	2.2808	2.1623	2.0778	2.0218	1.9807	1.9378	1.8933	1.8563	1.8296	1.8098	1.7949	1.7783	1.7603
792	Türkiye	1.6634	1.6203	1.609	1.6079	1.6146	1.621	1.6103	1.604	1.6079	1.6086	1.6107	1.6143	1.6125	1.6112	1.6101	1.6077
784	United Arab Emirates	1.1806	1.2162	1.2548	1.2808	1.297	1.3177	1.3395	1.3559	1.3741	1.3909	1.4003	1.4107	1.4237	1.437	1.4483	1.459
887	Yemen	4.5676	4.1921	3.7661	3.413	3.1439	2.9175	2.728	2.5719	2.4391	2.3313	2.2352	2.1456	2.0781	2.02	1.9736	1.9335
908	Europe	1.4217	1.4161	1.4471	1.4747	1.4928	1.5022	1.5067	1.5167	1.5298	1.5411	1.5506	1.5557	1.5584	1.5625	1.5689	1.5754
923	Eastern Europe	1.4041	1.3947	1.4187	1.4504	1.4778	1.4937	1.4979	1.505	1.5174	1.5312	1.5439	1.552	1.5564	1.5582	1.562	1.5695
112	Belarus	1.2847	1.231	1.2709	1.3189	1.3605	1.3829	1.3893	1.3945	1.4079	1.4309	1.4527	1.4639	1.4656	1.463	1.4661	1.4773
100	Bulgaria	1.6881	1.7303	1.7243	1.7201	1.7122	1.7041	1.7021	1.6982	1.6933	1.6916	1.6923	1.6928	1.6887	1.6884	1.6883	1.6852
203	Czechia	1.5839	1.4758	1.5067	1.5418	1.5603	1.5721	1.5741	1.5775	1.5829	1.593	1.6001	1.6031	1.6069	1.6078	1.6088	1.6147
348	Hungary	1.5318	1.504	1.5135	1.5318	1.5453	1.5524	1.5616	1.5647	1.5692	1.5781	1.5868	1.5941	1.5948	1.5961	1.5939	1.5943
616	Poland	1.3073	1.3108	1.3301	1.3607	1.3851	1.3995	1.4003	1.4069	1.4206	1.4385	1.4498	1.4615	1.4617	1.4632	1.471	1.4828
498	Republic of Moldova	1.7304	1.7182	1.7108	1.7191	1.7296	1.7198	1.7007	1.6909	1.689	1.6881	1.6887	1.6897	1.6854	1.6757	1.6687	1.6712
642	Romania	1.7107	1.701	1.6985	1.6978	1.6928	1.6906	1.6837	1.6798	1.6804	1.6782	1.6759	1.6755	1.6753	1.6713	1.67	1.6677
643	Russian Federation	1.4624	1.4605	1.4846	1.5147	1.539	1.5465	1.5419	1.544	1.5532	1.5646	1.5763	1.5814	1.583	1.5817	1.5831	1.5891
703	Slovakia	1.5788	1.5677	1.5736	1.5888	1.5993	1.6072	1.6096	1.6045	1.6059	1.613	1.6209	1.6262	1.6271	1.6263	1.624	1.625
804	Ukraine	1.0245	1.0028	1.0428	1.0756	1.1092	1.1335	1.1486	1.164	1.1881	1.211	1.2291	1.2418	1.2532	1.2622	1.2764	1.2953
924	Northern Europe	1.5323	1.4912	1.4974	1.5125	1.5284	1.5364	1.5409	1.5463	1.5526	1.5592	1.5683	1.5738	1.5774	1.5793	1.582	1.586
208	Denmark	1.5824	1.5336	1.5445	1.5565	1.5653	1.5738	1.5831	1.591	1.5946	1.5976	1.6	1.6058	1.6115	1.6143	1.6187	1.6184
233	Estonia	1.4376	1.3886	1.4257	1.4645	1.4918	1.5109	1.5146	1.5169	1.5242	1.5381	1.5479	1.5564	1.5583	1.5593	1.562	1.5687
234	Faroe Islands	2.2179	2.147	2.109	2.0653	2.0151	1.9837	1.9543	1.9279	1.9092	1.8939	1.8786	1.8582	1.8433	1.8239	1.8102	1.8075
246	Finland	1.3354	1.3109	1.34	1.3741	1.3974	1.41	1.4197	1.4323	1.4499	1.4633	1.4749	1.4815	1.4879	1.493	1.5003	1.5096
831	Guernsey	1.3568	1.3781	1.3947	1.4092	1.4265	1.4476	1.4465	1.455	1.4709	1.4847	1.4944	1.5054	1.511	1.5175	1.5239	1.5248
352	Iceland	1.6036	1.486	1.4796	1.4899	1.4958	1.5051	1.5141	1.516	1.5204	1.5271	1.5313	1.5386	1.5439	1.551	1.5579	1.5617
372	Ireland	1.6229	1.5848	1.5957	1.608	1.6125	1.6075	1.5987	1.5949	1.5969	1.6043	1.6121	1.6123	1.6119	1.6091	1.6062	1.6086
833	Isle of Man	1.5468	1.5103	1.5078	1.525	1.5324	1.5269	1.5277	1.5407	1.5566	1.5611	1.5655	1.5721	1.5708	1.5735	1.5762	1.5828
832	Jersey	1.3575	1.3826	1.4128	1.4392	1.46	1.468	1.4765	1.4869	1.5033	1.5187	1.5287	1.5412	1.5433	1.549	1.5533	1.5606
428	Latvia	1.434	1.351	1.375	1.4035	1.4272	1.4448	1.4481	1.4526	1.4666	1.4812	1.495	1.5037	1.5012	1.4979	1.5027	1.512
440	Lithuania	1.2689	1.2389	1.262	1.2918	1.3248	1.3512	1.367	1.3765	1.3915	1.4038	1.4148	1.4271	1.4365	1.44	1.4423	1.4487
578	Norway	1.4427	1.4245	1.4435	1.4676	1.485	1.4944	1.5042	1.5095	1.5159	1.5243	1.5323	1.5368	1.542	1.5474	1.551	1.554
752	Sweden	1.5282	1.4452	1.4633	1.4876	1.5106	1.5224	1.5272	1.5356	1.5436	1.5534	1.5665	1.5685	1.5713	1.5685	1.5707	1.5786
826	United Kingdom	1.5577	1.5226	1.5189	1.5282	1.5427	1.5488	1.553	1.5573	1.562	1.5671	1.5759	1.582	1.5852	1.5873	1.5895	1.593
925	Southern Europe	1.2893	1.3019	1.3248	1.354	1.3798	1.3965	1.408	1.4211	1.4367	1.4518	1.465	1.4749	1.4828	1.4898	1.4963	1.5042
8	Albania	1.3733	1.3399	1.3406	1.3549	1.3792	1.4037	1.4129	1.424	1.4377	1.4503	1.4585	1.4685	1.4778	1.482	1.4841	1.4889
20	Andorra	1.0529	1.106	1.1449	1.1787	1.2106	1.2303	1.2533	1.2759	1.3102	1.3171	1.3321	1.3552	1.3604	1.3764	1.397	1.4107
70	Bosnia and Herzegovina	1.4909	1.5107	1.5336	1.5445	1.558	1.5671	1.573	1.5791	1.5859	1.5934	1.5958	1.5998	1.6024	1.602	1.6035	1.6092
191	Croatia	1.5095	1.4738	1.4843	1.4982	1.5108	1.5167	1.5179	1.5251	1.5319	1.5363	1.5436	1.5522	1.5589	1.5603	1.5576	1.5576
292	Gibraltar	1.8621	1.8524	1.8464	1.8327	1.8183	1.8046	1.7969	1.7937	1.7932	1.7874	1.7745	1.7632	1.7571	1.7612	1.7467	1.7331
300	Greece	1.3621	1.3415	1.3591	1.3857	1.4076	1.4171	1.4212	1.4285	1.4377	1.4505	1.4674	1.4772	1.4823	1.4842	1.4866	1.4934
380	Italy	1.22	1.2305	1.2644	1.2982	1.3228	1.3421	1.3584	1.3761	1.3913	1.4096	1.425	1.4341	1.4459	1.4571	1.4661	1.4764
412	Kosovo (under UNSC res. 1244)	1.5698	1.5191	1.511	1.5155	1.5092	1.5028	1.5087	1.5157	1.5265	1.5322	1.5364	1.5342	1.5357	1.5451	1.5567	1.5619
470	Malta	1.1102	1.135	1.1588	1.1849	1.2168	1.2498	1.2717	1.2882	1.3084	1.3287	1.3414	1.3573	1.3776	1.3901	1.3978	1.4079
499	Montenegro	1.8199	1.7942	1.7769	1.7633	1.7518	1.7428	1.7309	1.7236	1.7184	1.7155	1.7131	1.7106	1.7034	1.696	1.6949	1.6969
807	North Macedonia	1.5465	1.4752	1.4836	1.4941	1.5094	1.5176	1.517	1.5193	1.5265	1.5345	1.5471	1.5516	1.5502	1.5492	1.5496	1.5543
620	Portugal	1.4429	1.5216	1.5409	1.5589	1.5674	1.5706	1.5753	1.58	1.5865	1.5907	1.5971	1.6021	1.6044	1.607	1.6054	1.6099
674	San Marino	1.133	1.1686	1.201	1.231	1.2661	1.2713	1.2855	1.3092	1.3292	1.3447	1.3695	1.378	1.3854	1.3966	1.4056	1.4132
688	Serbia	1.5057	1.5088	1.5227	1.5371	1.5482	1.5596	1.5653	1.5675	1.5756	1.5817	1.5859	1.587	1.5877	1.5881	1.5903	1.594
705	Slovenia	1.5821	1.5731	1.5832	1.6009	1.6105	1.6117	1.6102	1.6071	1.6107	1.6159	1.6239	1.6253	1.6255	1.6227	1.6242	1.6267
724	Spain	1.2007	1.2427	1.2728	1.3055	1.3374	1.3566	1.3698	1.383	1.4033	1.4232	1.4402	1.4543	1.4605	1.4656	1.4728	1.481
926	Western Europe	1.5506	1.5113	1.5285	1.5463	1.5564	1.5646	1.5718	1.5796	1.5851	1.5874	1.5912	1.5947	1.5956	1.6004	1.6064	1.6081
40	Austria	1.3824	1.3465	1.3686	1.3933	1.4173	1.432	1.444	1.4556	1.4617	1.4723	1.4875	1.4996	1.5071	1.5132	1.5182	1.5202
56	Belgium	1.4778	1.4018	1.4265	1.4536	1.4758	1.4877	1.4979	1.5036	1.51	1.5181	1.5278	1.5354	1.5404	1.5441	1.5484	1.5562
250	France	1.7035	1.6334	1.6396	1.6497	1.6537	1.6508	1.6479	1.6485	1.6502	1.6514	1.6557	1.6551	1.6485	1.6472	1.6495	1.6492
276	Germany	1.4867	1.466	1.4813	1.504	1.5212	1.5401	1.5477	1.554	1.5585	1.5611	1.567	1.5759	1.5804	1.586	1.5925	1.5936
438	Liechtenstein	1.5144	1.5334	1.5378	1.5424	1.5459	1.5508	1.5566	1.5671	1.5596	1.5642	1.5726	1.572	1.5774	1.5816	1.5937	1.5906
442	Luxembourg	1.3835	1.4177	1.431	1.4447	1.4627	1.4761	1.4866	1.4979	1.506	1.512	1.5166	1.5218	1.5225	1.5278	1.5322	1.5367
492	Monaco	2.0967	2.0709	2.0477	2.0102	1.9759	1.9713	1.9535	1.9367	1.9164	1.892	1.8788	1.8766	1.8684	1.8601	1.865	1.8557
528	Netherlands	1.4902	1.4511	1.4737	1.4854	1.4963	1.5063	1.5223	1.5332	1.5403	1.5426	1.548	1.551	1.5557	1.5608	1.5662	1.571
756	Switzerland	1.4493	1.4475	1.4617	1.4836	1.5034	1.5202	1.5295	1.5302	1.5332	1.5399	1.548	1.5569	1.5608	1.5684	1.5706	1.5734
5505	Americas	1.759	1.7077	1.6889	1.6848	1.6765	1.6653	1.6583	1.6527	1.6481	1.6469	1.6469	1.6467	1.644	1.6425	1.642	1.6412
904	Latin America and the Caribbean	1.8238	1.7622	1.7316	1.7146	1.7	1.6891	1.6823	1.6751	1.6683	1.6632	1.6607	1.6595	1.657	1.6543	1.6521	1.649
915	Caribbean	1.9987	1.9315	1.8909	1.8638	1.8428	1.8235	1.8058	1.7927	1.7783	1.7652	1.7538	1.7453	1.7349	1.7246	1.7186	1.7124
660	Anguilla	1.378	1.3378	1.3512	1.3585	1.3718	1.4119	1.4131	1.4228	1.4391	1.4496	1.4599	1.4657	1.4377	1.4251	1.4996	1.5119
28	Antigua and Barbuda	1.5785	1.5717	1.5662	1.566	1.5709	1.5747	1.576	1.5842	1.591	1.5954	1.6015	1.6032	1.5984	1.6033	1.6059	1.6054
533	Aruba	1.6059	1.5996	1.6056	1.6162	1.6216	1.6177	1.6108	1.6148	1.6216	1.6288	1.6304	1.6279	1.6246	1.6295	1.6296	1.6403
44	Bahamas	1.3758	1.3551	1.3615	1.3785	1.3905	1.4022	1.4122	1.4255	1.4389	1.4513	1.4619	1.474	1.4815	1.4909	1.4976	1.5064
52	Barbados	1.7083	1.7027	1.695	1.689	1.6829	1.6818	1.6771	1.6715	1.6676	1.6653	1.6624	1.6619	1.6614	1.6612	1.6594	1.6553
535	Bonaire, Sint Eustatius and Saba	1.4628	1.4231	1.4265	1.4384	1.4604	1.4739	1.4819	1.489	1.4844	1.5125	1.5109	1.5166	1.5328	1.5317	1.5495	1.555
92	British Virgin Islands	1.0162	1.0783	1.1185	1.1535	1.1822	1.2014	1.2285	1.2518	1.2717	1.2852	1.3086	1.3329	1.3494	1.3561	1.3816	1.3978
136	Cayman Islands	1.5184	1.4837	1.4797	1.4891	1.501	1.5124	1.5218	1.5311	1.5317	1.5361	1.5434	1.5489	1.5529	1.5594	1.5626	1.5676
192	Cuba	1.4451	1.4603	1.4808	1.497	1.5009	1.5097	1.5175	1.5271	1.5379	1.5427	1.5479	1.5512	1.553	1.5551	1.5604	1.5654
531	Curaçao	1.0777	1.0855	1.1151	1.1492	1.1878	1.2191	1.2347	1.2564	1.2822	1.3002	1.3132	1.3306	1.3452	1.3536	1.3643	1.3805
212	Dominica	1.4933	1.4705	1.4564	1.4634	1.4766	1.488	1.4983	1.4986	1.5113	1.5198	1.5314	1.5333	1.538	1.5386	1.5441	1.5486
214	Dominican Republic	2.2674	2.144	2.0451	1.9759	1.9289	1.8887	1.8543	1.8317	1.809	1.7912	1.7763	1.7639	1.7493	1.7392	1.7362	1.7326
308	Grenada	1.5022	1.445	1.4449	1.4518	1.4661	1.4759	1.4861	1.4955	1.5028	1.5104	1.5218	1.5252	1.526	1.5285	1.5357	1.5409
312	Guadeloupe	2.1217	2.0132	1.9672	1.95	1.9333	1.903	1.8738	1.859	1.8467	1.8397	1.8321	1.8241	1.8095	1.7954	1.7887	1.7846
332	Haiti	2.6948	2.5125	2.3728	2.2597	2.1711	2.0968	2.0371	1.9896	1.9476	1.9117	1.8795	1.8555	1.8328	1.8104	1.7941	1.7779
388	Jamaica	1.3716	1.3417	1.3466	1.3636	1.3808	1.4002	1.4187	1.432	1.4443	1.4581	1.4663	1.4733	1.4798	1.4897	1.4943	1.4986
474	Martinique	2.0193	1.9331	1.8858	1.8782	1.8686	1.8451	1.8212	1.8111	1.7958	1.7844	1.7812	1.777	1.7659	1.7561	1.7529	1.7488
500	Montserrat	1.5988	1.4652	1.448	1.3893	1.411	1.4806	1.5135	1.4985	1.5367	1.5286	1.4868	1.4762	1.4827	1.5042	1.4634	1.508
630	Puerto Rico	0.9398	0.9565	1.0014	1.0438	1.0758	1.1061	1.1391	1.1726	1.2091	1.2369	1.2556	1.2719	1.2903	1.3088	1.3277	1.3465
652	Saint Barthélemy	0.7801	0.8489	0.8907	0.9495	1.0041	1.0339	1.068	1.1026	1.1363	1.1677	1.1848	1.1923	1.2222	1.244	1.2751	1.2979
659	Saint Kitts and Nevis	1.5163	1.4907	1.4763	1.4904	1.4911	1.4974	1.5041	1.5087	1.5319	1.527	1.5254	1.526	1.538	1.5363	1.538	1.5641
662	Saint Lucia	1.3945	1.3718	1.3743	1.3808	1.3948	1.4102	1.4242	1.4388	1.4483	1.4551	1.4612	1.4693	1.4823	1.4899	1.4973	1.5022
663	Saint Martin (French part)	2.8531	2.6483	2.3602	2.2683	2.2023	2.1051	2.0275	1.9578	1.9061	1.8803	1.8752	1.8746	1.8594	1.829	1.7924	1.7823
670	Saint Vincent and the Grenadines	1.7952	1.7267	1.7002	1.682	1.676	1.6644	1.6503	1.6469	1.6501	1.6487	1.6512	1.65	1.6409	1.6421	1.6451	1.6496
534	Sint Maarten (Dutch part)	1.4248	1.3951	1.408	1.4261	1.4319	1.4346	1.4487	1.462	1.4803	1.4846	1.4929	1.5017	1.5027	1.5185	1.5124	1.5245
780	Trinidad and Tobago	1.5401	1.5106	1.5069	1.5141	1.5147	1.5175	1.5196	1.5256	1.5327	1.5417	1.5499	1.5516	1.5564	1.5584	1.5576	1.5629
796	Turks and Caicos Islands	1.4669	1.4264	1.4215	1.4332	1.4378	1.4514	1.4627	1.48	1.4778	1.4894	1.4935	1.506	1.5024	1.5096	1.5116	1.515
850	United States Virgin Islands	2.1041	2.0299	1.9702	1.9145	1.8764	1.8478	1.8363	1.813	1.7956	1.7848	1.7716	1.7649	1.7618	1.758	1.7463	1.7327
916	Central America	2.0065	1.9074	1.849	1.8134	1.7822	1.7603	1.7445	1.7324	1.7225	1.7141	1.708	1.7014	1.6969	1.6925	1.6882	1.6836
84	Belize	1.9725	1.9747	1.9023	1.8541	1.814	1.7899	1.7705	1.753	1.7382	1.7311	1.7244	1.7177	1.7093	1.7029	1.6962	1.6885
188	Costa Rica	1.3455	1.3068	1.3191	1.3422	1.3637	1.3788	1.3897	1.4031	1.4165	1.4313	1.4437	1.4579	1.4661	1.4738	1.4821	1.4884
222	El Salvador	1.7952	1.7373	1.7039	1.6797	1.6689	1.6621	1.6533	1.6473	1.6449	1.6434	1.638	1.6326	1.6251	1.6224	1.623	1.621
320	Guatemala	2.3459	2.1916	2.0912	2.015	1.9429	1.8956	1.8622	1.8305	1.807	1.784	1.7621	1.7492	1.7375	1.7243	1.7152	1.7084
340	Honduras	2.5195	2.3919	2.2727	2.1733	2.0966	2.0302	1.9793	1.9366	1.9051	1.8784	1.8573	1.8362	1.8183	1.8049	1.7874	1.7732
484	Mexico	1.9317	1.8306	1.7768	1.748	1.7236	1.7072	1.6968	1.6911	1.6859	1.6815	1.6798	1.6753	1.6739	1.6724	1.6705	1.6671
558	Nicaragua	2.2377	2.1282	2.035	1.9705	1.9181	1.8785	1.8406	1.8114	1.7863	1.7691	1.7543	1.7469	1.7371	1.7295	1.7247	1.7229
591	Panama	2.1284	2.0466	1.9803	1.9383	1.8982	1.8681	1.8395	1.8209	1.807	1.797	1.785	1.7692	1.7571	1.7482	1.7419	1.737
931	South America	1.7199	1.6727	1.6546	1.6466	1.6397	1.634	1.6326	1.6295	1.6262	1.6239	1.624	1.6259	1.6252	1.6246	1.6245	1.6229
32	Argentina	1.5251	1.5083	1.5184	1.5299	1.5317	1.5345	1.5385	1.5407	1.5481	1.5569	1.563	1.5664	1.5654	1.5691	1.5699	1.5763
68	Bolivia (Plurinational State of)	2.5733	2.4386	2.3308	2.2381	2.1567	2.0904	2.0344	1.9844	1.9499	1.919	1.8951	1.8666	1.8481	1.8336	1.8185	1.8002
76	Brazil	1.6298	1.5858	1.5724	1.5719	1.5713	1.5643	1.5604	1.5616	1.5656	1.5689	1.5726	1.5764	1.5747	1.5746	1.5779	1.5775
152	Chile	1.194	1.1247	1.1426	1.1727	1.2036	1.2292	1.2538	1.2752	1.2976	1.3212	1.3367	1.3526	1.3655	1.3771	1.3888	1.4007
170	Colombia	1.6569	1.5967	1.5738	1.569	1.5701	1.5753	1.5806	1.5828	1.5842	1.5851	1.5869	1.5925	1.5956	1.5955	1.5993	1.6017
218	Ecuador	1.8602	1.7714	1.736	1.7152	1.6995	1.687	1.6757	1.67	1.6627	1.6577	1.6511	1.6463	1.6466	1.6457	1.6445	1.6498
238	Falkland Islands (Malvinas)	1.697	1.6976	1.5887	1.6418	1.5621	1.6023	1.6089	1.6412	1.5595	1.5252	1.5322	1.599	1.5949	1.4243	1.3577	1.3445
254	French Guiana	3.4652	3.1852	3.0095	2.8598	2.733	2.6193	2.5267	2.4456	2.3695	2.3047	2.2463	2.1878	2.1346	2.0849	2.0395	2.0083
328	Guyana	2.4437	2.3238	2.2131	2.1362	2.0742	2.0113	1.9625	1.9234	1.8931	1.8684	1.849	1.828	1.8133	1.7995	1.7911	1.7837
600	Paraguay	2.4478	2.3454	2.2486	2.1669	2.1032	2.049	2.0035	1.9591	1.9236	1.8926	1.8689	1.8492	1.8316	1.816	1.8008	1.7875
604	Peru	1.9967	1.9081	1.8491	1.811	1.7813	1.7537	1.7395	1.7254	1.714	1.7052	1.6981	1.6968	1.6954	1.693	1.6901	1.6866
740	Suriname	2.2673	2.1625	2.0785	2.0112	1.9564	1.9109	1.8813	1.8596	1.8365	1.8194	1.8053	1.7885	1.773	1.7621	1.7519	1.7453
858	Uruguay	1.4261	1.3846	1.3929	1.4075	1.4193	1.4315	1.4399	1.4456	1.4652	1.4758	1.4838	1.4902	1.4958	1.502	1.5074	1.5165
862	Venezuela (Bolivarian Republic of)	2.0993	2.0306	1.9774	1.9299	1.8779	1.8382	1.8167	1.8009	1.7852	1.7727	1.7592	1.7474	1.7377	1.7355	1.7306	1.7237
905	Northern America	1.605	1.5923	1.6003	1.6103	1.6151	1.6151	1.6143	1.615	1.6163	1.6209	1.6233	1.6258	1.6255	1.6279	1.6307	1.6327
60	Bermuda	1.3957	1.4112	1.4319	1.446	1.4555	1.465	1.4699	1.4765	1.4869	1.4909	1.5032	1.5177	1.5129	1.5188	1.5203	1.5241
124	Canada	1.3642	1.3213	1.3286	1.3475	1.365	1.381	1.3946	1.4118	1.4262	1.4375	1.4513	1.4604	1.4685	1.4734	1.4811	1.4906
304	Greenland	1.9662	1.8886	1.8407	1.8191	1.819	1.8112	1.7988	1.7855	1.7653	1.7642	1.7546	1.7497	1.742	1.7458	1.74	1.7354
666	Saint Pierre and Miquelon	1.1965	1.2466	1.3302	1.2513	1.3081	1.2902	1.1914	1.3871	1.4189	1.4239	1.3461	1.3255	1.6037	1.682	1.397	1.4828
840	United States of America	1.6313	1.622	1.6301	1.6397	1.6435	1.6422	1.6399	1.6385	1.6381	1.6419	1.6432	1.6454	1.6444	1.6467	1.6489	1.6501
909	Oceania	2.1452	2.0955	2.0461	2.0131	1.982	1.9469	1.9152	1.8869	1.8581	1.8324	1.8108	1.7924	1.777	1.7627	1.7478	1.7334
927	Australia/New Zealand	1.6396	1.6374	1.6307	1.6319	1.6331	1.6315	1.6306	1.6293	1.6272	1.6264	1.6289	1.6294	1.6305	1.6302	1.6313	1.6303
36	Australia	1.6353	1.638	1.6331	1.6344	1.6356	1.6341	1.6329	1.6316	1.6292	1.6278	1.6305	1.631	1.6317	1.6312	1.632	1.6307
554	New Zealand	1.6575	1.63	1.6151	1.6177	1.6193	1.6165	1.617	1.6155	1.6146	1.6171	1.6179	1.6188	1.6218	1.6236	1.6254	1.6274
928	Melanesia	3.0931	2.9029	2.7494	2.6185	2.5068	2.4126	2.3283	2.2551	2.1896	2.1331	2.08	2.0373	2.0016	1.9714	1.9376	1.9082
242	Fiji	2.3039	2.2095	2.13	2.0644	2.0067	1.9541	1.9153	1.8872	1.8699	1.8478	1.8259	1.8107	1.7958	1.7839	1.7774	1.7684
540	New Caledonia	1.9853	1.9081	1.8599	1.8314	1.8058	1.7826	1.7675	1.7562	1.7463	1.7355	1.7284	1.7253	1.7209	1.7175	1.7158	1.7104
598	Papua New Guinea	3.1413	2.9355	2.7693	2.6282	2.5103	2.4137	2.3268	2.2502	2.1819	2.1242	2.0699	2.0277	1.9924	1.9624	1.9278	1.8986
90	Solomon Islands	3.5898	3.3422	3.1394	2.961	2.809	2.6747	2.5569	2.4571	2.3661	2.2867	2.2167	2.1525	2.1009	2.0568	2.0177	1.9779
548	Vanuatu	3.6292	3.4362	3.2642	3.1206	2.9936	2.8704	2.7582	2.6619	2.5713	2.4927	2.4221	2.3516	2.293	2.2432	2.1909	2.1451
954	Micronesia	2.8923	2.7386	2.6105	2.4944	2.3838	2.2944	2.2235	2.1611	2.1094	2.066	2.0256	1.9916	1.9606	1.9315	1.8997	1.8772
316	Guam	2.8096	2.636	2.4846	2.3646	2.2699	2.1951	2.1274	2.0708	2.0244	1.9906	1.958	1.9297	1.9061	1.8832	1.8615	1.8455
296	Kiribati	3.1802	3.0175	2.8834	2.7606	2.6409	2.5374	2.4491	2.3658	2.2952	2.2346	2.1791	2.1317	2.0822	2.0377	1.9966	1.964
584	Marshall Islands	3.0526	2.8491	2.6437	2.4284	2.3174	2.184	2.0725	2.0042	1.9613	1.9256	1.8788	1.8366	1.8039	1.7881	1.7728	1.751
583	Micronesia (Fed. States of)	2.8046	2.6583	2.5278	2.4018	2.2924	2.195	2.1196	2.0581	2.0123	1.9645	1.9258	1.8922	1.8656	1.8482	1.8228	1.805
520	Nauru	3.3805	3.1421	2.9681	2.8172	2.7013	2.5614	2.4693	2.3844	2.3172	2.2388	2.1809	2.1283	2.0878	2.053	1.9939	1.9691
580	Northern Mariana Islands	2.4577	2.205	2.0748	2.0331	1.9746	1.9188	1.8816	1.8546	1.8371	1.8547	1.8411	1.8142	1.8022	1.7829	1.7765	1.779
585	Palau	1.9125	1.8215	1.7756	1.75	1.7357	1.7243	1.693	1.7076	1.6928	1.6998	1.6798	1.6916	1.6891	1.6907	1.6591	1.6757
957	Polynesia	2.5824	2.4776	2.4303	2.4231	2.4072	2.362	2.3021	2.2482	2.2098	2.1711	2.1258	2.0795	2.0408	2.0039	1.9737	1.9431
16	American Samoa	2.3429	2.2231	2.1208	2.0671	1.9946	1.9479	1.8927	1.8512	1.8261	1.8151	1.8007	1.7837	1.7689	1.7482	1.7406	1.7262
184	Cook Islands	2.1271	2.0055	1.9238	1.8703	1.8189	1.7879	1.7405	1.6995	1.7056	1.7396	1.7235	1.6852	1.6918	1.6582	1.6664	1.6853
258	French Polynesia	1.5194	1.4706	1.4706	1.4844	1.4925	1.4958	1.4975	1.5004	1.5135	1.524	1.5292	1.5321	1.531	1.5335	1.5399	1.5407
570	Niue	2.3063	2.2731	2.2017	2.0703	2.0548	1.9818	1.872	1.8197	1.8759	1.773	1.7896	1.7982	1.736	1.6594	1.6901	1.689
882	Samoa	3.9088	3.6726	3.4769	3.2973	3.1219	2.9593	2.8163	2.6937	2.5884	2.4932	2.4004	2.3141	2.2419	2.1811	2.1312	2.086
772	Tokelau	2.6209	2.4956	2.4207	2.3111	2.2222	2.1777	2.1368	2.0732	1.9917	1.8975	1.8167	1.8381	1.8602	1.8289	1.7778	1.8311
776	Tonga	3.1894	3.0301	2.8828	2.7541	2.6355	2.5209	2.4237	2.3457	2.2792	2.2152	2.1641	2.1063	2.0562	2.0089	1.9773	1.946
798	Tuvalu	3.316	3.1169	2.9115	2.7835	2.6587	2.556	2.4234	2.349	2.2646	2.2307	2.1581	2.0814	2.0584	2.0182	1.9815	1.9403
876	Wallis and Futuna Islands	1.437	1.3759	1.3888	1.4263	1.4586	1.4726	1.4739	1.413	1.4578	1.4799	1.5062	1.4916	1.4971	1.4654	1.4853	1.5378
