country_code	country	2020-2025	2025-2030	2030-2035	2035-2040	2040-2045	2045-2050	2050-2055	2055-2060	2060-2065	2065-2070	2070-2075	2075-2080	2080-2085	2085-2090	2090-2095	2095-2100
900	World	2.307993866333	2.29480223948111	2.26588049454632	2.24095024979264	2.23248433198415	2.2255806735847	2.20564931385534	2.18006003092593	2.15315801970658	2.12577350085975	2.10837470252497	2.0943917572951	2.08358817179135	2.07059794267285	2.05659113143266	2.04879813861198
1834	Sub-Saharan Africa	4.36765941057111	4.18082206353589	3.90357246087357	3.65367233264089	3.43630261131318	3.24212741814911	3.08533034029875	2.96827901000869	2.86120993213864	2.77381730070015	2.69353123086107	2.62205325777358	2.57498482509009	2.53023217821277	2.47557675135319	2.44867610437472
1833	Northern Africa and Western Asia	2.83525558783901	2.78193892323823	2.68474093132333	2.59778487131211	2.53571254432587	2.49455449381812	2.45156393703747	2.41057532049387	2.37111470163039	2.32553546643432	2.29262659662268	2.2671230309598	2.24531418338977	2.21964047993908	2.19702906328511	2.1722451717348
1831	Central and Southern Asia	2.40197517865103	2.38566389212653	2.35016961442769	2.30977437214186	2.28483178155512	2.26495344629804	2.2485983921481	2.22116463808613	2.20384884602122	2.18087642176895	2.16635462125965	2.15189203569058	2.15239787002017	2.14458734399001	2.13079787241233	2.1245987830982
1832	Eastern and South-Eastern Asia	1.44600478881164	1.48323253419868	1.52640741536994	1.56219412793535	1.60827317727646	1.65364400622561	1.67568190483933	1.67501114938264	1.68225898342868	1.70094368301889	1.71225175871117	1.73004915402676	1.74336331603012	1.7533691850971	1.75201883296945	1.75617372273297
1830	Latin America and the Caribbean	1.88698989884015	1.8683218890933	1.85397403044068	1.84418894323208	1.83569760543682	1.83710183182178	1.83599948600259	1.83009723113117	1.82449940127736	1.82610015340359	1.82899666210949	1.83009748088674	1.83528968435209	1.83880976896237	1.83690533463713	1.8389766601859
1835	Oceania (excluding Australia and New Zealand)	3.47184802986543	3.40911630918654	3.28639509645953	3.17983438806231	3.09593273842714	3.04345652512837	2.96658580921109	2.89807704748291	2.83359463266497	2.76142014063801	2.69768117781471	2.63309013157256	2.58479889885355	2.522067191658	2.46602773121921	2.43577856465454
1836	Australia/New Zealand	1.73170088157391	1.77245584554245	1.80755847199662	1.82612808572182	1.85219223815471	1.86747669037128	1.88607215506511	1.9046537867446	1.90316753094233	1.90232528531564	1.90925505308873	1.92367831072521	1.9258314586735	1.937951499312	1.94895364401032	1.94855536061214
1829	Europe and Northern America	1.51667202273828	1.54972610708352	1.59271358030966	1.62080610744855	1.64140290288651	1.66179846399639	1.68209527343547	1.7025943513361	1.71459895648829	1.72650114632772	1.74090056938436	1.74630336801754	1.75590509847163	1.7659087648563	1.77760612686523	1.78429933379217
5502	Europe, Northern America, Australia, and New Zealand	1.51633946521444	1.54943329137965	1.59271564102226	1.61960659693052	1.6401033367494	1.66069850696758	1.68139497946383	1.70369202125493	1.71909711383339	1.7337989034809	1.74700089447201	1.75760402656466	1.76980196457958	1.78120748089081	1.79350556812459	1.80410447390556
901	More developed regions	1.49667086673803	1.52801678241924	1.57200696507065	1.60180170494604	1.62229845850667	1.6446974738601	1.6637940386296	1.68349229751982	1.69619704492191	1.70759619741264	1.71940016624446	1.72830144750958	1.73740162245106	1.74850756316911	1.76090285461163	1.7662043139025
902	Less developed regions	2.4239928098057	2.40794919222905	2.36891694522651	2.33370072211895	2.31835331047123	2.30506444731354	2.27842262433874	2.24743488727813	2.21695232026351	2.18685554095588	2.16586945968931	2.14758721893353	2.13518131541717	2.12179694968564	2.10758654556614	2.0989952419652
941	Least developed countries	3.98709431474618	3.8451219824349	3.64046842292543	3.44351028935983	3.28855647805046	3.15186185202967	3.02720618938101	2.93946479806566	2.85318574491163	2.76964808562228	2.69017284079344	2.62908255458578	2.5708189714865	2.52156866712727	2.46604780340108	2.4303926918667
934	Less developed regions, excluding least developed countries	2.099	2.09618147587395	2.07791526817537	2.05967791910245	2.06072104538481	2.06910673723842	2.06699333192103	2.05248144810007	2.03499535729901	2.01489474172064	2.00670023618418	2.0091975937505	2.00980373924002	2.00160284493496	1.99580208733332	1.98820354368748
948	Less developed regions, excluding China	2.70261690030449	2.65597567872559	2.58770023716558	2.52217235766573	2.46695250675973	2.41722125966877	2.37073839354997	2.33018244379961	2.28977940764126	2.25351787913596	2.22402724230266	2.19496062494393	2.17606191167665	2.1568905707058	2.14177646524409	2.12948769439276
1636	Land-locked Developing Countries (LLDC)	3.94640065141935	3.79165106726992	3.56899566415617	3.35388132384236	3.18642819050193	3.03920301858486	2.90231800160663	2.78680208044343	2.68968255109788	2.61093014374429	2.54347600864343	2.49000958360793	2.43895334101969	2.39128859383156	2.36010142565166	2.33430400275869
2087	LLDC: Africa	4.45396288687024	4.24087000212326	3.93024994498618	3.65174842725747	3.43468545747763	3.25230003052245	3.10238694204504	2.97316628605778	2.87772435814642	2.80833768306524	2.74913928217723	2.70225001685566	2.65935202994902	2.62166757569273	2.58522677794698	2.56052637959378
2088	LLDC: Asia	3.22254957247591	3.15340768429094	3.07922653378652	3.0123876650175	2.94591109880481	2.85727666436663	2.78979848162185	2.73862832815783	2.69084093754853	2.66206065445588	2.60776747877507	2.55320839226994	2.51818577845582	2.49235910421281	2.45760651256209	2.42060791727164
2089	LLDC: Europe	1.74364798370898	1.77747495400812	1.80696144245799	1.82015878098601	1.83895972769099	1.85998037957476	1.8703608798227	1.89348417634665	1.90778999528207	1.91029258730864	1.91308787996133	1.92179154432376	1.93409527987051	1.9512953168573	1.97110169109896	1.981901180448
2090	LLDC: Latin America	2.79796845410688	2.76520985855453	2.70341755035242	2.64007902816906	2.57779021370482	2.51698886707542	2.46197378660486	2.41116084688155	2.36318396574615	2.33866798599336	2.32876610876963	2.29873568005615	2.28437063652054	2.27128502868686	2.25776686100908	2.23968427573264
1637	Small Island Developing States (SIDS)	2.29797509842273	2.28634516369966	2.27365518352698	2.25734516478258	2.24185715818797	2.23297181952645	2.21265554701425	2.2051889137833	2.19219028689508	2.17637319272965	2.15688227532566	2.15129750216411	2.14049325452554	2.1274916588431	2.10808816933624	2.0868786163855
2091	SIDS Caribbean	2.1316539792233	2.12218898543352	2.11499274291915	2.11079195071149	2.10720150249384	2.10719894784919	2.10139934577222	2.09489829861375	2.07390240786711	2.06670277071746	2.0536073529239	2.05099922893112	2.04270651720711	2.03410121839841	2.03490430191184	2.02220354584408
2092	SIDS Pacific	3.39022502872723	3.30918547263598	3.17078121935842	3.06324010679914	2.9741040399499	2.91928044683381	2.84741788768318	2.77896721178857	2.72334058155143	2.66202894796451	2.60575601403905	2.55751702883121	2.52456747403436	2.47583566679835	2.43213996919855	2.4036046909098
2093	SIDS Atlantic, Indian Ocean and South China Sea (AIS)	1.95555482329408	2.04347952578866	2.19028361367559	2.28000163986232	2.29606343404887	2.30870429909464	2.30426214443597	2.30643263485493	2.32004495120799	2.33371214620289	2.31711769249527	2.28613077094777	2.25009760661197	2.22817951709968	2.22485852424809	2.21535750883619
5503	High-and-upper-middle-income countries	1.53866787757611	1.55482938286015	1.58262012727248	1.60911291485242	1.63860163793134	1.6601904336004	1.67738857202619	1.6918840131147	1.70507514392519	1.72087627325791	1.73069105935066	1.74058514798431	1.75227898506679	1.76438251031679	1.7726922043472	1.78028981002911
5504	Low-and-Lower-middle-income countries	2.95792465627526	2.89353602864071	2.80301650336576	2.72034528909265	2.64934742485136	2.58623400965649	2.5355954819158	2.49516669934184	2.46155791002803	2.42960871704555	2.40142161302552	2.37724123978292	2.36346451649358	2.34778958341306	2.33847801098957	2.33359434638514
1503	High-income countries	1.50767339623913	1.53383905672604	1.5710285568525	1.60121627261804	1.62471384050257	1.64870472846845	1.6687034650828	1.68160081546416	1.69159962497472	1.70350162138171	1.71590246532403	1.72240401149032	1.7329041258634	1.74000558489919	1.74901292706342	1.75369653545598
1859	Low-and-middle-income countries	2.42132175578043	2.40386032803227	2.3685188733522	2.33462217806003	2.32376256949972	2.31679368631295	2.30496116503253	2.28636413778935	2.26767078339525	2.24987035812656	2.24058381977042	2.23259854809538	2.23179509370185	2.22880291118549	2.22379151914043	2.22309906601177
1517	Middle-income countries	2.17266477231024	2.16464155416559	2.13889970980041	2.12158870490026	2.12361242791471	2.12599525165342	2.11978262899283	2.1031782583119	2.08329169115911	2.06579089857902	2.05729620309078	2.0545996744343	2.05629924052666	2.0497003105139	2.03640219202973	2.02490599922931
1502	Upper-middle-income countries	1.56666983828726	1.58833314039038	1.61461777703186	1.64261489469337	1.68380114563292	1.72048551893511	1.72630861310714	1.72240189606015	1.7250845203053	1.73976550799252	1.75048565296745	1.76486383392499	1.7732888523403	1.77408907085541	1.77570634465844	1.78197377137531
1501	Lower-middle-income countries	2.64728067117822	2.60253230860314	2.5404458281692	2.48430821236025	2.43404827349264	2.38153662657418	2.34719362062761	2.31679695861606	2.28281349983991	2.25233970435682	2.22884431730949	2.20627811077283	2.19327599996185	2.1823849585563	2.15968235183394	2.14468670897784
1500	Low-income countries	4.60855576723763	4.39428254525189	4.09472560831194	3.82189965148008	3.60902098466608	3.420953323297	3.25937786668344	3.13873416046601	3.01604329346014	2.91076005970597	2.80567261236748	2.72516381112399	2.66886807921939	2.60272414860432	2.54746395481893	2.50389877615799
1518	No income group available	2.37567126073094	2.38451562787895	2.36967571854413	2.34181703602768	2.31334525176395	2.26842394767507	2.24312545348002	2.23900549905512	2.20203662348176	2.18162010337669	2.17248429539188	2.17471250758328	2.17029330064258	2.18260594700469	2.17350237169153	2.16719396695464
903	Africa	4.10940700129172	3.94820466621455	3.70857298862329	3.48778748027274	3.29697696935383	3.12927808017799	2.99107816728647	2.88351958028845	2.78069139645504	2.69979375756686	2.62809479080687	2.56239447633992	2.51683955143688	2.47855802781618	2.42837822333534	2.40223095848426
910	Eastern Africa	4.18825861968251	4.00624144052594	3.75142989575681	3.50797254800055	3.31139506489477	3.13616752500773	2.99016357533907	2.87561337847877	2.77689730442152	2.69585307628691	2.62274770795383	2.57137871471774	2.52482467968317	2.48086067322011	2.43952022481619	2.4220837749696
108	Burundi	5.58368913953791	5.31190287793811	5.05000910702841	4.78365752923203	4.52583506954232	4.32358801380042	4.10262919412727	3.91780139892379	3.74256804494743	3.54344517875144	3.41798232654401	3.32266140199808	3.23098487117571	3.12357325230354	3.011444877548	2.9273003679285
174	Comoros	4.32897546072567	4.2024379434695	4.04821918979158	3.89623652880817	3.75846138967188	3.60654305305921	3.47955606403875	3.38486635417503	3.26264939228924	3.18528646062	3.06057566977401	3.00506045800884	2.90566405909464	2.81289193605426	2.73691776420285	2.67139912865159
262	Djibouti	3.36370485252151	3.18594614701347	3.05054374341176	2.94294628824774	2.84360821551081	2.76099067523603	2.65515468379164	2.57588540959601	2.52224794827875	2.4466713448303	2.38875423987733	2.33738327414548	2.30221941580136	2.28258815156453	2.26543178183884	2.25361839407363
232	Eritrea	4.57184837189879	4.31848114305465	4.11144341698761	3.92278189588201	3.745500779878	3.59130540066134	3.47649171584	3.33258704786155	3.22210980606857	3.09563351122711	3.00030979193164	2.90239883109846	2.82377570120471	2.75744511531293	2.67510564136376	2.61679999619837
231	Ethiopia	4.48620459498558	4.25146740328422	4.01819645744963	3.78563594497035	3.59304541677685	3.40700142393744	3.25686688470606	3.12441007437169	3.00119871105835	2.89487567619955	2.81675027984472	2.73359709368714	2.65532655306334	2.57668349935023	2.5254349638432	2.45713364942391
404	Kenya	3.51959020455531	3.45973416502259	3.39936208686344	3.2778251458484	3.16045335598786	3.07663292391495	2.9839525413057	2.90028949363858	2.81626785668097	2.74702745682643	2.68306204083853	2.62929248612377	2.5470695918227	2.47392431083717	2.4170497402032	2.38790187943902
450	Madagascar	4.41677013192314	4.31867958583162	4.19135502391963	4.04454421803256	3.91309656236329	3.79623792389488	3.67844476288847	3.55984112693398	3.46000041961581	3.35296187823189	3.26179629545627	3.18999247256882	3.13060117710243	3.04742459837636	2.95631309110422	2.89248508934183
454	Malawi	4.12691350711962	4.0243253875012	3.92508311718711	3.76117112838197	3.60324905452474	3.46746905488699	3.38324599344307	3.27669809865946	3.16067052129921	3.08781333085225	3.01436012417204	2.9341667536876	2.86305148497043	2.7861300962631	2.7313754136225	2.66689653151594
480	Mauritius	1.34293597094452	1.40813533350691	1.47690501552959	1.53677200741369	1.5794423998166	1.62012649005748	1.65412264529773	1.69048421039363	1.72672101736826	1.75199318041674	1.77898454743844	1.80192414905263	1.8222435719958	1.83847660704168	1.86402787090464	1.88028662666143
175	Mayotte	4.6853145339685	4.7381739357901	4.60428439789396	4.46244384692904	4.30944680378222	4.14875863058245	4.0165661556868	3.86087414417271	3.73461903613369	3.63853178953745	3.51858811522227	3.42237490069867	3.31874018750663	3.22507707522889	3.18308907197223	3.08611544927101
508	Mozambique	5.20817652062931	5.08735046840372	4.94644492321201	4.73347508239831	4.47155969597128	4.22637456960706	4.00811802722022	3.79475729277667	3.59319926015361	3.41108690665412	3.22578205742448	3.09424684106632	2.97190230752443	2.90245292056316	2.81694797846663	2.74698797361011
638	Réunion	2.28729179893176	2.36620628475376	2.34136237370271	2.328282257562	2.31385389155972	2.30555874020227	2.29277847038686	2.27367919930519	2.27119866538395	2.26538203372424	2.25230578647847	2.25279754837372	2.24068883850514	2.23171547073655	2.2470096562926	2.26210978279196
646	Rwanda	4.07991514359003	3.96642335191635	3.81603128282988	3.67718076697491	3.53935862568121	3.42809826768949	3.31036918051005	3.20903419259217	3.09591389797881	2.98375701877434	2.88093786163889	2.76894992958979	2.70037747828168	2.62063584756624	2.55187714179414	2.47251143157593
690	Seychelles	2.42515339190602	2.39135873418478	2.33004296126708	2.28935244684634	2.2635899624731	2.24411175548289	2.22637731670252	2.21434404915499	2.19313050108594	2.18708295718528	2.1837111711249	2.17807439449438	2.17160500882351	2.17472881623928	2.17580426125722	2.16838651362935
706	Somalia	6.69331531327429	6.43397405038821	6.14265464085658	5.85092583544175	5.51648286381365	5.21947507837215	4.95541261215007	4.70064315021776	4.48164127169045	4.23318539591748	4.01984007564421	3.84588874737022	3.68676673899892	3.51403501617432	3.35842940393446	3.19708264206789
728	South Sudan	4.83615580453095	4.5418877932611	4.29316622548593	4.03988341338373	3.79858007931851	3.6135950364357	3.46365430552806	3.32636755041656	3.21220107683929	3.10160974178216	2.98763915739821	2.87385249297708	2.77597079170853	2.68460355357509	2.60926216366092	2.54134513691342
800	Uganda	4.79328594939416	4.51312231416747	4.24164866678523	4.01377913402589	3.77150765206041	3.56882225559227	3.43208519644389	3.27245138118732	3.13221029198574	2.99752250721632	2.90691066797722	2.8074461586935	2.71253942513962	2.63435617653063	2.55957297896593	2.50894276142083
834	United Republic of Tanzania	4.90656078910702	4.81856120262955	4.67226387859942	4.52073016389106	4.35965440220241	4.2416767426918	4.12479107604233	3.99119879764675	3.89631322442685	3.77328115007459	3.64859118980428	3.54476924046028	3.48389506227307	3.3896074264521	3.29826210831459	3.22923424386484
894	Zambia	4.69704148783211	4.53153520377953	4.38862840586928	4.23651601903552	4.06753300447855	3.93925879246405	3.81949594428904	3.694877659693	3.5664014734824	3.45747043174657	3.37327187590701	3.28785640583208	3.21921958283523	3.13613354126952	3.04801425257356	2.95092783095321
716	Zimbabwe	4.0078081833365	3.95709313405506	3.83283821366475	3.71042837142517	3.59400440088853	3.47358635985929	3.37595475409451	3.27546264567009	3.16041247374892	3.07138519051179	2.98367322048001	2.93815288336327	2.8467430124772	2.77987947546532	2.68989940987181	2.64901943755479
911	Middle Africa	5.75229318405595	5.58531994671661	5.31007918964183	5.04155961704023	4.80188871121572	4.60165976936884	4.40634854661024	4.21267184538521	4.04781386169605	3.85099171909339	3.63371535586006	3.47971607801982	3.35333676201167	3.22348984756178	3.11617705422695	3.03731756379834
24	Angola	5.81052728368722	5.56516561808412	5.33769547536257	5.09767095831698	4.88979685911421	4.6353241308831	4.42277343481752	4.25291781990653	4.06790093518351	3.8779722304434	3.72136978016513	3.59438973964271	3.47416153916322	3.34567011146586	3.27584822136361	3.17542817752817
120	Cameroon	4.59837628392413	4.52497158310322	4.38352755877448	4.2264493782016	4.06080531602296	3.91261750447231	3.79777399191929	3.6680633128702	3.53945706209316	3.41259157277748	3.33457231899395	3.22613547165661	3.14575882504217	3.06958076918616	3.00706268086569	2.95715928990486
140	Central African Republic	6.35628869456496	5.93029298570716	5.79530357337781	5.60587641219952	5.34455296902935	5.01551819067147	4.6585620077833	4.34975635779245	4.04686286390555	3.75961718625283	3.53505108847145	3.31694908940818	3.1681767720032	3.05216504606157	2.91119676999956	2.76780181098505
148	Chad	6.8758504045224	6.79058255913128	6.65452278799922	6.48321017788408	6.26564308354047	6.00478497781035	5.74632732400171	5.43598250199559	5.20647224199459	4.89320765128395	4.55796244067079	4.284136505178	4.02647434170476	3.75702572839908	3.57868915097805	3.43300360609323
178	Congo	4.73063388010036	4.5870990624318	4.44324909585815	4.31822296351558	4.17067449751032	4.01166807835705	3.85197272366333	3.73537031772266	3.61320038484139	3.52581289603642	3.44709587892104	3.35182192397158	3.2678919708146	3.19545640465286	3.11009232526905	3.02643040288018
180	Democratic Republic of the Congo	6.50886089822244	6.38179776244297	6.25113281584025	6.11013468538801	5.90992221239195	5.64054065762945	5.35567890039283	5.11133325248007	4.76904356602587	4.47451294792653	4.20984024366879	3.93514222084234	3.72064172572297	3.50716917142609	3.26144063342825	3.10427575828233
226	Equatorial Guinea	5.38779150526093	5.26014388968366	5.0643167772592	4.84683647806386	4.53828018254262	4.19679153888122	3.88893371089121	3.6310996495502	3.41937457962705	3.22566129632386	3.03536690728401	2.88410101757032	2.75943686911577	2.63609722584071	2.55892891379625	2.48615292604683
266	Gabon	4.04218148210903	3.92730228809528	3.79523608472181	3.65339386133661	3.53125625397412	3.40826165448724	3.27375035783802	3.16294570030347	3.07164641193839	2.9963197061586	2.90584482034303	2.84730217435727	2.79451812585573	2.73548684805967	2.66808846965354	2.62550425163931
678	Sao Tome and Principe	4.06160322863502	3.9530382869828	3.85037493755914	3.72046777877061	3.58714728008132	3.45401941980385	3.35567510305448	3.23432042865101	3.13653450551657	3.05971700348927	2.98806784773372	2.93442640086793	2.86342182415287	2.80325848617738	2.75506520622861	2.68895353880358
912	Northern Africa	3.11054542138651	3.05358236360396	2.95756335157212	2.87785019629782	2.80498500510212	2.75289880216245	2.73159219452862	2.70350194736742	2.65845824628826	2.61412345953431	2.58913981222539	2.55651892479288	2.54310647573334	2.52825009838038	2.49632177180398	2.45422538042775
12	Algeria	3.04392029579357	2.92873503226295	2.79058253250457	2.68547038878177	2.5618088432461	2.4603339020207	2.38905440471891	2.3476459428487	2.31371886835797	2.29212211518742	2.27002134844513	2.25696958110733	2.24801023200017	2.24520951639535	2.25491272305861	2.24223757287354
818	Egypt	3.01083044429043	3.05768771634886	3.02907516031194	2.99636808062291	2.95666775842167	2.87178460407251	2.80121086264652	2.7266082267317	2.67537094187058	2.61165016156223	2.56041658689975	2.51576088216309	2.45556626794437	2.42749782262728	2.40078560467658	2.36733188377857
434	Libya	2.75487613302582	2.56702944459963	2.43727959648606	2.32827135802723	2.27287991993324	2.23792476365736	2.21020229561594	2.20004229445894	2.18479414150178	2.17954714281257	2.1760733550027	2.18261733636947	2.17735903101725	2.17240833479337	2.17623846900704	2.18290141527216
504	Morocco	2.47362126418632	2.47066335974617	2.42280353523532	2.38243707870268	2.33236046501705	2.29582842065358	2.27202893986136	2.25189763096446	2.24298284990223	2.22059137854162	2.20729879493832	2.20209974623583	2.19229891750527	2.18630197357349	2.19300003928304	2.18419807386787
729	Sudan	4.99075196923458	4.83376065448381	4.66670364628201	4.50663466937696	4.34768542668183	4.18534849005275	4.06880236023834	3.92921054952977	3.77449646682486	3.62879875752477	3.54991070178993	3.46578105361364	3.39202502150398	3.29567391624307	3.19893471918155	3.10771019858301
788	Tunisia	2.00522328580685	2.04968679612702	2.0531455287954	2.05934383969466	2.06254265998561	2.06973458685063	2.07619771822912	2.07658366969144	2.08020085821703	2.08591269950738	2.09784058969588	2.10058219117832	2.1108278144927	2.10828070670587	2.10351177763206	2.10600319151232
732	Western Sahara	2.6844922346059	2.59859103683521	2.52760443592208	2.43700927445222	2.37973203221194	2.32250674769457	2.2863771877172	2.2595919261887	2.24350479820271	2.21987912296525	2.20527602533057	2.20288477288862	2.18353888826594	2.18997319331219	2.17101117849185	2.1743713849899
913	Southern Africa	2.56230351841791	2.55792841429001	2.5188710617356	2.47026836513901	2.41639422986706	2.37488555574978	2.33926661054755	2.28721369583597	2.25491253912594	2.23069699612682	2.20341882705108	2.20138435683736	2.18891398056565	2.17511498183228	2.18201990661103	2.17946876458796
72	Botswana	3.07467321327474	2.99196792810628	2.89769793805474	2.81092943560993	2.71746458870967	2.65726394166555	2.55468295424158	2.49374070100297	2.42624725045927	2.36599450902042	2.33171631085374	2.31458827910877	2.28175264869978	2.27169655732834	2.25483666461876	2.2523837308878
748	Eswatini	3.20209732166948	3.0935382658099	2.99391792204748	2.88695078157133	2.79572116928491	2.7302692041902	2.62180247350706	2.5399120883448	2.4921536087985	2.43923451621511	2.40580809665438	2.36185509750285	2.32999676241839	2.31036222244779	2.2848913228385	2.2843999539511
426	Lesotho	3.02702330510251	2.99024595348996	2.93518306168502	2.88273278640977	2.82488406261144	2.77384618322623	2.6890177940339	2.60978347559276	2.53630337606464	2.49593166271115	2.45849299013974	2.42766117283391	2.38204240207744	2.33664015277214	2.31829126234056	2.28587161739902
516	Namibia	3.77891992593792	3.66446922955117	3.54383648352432	3.39358785162234	3.27335082704725	3.17072186265519	3.08214293548662	2.99261481447023	2.93335898456729	2.86472863745419	2.80405442454493	2.70834337051203	2.63220160842077	2.58869911820134	2.54680384050625	2.50971394337552
710	South Africa	2.48631424883005	2.52125658199834	2.48817429764945	2.4507331173145	2.40880549930751	2.36545312895833	2.34306388820013	2.29560656395188	2.27314369967823	2.25878473059175	2.22424705235428	2.2226896194345	2.21886285363535	2.21191461224278	2.21049477289759	2.21077304141521
914	Western Africa	4.58704541222361	4.40485166397789	4.13210240788272	3.90442095876174	3.67325066171189	3.47548417410384	3.31512272933231	3.16958352199453	3.03484947610753	2.91319140661767	2.79977728329866	2.70528775041241	2.61906463449076	2.54668053273367	2.49209782322985	2.44308710061553
204	Benin	4.98196295733128	4.82652097386253	4.64071853412468	4.46736167270308	4.26212966108308	4.100290092908	3.96674687646639	3.81431327438358	3.69833016444482	3.62285835809908	3.49814207279501	3.37423511899567	3.29900035581702	3.20098032530706	3.11504572889433	3.0480350973721
854	Burkina Faso	4.59657003873032	4.4227366419533	4.20301129961911	3.98943902232453	3.81375193965369	3.66395844871174	3.5014747648556	3.37997233320213	3.24051475549573	3.11663177855829	3.03871254440633	2.92173182381358	2.84042596057363	2.77315307891568	2.70293994476587	2.67414968531842
132	Cabo Verde	1.67608343030296	1.73158244978621	1.7622117317699	1.79531211905733	1.82246100903495	1.84561493994697	1.85074696109351	1.86653934980538	1.87650172072705	1.9019506484183	1.91096019284593	1.93158818823179	1.94342254019594	1.9487364538982	1.95631529515483	1.96414645162284
384	Côte d'Ivoire	4.6619179592851	4.57683923530794	4.43917729659205	4.29757223592732	4.13847338382678	4.02130182499219	3.88767389310697	3.77358854491512	3.68672846227262	3.57065120740628	3.49180845719826	3.39868134983011	3.31319384255217	3.25709883778678	3.18267586674198	3.08629772141153
270	Gambia	4.51255790562198	4.31534558746251	3.99927529947888	3.72898256554558	3.48465049143005	3.28996617143936	3.13475963087067	2.99104861637401	2.86361436218371	2.75450236304336	2.68148952776364	2.595456750796	2.53384038904215	2.4651387960193	2.40381044550826	2.35503696496823
288	Ghana	3.74153139954976	3.6984532586656	3.62633315252642	3.53870394300407	3.43912754103961	3.34987586960247	3.25027222968842	3.16021201317368	3.0699371866486	2.97551795815993	2.89565983105489	2.82942891889796	2.77210460536762	2.70840963525411	2.64290673693851	2.58067603689925
324	Guinea	4.70490564406685	4.52867244664001	4.31941243901966	4.12729994666288	3.89926688786084	3.73962709169144	3.60035787167746	3.46591334348879	3.34577016619104	3.24675792517383	3.16158152380362	3.0780834210349	3.00786768800385	2.921887352612	2.82784970140965	2.74823938524465
624	Guinea-Bissau	4.34263518158011	4.18335475538477	4.01419795585722	3.83968006963676	3.67961306023949	3.512891640586	3.34988964262087	3.24555116196817	3.14821202671159	3.0569846636555	2.95886534701018	2.90579261105031	2.82175657155767	2.73976403759619	2.66314116608051	2.60973353702363
430	Liberia	4.40217746785211	4.25764696494815	4.09295478285845	3.91517774533821	3.75920238019177	3.5959761085588	3.47246569587213	3.35208164890705	3.27525139850593	3.18358533638363	3.11488462357055	3.04641470270094	2.95653332921285	2.88675671411271	2.82728534559006	2.7496767548086
466	Mali	6.142618950865	5.96964221086411	5.74081853025645	5.51139514903892	5.22426653401436	4.92651512112789	4.64758803504351	4.40441181746632	4.1046193163297	3.87852958414253	3.67539159712232	3.48014870131033	3.31921455116751	3.17519402135229	3.06168272343397	2.95118789223649
478	Mauritania	5.27587577765424	5.10015449843405	4.92914961492662	4.74177669568073	4.53194614368997	4.33578646786722	4.16920390640665	3.98688113050261	3.80732403737957	3.64961260421236	3.56229466952121	3.42461947673184	3.30885513564468	3.19692716950247	3.11193989870248	3.0291541624398
562	Niger	6.35992086819716	6.02499824609597	5.59404108930235	5.18993359789455	4.83675185759923	4.54674742069844	4.2978071017691	4.03453329220624	3.80254608594938	3.63645475326828	3.46446951445629	3.2782851526074	3.1329872784205	2.98871088834503	2.89332251646033	2.81237403430142
566	Nigeria	4.91015640729229	4.72740606244155	4.49276692688202	4.24170258807349	3.98309270315138	3.77108765964964	3.61999872916086	3.43796913975692	3.28070676636685	3.13031710359479	3.01633218096291	2.93274678726195	2.84010448288318	2.73847250475043	2.66916253407295	2.59530204653895
654	Saint Helena	1.78063689097312	1.83730632329098	1.86511627469426	1.89675114899926	1.92212046518432	1.94221460474237	1.96117569189366	1.98486984384207	2.00349548478204	2.01690210592546	2.00819164890098	2.01722768489657	2.02306428831935	2.03961813099549	2.04963220578304	2.05468430391529
686	Senegal	4.21464578901984	4.15114999096749	4.06614463171633	3.97076254107765	3.82578760936289	3.70063549028895	3.60442875363354	3.51502986851743	3.42252971960324	3.34167249990958	3.26640603378161	3.19772679896376	3.08953553711327	2.9714277439017	2.89261776077348	2.83434627417613
694	Sierra Leone	4.38594635657269	4.14740818795668	3.9068890088861	3.67241763173974	3.46948879833916	3.30523367848187	3.15164144277148	3.0493532953444	2.94599662050198	2.84709303217521	2.74696196329154	2.68921674710646	2.60348182813253	2.53387068279976	2.49138072317171	2.43030024239967
768	Togo	4.68983972421043	4.55571146879286	4.42790464176636	4.31326012035176	4.1734923744795	4.01235730586588	3.89378287403595	3.77726447916582	3.6568561831756	3.55100320655183	3.45580494102388	3.37250348761714	3.30058621821597	3.20311283869546	3.1190263468206	3.03509419222758
935	Asia	1.974674516563	1.97658317312286	1.96603548704711	1.95409275124454	1.9692572441589	1.99382334842518	2.00550022722287	1.99369337241904	1.97679976151004	1.96390252041862	1.95759854055592	1.96169778060016	1.96919799273728	1.96690831162601	1.96351647133125	1.95420202268371
5500	Central Asia	3.3189637285462	3.25350288934687	3.12402199392514	3.0208284281264	2.92989665570879	2.85575581680869	2.78394574044502	2.72316054059941	2.65674700119674	2.60958961619745	2.55513472989381	2.51499850728273	2.48224573923769	2.44751145498062	2.41185007894896	2.38684140639909
398	Kazakhstan	3.26643595104908	3.27112419644621	3.25123861913268	3.19773932753162	3.14583092159559	3.06892769876779	3.0199588376736	2.96692614048338	2.91993630886686	2.86816511050194	2.81859976414083	2.74421871721131	2.69740484709731	2.63232694938811	2.59595798969317	2.56633028881042
417	Kyrgyzstan	2.99238273206864	3.03041783350138	2.99399730231747	2.95531601890683	2.91759798458401	2.85751599976734	2.77826784911238	2.70794427544821	2.64849020515583	2.59862475339473	2.54155773215834	2.4866942972425	2.43595094862224	2.39253937930453	2.34958837245681	2.32153771018154
762	Tajikistan	3.48098522285072	3.40090435630872	3.31246170312943	3.23196882730191	3.15804764634372	3.06700313517556	2.99696292729317	2.91973456988431	2.85471212090421	2.78740490640265	2.69384033979191	2.59732434762509	2.55843284131143	2.5049951264514	2.46059113516193	2.42878852156815
795	Turkmenistan	3.04509545991038	2.98812644264466	2.92429566823821	2.84811039996398	2.7865373350003	2.72683219736	2.66507046430508	2.5818420098152	2.51747190039136	2.4660228352695	2.44885725435439	2.40889502373781	2.38692345874901	2.33582730422056	2.31145604388611	2.29239404583716
860	Uzbekistan	3.53058695204407	3.7238606694196	3.63447998976803	3.52147879464353	3.39598704721983	3.29077640989337	3.19289220768472	3.07131705427531	2.98754873169999	2.9275636622209	2.84934682726168	2.78540912198906	2.72501540684399	2.67530273997163	2.61280939635357	2.56227515367042
906	Eastern Asia	1.17266437275356	1.23076351396147	1.30484199020073	1.37412688325351	1.41904025974849	1.47007283169558	1.5110038728283	1.54453581483829	1.58146976593415	1.60792520549535	1.6274249303276	1.64706249560001	1.65456447168437	1.65776067605546	1.68016520536762	1.70011926519741
156	China	1.19111106962843	1.24067609245477	1.32144703871199	1.39483049262262	1.44803406976134	1.50267338981464	1.54387182730754	1.58345175657511	1.62080729097293	1.65212993481946	1.67699636277422	1.70682392216566	1.7183393451297	1.73073513763191	1.74921420131933	1.77607852040547
344	China, Hong Kong SAR	0.804469387650885	0.922441364432347	1.03274689448684	1.12125515028003	1.20582077150078	1.27293031722803	1.34015218946718	1.39152154444226	1.43283367542004	1.47660801093607	1.50764128641929	1.54993319380045	1.5764515108566	1.60265003884039	1.62262925832487	1.64555143581678
446	China, Macao SAR	0.799340091960337	0.884381391580228	0.984954299954081	1.06560191875119	1.14369943780484	1.21022656662365	1.2650069813169	1.31496275679142	1.37054700548122	1.41488294875461	1.46287913014245	1.50888026979457	1.53359345677037	1.56783922597822	1.5893686068841	1.60752929087319
158	China, Taiwan Province of China	0.997369006343824	1.07595346624062	1.16932821545409	1.24910623438208	1.32650014859312	1.38880999429138	1.45438019229421	1.50609288706945	1.54521299979629	1.58933663090014	1.63052841331056	1.66515058260218	1.69282974231625	1.72793808698316	1.74591570394775	1.77148759874862
408	Dem. People's Republic of Korea	2.16383629708741	2.16386094760064	2.13939054503851	2.11969056432602	2.12640114584746	2.10760085159438	2.10040364594739	2.08980069776562	2.08150730124083	2.07060335402569	2.07948691545208	2.09149593932813	2.09619663375117	2.08900167225622	2.0692072206754	2.08189268782429
392	Japan	1.29805278594906	1.39563556198914	1.47855873602183	1.54230166305133	1.5943045150615	1.64024860187214	1.67963743240365	1.71273766964967	1.74515536749135	1.77970760680585	1.79707717341209	1.81956425176891	1.83819687430945	1.86179673220638	1.87589745139845	1.87859824441304
496	Mongolia	2.8684109926818	2.79530624487873	2.69794397553313	2.59001771066907	2.50092395790232	2.43123947262761	2.38923298767145	2.34907645959649	2.31073508259335	2.29246713502987	2.2732481585303	2.25931334050481	2.25651614221924	2.26016305043958	2.25187830905142	2.24192599983319
410	Republic of Korea	0.840006023414208	0.954863281760974	1.07670891349745	1.17817185813054	1.26652836798642	1.33800542099947	1.41463650736139	1.47408230699115	1.51891532555548	1.56422207035124	1.60218121163017	1.62836683505951	1.64775315060715	1.67444367473512	1.70656468675024	1.72046420273129
5501	Southern Asia	2.37497550920724	2.36260001064621	2.32999000879852	2.29501328192987	2.26744358082301	2.25747587454885	2.243588671205	2.21528021760926	2.20115537009439	2.17978489515306	2.16986699980971	2.16159728954288	2.15708925760087	2.15009345700692	2.13840410888112	2.13499826037734
4	Afghanistan	5.42325612517301	5.13686194640903	4.87542270898481	4.59914590676149	4.37170384299378	4.14309281940665	3.93293405657263	3.79432230025192	3.65716244956865	3.52977747119921	3.39122300301181	3.26046189836693	3.14135985872207	3.05500096615417	2.95269651879618	2.86491094930117
50	Bangladesh	2.29141444275616	2.34101679846317	2.31377925989903	2.2680855063349	2.23641565406272	2.21058675710961	2.19526727221365	2.18768533077454	2.18418192348527	2.18140022754097	2.18348724091285	2.17228082198361	2.16860215609144	2.17150173775759	2.17159582240357	2.17809454793221
64	Bhutan	1.57213063144563	1.65850956789309	1.70264900627723	1.73332344912168	1.75987717561238	1.79412807626718	1.81874035977199	1.84704724147663	1.85382184030115	1.86754847539995	1.89021600134521	1.90751943224293	1.91959793709352	1.92388630678095	1.9372928785087	1.94939789797889
356	India	2.15664230282438	2.2150590529719	2.20534404907843	2.1837136207272	2.17899829803341	2.17467257970054	2.16606555534379	2.14508215415622	2.13942009641397	2.13448573641642	2.13140481568254	2.13380092207806	2.13940055675087	2.14029922528599	2.13600050765969	2.1488976544583
364	Iran (Islamic Republic of)	1.84087072930708	1.90489533068388	1.92748985347429	1.94867679428934	1.96904189907029	1.97891112011202	1.99455636954535	2.00160466246536	2.00869988606819	2.01639860814874	2.01979006136089	2.03099531344987	2.0300017868192	2.03588854651493	2.0533834399553	2.05539775915446
462	Maldives	1.79571367231582	1.8413055404029	1.86220471799849	1.87969647702575	1.897824619112	1.91496520315367	1.9373009231647	1.94463820859274	1.95137842976846	1.97078530642281	1.97961959759327	1.9876572840692	1.99287171706391	2.00899774622549	2.01442745427062	2.02697656115101
524	Nepal	2.16347280142455	2.17939779366975	2.15810321522475	2.1451618173848	2.13225606393891	2.11343172522683	2.12082238966904	2.11236547681068	2.10870354310075	2.11159292004003	2.11172336196743	2.13132269830765	2.14289537883766	2.12599573199167	2.12609463227342	2.11479898148475
586	Pakistan	3.85905860532664	3.79987732172121	3.71374944262079	3.59889441124357	3.48776423148712	3.38702530708295	3.26296151370845	3.15116128205046	3.06743952413184	2.97925836761792	2.88450991854982	2.81971200920412	2.76512624992767	2.68787409663404	2.61773444991945	2.54779588881959
144	Sri Lanka	2.30051691192306	2.29057034768286	2.26144736053979	2.22832021778893	2.1957130392732	2.18247118016271	2.15495058856023	2.14337220678475	2.13881674384618	2.13848548067641	2.1302085263559	2.12219114789371	2.1153960772547	2.1168129561364	2.11430216202177	2.11509679158001
920	South-Eastern Asia	2.0469888751662	2.03471642388866	2.01447617609265	2.00597666923487	1.98947603418026	1.98037185308437	1.96508742577472	1.96420032256679	1.96440163166829	1.96279973418255	1.96310129535363	1.95759957246248	1.96339909618875	1.9533024974867	1.95279767292167	1.95709946313383
96	Brunei Darussalam	1.90256889331325	1.9494701138599	1.96945579541075	1.97750549045003	1.98604262643143	1.98796558904406	2.00042873897813	2.01177801581918	2.00568351363625	2.00498228399948	2.01444158748193	2.03082894270705	2.0415061912352	2.05413133857265	2.05733237094602	2.06198710565075
116	Cambodia	2.85374404309889	2.81805987836746	2.77046717684901	2.69588325547714	2.62750213919575	2.54712895947121	2.48851149045346	2.429141304293	2.37424402117526	2.36061237345744	2.33213232553873	2.31528582558024	2.30116759011143	2.28869500647577	2.28530797964277	2.27709324207862
360	Indonesia	2.34765205196245	2.38748210093468	2.36246325227812	2.31772515694475	2.29011890141321	2.26486639532729	2.24344971938555	2.22710769508521	2.23059440667645	2.22029782338003	2.20286807034133	2.18340609405753	2.19090109243635	2.17738647879108	2.18020418991303	2.18369698762424
418	Lao People's Democratic Republic	2.80019789854488	2.70113115006045	2.60555913255843	2.50763438638266	2.43462256362463	2.37394739325029	2.32373427204433	2.27639462248401	2.24904562749582	2.22503611211387	2.21800093876599	2.2094556263949	2.20157548297718	2.19019422025188	2.18598728558861	2.17227935800147
458	Malaysia	1.72517543567561	1.78656951485217	1.81468478816487	1.83603945003487	1.86314885819479	1.8814602683947	1.89425582038485	1.90383233247986	1.90836137661845	1.92717638502521	1.93982179163858	1.95360667655437	1.96219658932075	1.97164930162718	1.97181620425485	1.98061240804019
104	Myanmar	2.44132676804719	2.43132935840764	2.38303624006614	2.33695692929323	2.29912337548183	2.26984257195671	2.24178004741221	2.23525049995388	2.2190920822741	2.2125848011493	2.193192919355	2.18819859458832	2.19780257364823	2.18930030748021	2.19090254555808	2.19939231914773
608	Philippines	2.12390938448487	2.15309108670892	2.15498955476959	2.15291312200151	2.13885062085494	2.12735033677336	2.12321175480471	2.11557135094245	2.10341444139011	2.10439324360549	2.11410544679508	2.11250219587832	2.12511858400767	2.12780182775946	2.12679904615494	2.10820603553863
702	Singapore	1.00561056154512	1.1468528654614	1.24492751716316	1.33060416696415	1.39529380355072	1.46415146041097	1.50952678652232	1.55377248053503	1.5948811870975	1.63210383656633	1.67786386386935	1.7035467136098	1.72936894260996	1.7577215787234	1.770015051682	1.79255091996052
764	Thailand	1.33985136441346	1.42223979968464	1.48362614049577	1.53800139892511	1.57877972410208	1.60856425991006	1.65086232011751	1.68291853807422	1.7165589398635	1.73892356961271	1.76668891866871	1.78125296427336	1.81207579774394	1.82625386925818	1.84149625244912	1.85899590517477
626	Timor-Leste	3.24151830733453	2.98591608857719	2.81472642429872	2.67458842574773	2.54917674850305	2.48236077764196	2.41187337688777	2.36035422999082	2.32442294103015	2.28845253800853	2.26629976595025	2.23161417327919	2.21918530535272	2.2099177725837	2.20961145981678	2.18488994627523
704	Viet Nam	2.10201617365527	2.10224962806117	2.0864646478444	2.08912906181872	2.10280817894706	2.09600728668597	2.10590449974008	2.10850271236858	2.1068001531229	2.10859969495223	2.12059740551357	2.13849980427706	2.13419818268072	2.133597839514	2.13320061416639	2.14170018939129
922	Western Asia	2.68365003780332	2.65187517523277	2.5835012290902	2.52100338059743	2.48418195364186	2.45594602547399	2.41373803407697	2.36549488629225	2.32037285262296	2.28655316689621	2.25101013368156	2.22682914094748	2.2014229901814	2.16944493069239	2.13293107673049	2.11443199648626
51	Armenia	1.85829722665719	1.9312908317024	1.95632403108343	1.97652937325372	1.99562079816852	2.00199885630789	2.02201780462121	2.02776645142591	2.0418552391646	2.05527630992316	2.06674180387767	2.070365573938	2.07141668707088	2.07213233648743	2.07678148337946	2.07955252989253
31	Azerbaijan	1.81271087655222	1.86329104233615	1.90510673796014	1.92697005251138	1.94871183043901	1.96311621145897	1.97601544081188	1.99320343475496	1.99940339981905	2.01550961171825	2.0207146785726	2.02379899548171	2.02440021963194	2.03429874286143	2.02889717164388	2.03320170280769
48	Bahrain	2.00474871101021	2.04461501539579	2.04394184152813	2.04483192264111	2.05446999290312	2.05205913909001	2.05511738065954	2.04851051885669	2.05376480967675	2.06528791716293	2.06297331706373	2.0744192648505	2.0756108597239	2.0668644851426	2.06693815956532	2.06530590788434
196	Cyprus	1.48439606380066	1.59595757848473	1.64074794841517	1.67441302110116	1.70586917989717	1.74438535603963	1.78495655131271	1.80804739989717	1.82497181896391	1.8429798533422	1.85473329787454	1.86553365026493	1.88599164443172	1.90866922142205	1.91111884434793	1.9226590835478
268	Georgia	1.99557899526868	2.01993870353183	2.03958863035366	2.05422388676544	2.06779599250291	2.07214685183316	2.09070826399422	2.08849682354123	2.09567278145239	2.10823201072918	2.10503674289621	2.10498933499662	2.10642633759029	2.11096036724316	2.12082161604287	2.12505440212155
368	Iraq	3.70899174258026	3.62871182264532	3.51327404380539	3.41861224986904	3.31930283301376	3.24285141655327	3.15444816862666	3.06572916070687	2.97663610875805	2.9210480922368	2.85821554579412	2.80448658078837	2.73045458030837	2.68625174434417	2.61448529423158	2.56500788535676
376	Israel	3.01005045158436	3.04027626565554	3.05549811671898	3.02723013888987	2.99983305915372	2.97527026814661	2.93125773209131	2.8635443344442	2.82400458236235	2.7774532654709	2.70721325870519	2.66738348244474	2.63451958650756	2.57856612637792	2.54369649643493	2.51890398256164
400	Jordan	2.85169976646577	2.83170296642936	2.78243819079348	2.72964340964862	2.64698024399491	2.57855400845799	2.48805436770804	2.42354767273356	2.36562576252647	2.32869283612206	2.29808901282877	2.27021079167848	2.24886903237544	2.2313871937858	2.21968079236236	2.21173106055765
414	Kuwait	1.82214153830587	1.7772392282025	1.80923270629038	1.83093231666138	1.84482655089864	1.86374167096056	1.87636730181525	1.89823101533451	1.9212269221573	1.94130847194488	1.94592315102774	1.94855862346458	1.96115581103329	1.97086642669196	1.98897426243477	1.98952857780964
422	Lebanon	2.63855244053025	2.59387189268079	2.5425714946768	2.48000845382415	2.42863923304543	2.37977831906164	2.3400594555978	2.30352449058541	2.26804528072315	2.24705394254875	2.23276937769859	2.21741362122598	2.21209583937705	2.21279535928612	2.19959501353825	2.19058061550186
512	Oman	2.66495978003895	2.70435579047658	2.59192710092277	2.49775143600166	2.42417185885624	2.35721254230564	2.31618666543892	2.28205460367262	2.26524186099856	2.25301213906386	2.23553760223368	2.21948671247364	2.20790862633081	2.21567461893129	2.21180084800807	2.20580579132504
634	Qatar	1.85560256453406	1.94797935620615	1.95534585392331	1.968764638803	1.97896525571389	1.98529943428012	1.99053501543977	1.99341686902081	2.00221151229361	2.00194859291576	2.01074191944437	2.02674077126431	2.04568157702128	2.05342413475399	2.06057747075843	2.06526319594691
682	Saudi Arabia	2.37765147660643	2.5354428856328	2.49787202742476	2.44336650090644	2.38172723573039	2.32805862310853	2.29172805473752	2.26328896650939	2.22714154057736	2.21543021617092	2.20287614171592	2.20809857156304	2.19341984224378	2.19589319926435	2.19668965529245	2.1876316544065
275	State of Palestine	3.75734137749211	3.5912233352949	3.45818578346585	3.35380290384428	3.22151049189347	3.13543305137052	3.02664729767707	2.91910231579278	2.81967497391498	2.72833114809341	2.66882837985104	2.58580355342613	2.51173130955397	2.44214361716623	2.39542024014379	2.35730272757981
760	Syrian Arab Republic	3.36901517834932	3.19929912821342	3.04599001031086	2.92181506039784	2.81033242440077	2.71275957195013	2.62595831075346	2.55350154191646	2.47365573027766	2.4078147511951	2.36078630051765	2.32098091499422	2.284522343688	2.25686594841728	2.23976748085501	2.22554064759852
792	Türkiye	1.77092468223449	1.81174264558061	1.8478980433566	1.88019284709799	1.90816487329543	1.93622602609344	1.94861182059791	1.95740712822833	1.9644016235449	1.97900228831214	1.98899650834278	1.99368551150446	2.00619505472212	2.01367842257046	2.02529321478268	2.02520556351831
784	United Arab Emirates	1.35567166795661	1.46363890958831	1.52144876867754	1.57437039638596	1.62263331897158	1.66021277134963	1.70064339092335	1.72539039586795	1.7640811583165	1.78539468020823	1.80336137957913	1.82177335138045	1.83110886932177	1.85454449233325	1.86778975544347	1.88177866255452
887	Yemen	5.22346955495946	4.96710676474341	4.65240125091423	4.37875440200695	4.13287589423816	3.89158423259876	3.68321759578898	3.50832248281188	3.33105719877009	3.17710347952028	3.06059982413529	2.94674458799982	2.84863653553515	2.76814766762519	2.6645517759897	2.5724725246152
908	Europe	1.43833381668576	1.47267621359676	1.51997047250097	1.55028511250484	1.57238311898474	1.59128248383206	1.60648416178253	1.62586174568461	1.6425801306197	1.65688182986052	1.66768482075014	1.67689236429258	1.68499591835474	1.69949594063481	1.71039800668663	1.7254994107907
923	Eastern Europe	1.46133482255419	1.49413784593919	1.54102960151139	1.5822463505872	1.61444819553929	1.64954995098452	1.67327481042256	1.6891793100614	1.70715423165973	1.73125892740868	1.75046509453683	1.773573594448	1.78266919021579	1.79258111350812	1.80689904655882	1.8228928802463
112	Belarus	1.4232270182586	1.442222323385	1.51963762829388	1.58358429124822	1.63329413403334	1.67753756875414	1.7205577602843	1.7429459567135	1.76681227855412	1.78898666681451	1.81870703066193	1.83786193568515	1.84966850233568	1.85671116653558	1.86356787126492	1.87596684492707
100	Bulgaria	1.75269150929777	1.89220025920594	1.931916069061	1.94781238417263	1.95377406755372	1.96487323002695	1.98225760617172	1.98978322102191	1.99924647742635	2.0067009043876	2.01597784994243	2.01738995031025	2.01818530638793	2.02708654808581	2.02988562031544	2.02760965692147
203	Czechia	1.64511009287972	1.63621835443328	1.70805858108315	1.76316693639876	1.80009290018429	1.81899693752831	1.83958976486521	1.85817852861274	1.88008366048	1.89229969454143	1.8885999262662	1.89889640553379	1.9054027003444	1.91060218688139	1.92061639440221	1.93130145782311
348	Hungary	1.58920748737105	1.65869169010799	1.72032418919353	1.76253796348672	1.80055976096046	1.82206654915286	1.84898223584385	1.86438085869454	1.8845807806401	1.90048246021834	1.9061779272493	1.91639807069806	1.92169986810377	1.91849931101144	1.92820013446821	1.93079392168353
616	Poland	1.36316106842607	1.47858230101499	1.55927963336421	1.61982019026924	1.66301808161936	1.70302206834522	1.7256126452777	1.76023616702994	1.78500760237193	1.8051239122426	1.82307789193028	1.84098313925684	1.84621481363403	1.85531972725295	1.87673993587701	1.90075322986016
498	Republic of Moldova	1.79522940042232	1.88264656277989	1.92343568690573	1.9495653996559	1.97357463626803	1.9844927765291	1.99887370442135	2.01520168806288	2.01489735911059	2.01931591355615	2.02439046798193	2.01769158676513	2.01880166336762	2.02590936348446	2.03572372923869	2.03260368043512
642	Romania	1.79148907675801	1.86403342800667	1.89757495679017	1.918680328234	1.9392845191035	1.94386086807564	1.95710388984346	1.96315861387199	1.97978866633503	1.97951109396699	1.98000404626967	1.97799016129028	1.98970555492068	1.98240821437712	1.98429885500037	1.97849790748028
643	Russian Federation	1.53177092873679	1.63116346348013	1.69817275038834	1.75159436975206	1.78359731040461	1.8145920347843	1.82789365740897	1.84319652708185	1.85989143763356	1.87679587024521	1.89389761714623	1.91050335153607	1.9151094242463	1.92221774843833	1.93010168805295	1.93900536649733
703	Slovakia	1.65647758630411	1.73917028800337	1.7852650415417	1.82325674429199	1.85095516774499	1.88038329150797	1.8960614101749	1.90716230589378	1.91816904214347	1.92836930851243	1.9379661694089	1.93980205106101	1.94766517953637	1.9620598419151	1.96678203459898	1.97799033130321
804	Ukraine	1.13103535094892	1.19525466797651	1.28097041320373	1.34701115220734	1.41616789759993	1.47280320842483	1.51631183288543	1.54945500714352	1.5764088893218	1.61727285716391	1.64486969642766	1.66686880202904	1.69479807844449	1.70422858088137	1.72994647734967	1.75217568276581
924	Northern Europe	1.62134711087515	1.64428592509439	1.68187723555752	1.71246193155221	1.7369381324051	1.76146866356528	1.78393287010952	1.79701410942746	1.80512622762378	1.82061329518646	1.8369333439688	1.85072358228341	1.85688483536237	1.86633195435513	1.86319743137068	1.8700229077789
208	Denmark	1.63910569441877	1.68187857581688	1.74359371832801	1.79254574635947	1.82163435627526	1.84332087414937	1.86712869111991	1.89050395656325	1.9124119511421	1.91679950070853	1.92470138730352	1.9314208632174	1.94120269953399	1.94061153652183	1.95749020226766	1.95410566216992
233	Estonia	1.49461892193539	1.55472186178652	1.64445458518968	1.70418606926517	1.74439006743847	1.77020286351486	1.79580246300597	1.82010086555801	1.83859717994135	1.85110021129128	1.85290095175819	1.86149827654992	1.86069287154002	1.87200256616437	1.8734999457131	1.88650447980465
234	Faroe Islands	2.38800921241813	2.43935262532949	2.43666906176548	2.42659498083977	2.41799115696188	2.39380630483074	2.3661744920718	2.36669235060635	2.35028171885964	2.34803734658046	2.34058548454885	2.34301211729929	2.3333313344644	2.33275974292164	2.32447846367538	2.31561244586201
246	Finland	1.39069639675953	1.46581966600019	1.5494104696438	1.61511060204573	1.66591810024841	1.70471753755824	1.73131813192616	1.75711266857063	1.78073332273146	1.80592549597322	1.81982420398674	1.83510544730965	1.86012466381082	1.8717113892577	1.88500897850305	1.89311142605106
831	Guernsey	1.50376794277995	1.59395750936211	1.65021290120089	1.69923896865975	1.73123073153219	1.76621736783957	1.78380439533207	1.8062892396314	1.82990390953405	1.85371560650679	1.87290643936424	1.89210212827695	1.91512952149028	1.9277014312019	1.93792583572809	1.93968674418044
352	Iceland	1.68589125521699	1.70559027191902	1.74921713596243	1.78614418614156	1.82285446478025	1.84151418876228	1.8558262434987	1.86942800290019	1.88401426178694	1.90461850556274	1.91620920900113	1.93060513170812	1.94651113783543	1.95929616990936	1.96930381021884	1.9831244776454
372	Ireland	1.69741054306211	1.76407455810265	1.81972435155048	1.85723576615676	1.89520926558795	1.91567480348761	1.93276593138621	1.94304850299983	1.95475381967412	1.97040695847191	1.98460525220244	1.98600785340609	1.99695356600099	2.00819904172937	2.0112418162532	2.01128495607526
833	Isle of Man	1.71688326856484	1.78469421483819	1.80446127153954	1.8362069297822	1.85046156475951	1.86991158188578	1.88926019228967	1.90790380880557	1.93021735819299	1.9418833736817	1.95206854167839	1.96068661453391	1.97217970592988	1.98692922762845	1.99888519911976	2.01679976069978
832	Jersey	1.48263841382662	1.57917329435135	1.64312261245505	1.68989268113329	1.73322178058094	1.7662402462966	1.79522865460156	1.82151460079988	1.83383228413373	1.85061711055249	1.8637329675045	1.88360916441239	1.90024059918818	1.9094944439791	1.90931762943599	1.92372404244086
428	Latvia	1.48501771122769	1.51318186781051	1.58247406775859	1.63430420544343	1.67439982528828	1.71346694964694	1.74848688250008	1.77837471554386	1.79619385648336	1.80979151987491	1.81829135264135	1.8390879245078	1.84339931190049	1.8527058461862	1.86668758591976	1.87469875787305
440	Lithuania	1.33039002833857	1.38803629632119	1.48229329486276	1.55514801153639	1.61085724156211	1.65097328141619	1.69744315915264	1.72194490016167	1.74865257524354	1.77047463955196	1.78566675480919	1.81027852190476	1.8262663047366	1.83440911008244	1.84584813666255	1.85778210110361
578	Norway	1.49738274855702	1.57753249905659	1.6487926633822	1.70215238053796	1.7470077763844	1.77806178934631	1.80357535150897	1.82266045126799	1.83783401397181	1.8536490129058	1.86339282474102	1.86936780615049	1.88485087343452	1.90666409322056	1.92224168137101	1.92090920702368
752	Sweden	1.57828940079548	1.60293840720771	1.67415659972993	1.72911630180693	1.77367756823137	1.8012648275368	1.83146257905642	1.85514973297968	1.8691075504734	1.88104144762521	1.89903049801162	1.90462532652314	1.917441413287	1.92979060777101	1.93253700196359	1.94493267534535
826	United Kingdom	1.66837326394705	1.7621479259961	1.80833624000011	1.83708740843949	1.85696267086937	1.88577527145212	1.91107402054435	1.9254446868449	1.93343890900445	1.95212734745264	1.97244504344722	1.97782673306958	1.98608954059279	1.99883379124189	2.00521717220416	2.01481863528208
925	Southern Europe	1.34499308255246	1.38516536062155	1.43266849475673	1.47547320684797	1.51076597895242	1.54346306126209	1.56916289065187	1.5917523770265	1.62014770701588	1.64385814105908	1.65338180058168	1.6719784613344	1.69169346042905	1.70729920872123	1.71439544894009	1.72090013701796
8	Albania	1.47435471452026	1.55948213664455	1.61191871918996	1.65221982463948	1.69552132198006	1.72620603612904	1.74702371285519	1.77791863645764	1.80273373859293	1.83581312354451	1.85112351905347	1.8668393233565	1.87629830150575	1.89120481597137	1.89352876728617	1.91493005594588
20	Andorra	1.16933262895549	1.29975754985519	1.38607586737245	1.44891318823146	1.51320517877445	1.56430816229429	1.60162959507652	1.63211088840295	1.67178537718913	1.7060888528534	1.73220947312354	1.7586633437619	1.78020943275466	1.79750390633798	1.81293002192869	1.82357955982584
70	Bosnia and Herzegovina	1.63396615193982	1.70043482718302	1.75969098295366	1.79029626312273	1.82876246642498	1.85876457263341	1.87727770860334	1.8893623228258	1.89749245054599	1.909375682256	1.92117175882956	1.94089421172468	1.94918347286151	1.95360503314624	1.95120898147979	1.95818161576804
191	Croatia	1.6130901068366	1.66582138896135	1.72562280141153	1.77095308225517	1.80984281734143	1.82528112549043	1.84725227322559	1.86425891018964	1.88476421432619	1.88927952703744	1.90696721154724	1.92767768944415	1.94679036228452	1.95819070419982	1.95279202264686	1.96478548219671
292	Gibraltar	2.05135038538008	2.08520651873676	2.11819570648918	2.13024498989698	2.13899511922554	2.14785372213585	2.14861496844518	2.15555900647683	2.16240681075692	2.1590996464743	2.16127604609128	2.16226871121003	2.17106123337612	2.17873368444622	2.17446562251424	2.16870898397603
300	Greece	1.42530786070234	1.51666237736709	1.58087631460646	1.63768068010384	1.68358743993661	1.71297913186829	1.73597667495693	1.76861609312174	1.79507415859931	1.81624142738137	1.82929249551789	1.8471922803246	1.86610247619467	1.8774004629403	1.88990515296271	1.9059924513351
380	Italy	1.27873628034469	1.38797234488764	1.47509504596537	1.53993722419733	1.5821233806983	1.63151581159524	1.67206215657702	1.71032377194856	1.73039340152864	1.76106077707305	1.78096002061019	1.794470539286	1.8132679291636	1.83239004274973	1.84368808543944	1.86267459581253
412	Kosovo (under UNSC res. 1244)	1.75317403045501	1.79443599624908	1.81213860022082	1.83504140971569	1.85323592666033	1.87194661292716	1.89056374724401	1.89549458133557	1.89793215346846	1.91242176155957	1.93220769963309	1.93469873804653	1.94660404628981	1.95792807724438	1.97049430165581	1.98120304866349
470	Malta	1.19441832524262	1.31283492999426	1.39937761251851	1.46004432423128	1.51963484003629	1.57170414196159	1.60970468056639	1.64136273656925	1.67581756743423	1.71515950476054	1.73729853317259	1.76140087051518	1.78688256517979	1.80410005757853	1.82264835592864	1.83470007900979
499	Montenegro	1.92034296919026	1.9569024429701	1.99239909363541	2.00497982299727	2.02347934499892	2.03168163243448	2.03323844933749	2.04385786752662	2.05314116376695	2.06351503292314	2.06320304722726	2.06715768926764	2.07354513323799	2.07066027005264	2.06655752246754	2.06684380434475
807	North Macedonia	1.68903089443071	1.69471320660706	1.74308669312842	1.77219310993833	1.79471095763716	1.82959678762042	1.84660542235691	1.86558061318449	1.88357489497076	1.89527567198987	1.91418210846081	1.92408347237899	1.94050145644186	1.95500036320813	1.96271014053986	1.96628934168261
620	Portugal	1.52652214550411	1.68972787373773	1.74841342902243	1.78890038926516	1.82329197722614	1.8445927170032	1.86329017477061	1.87759369358017	1.89318318965669	1.91289397745767	1.92779455945128	1.93079733883865	1.94072064184281	1.95210300575715	1.95360800290106	1.9566911438243
674	San Marino	1.27914608675694	1.3869221007791	1.46171687871626	1.52584323996845	1.57875574171877	1.6193623197693	1.65593998561547	1.68712370518879	1.71424330498315	1.74640902773243	1.76014064639637	1.78432040162263	1.79467449774087	1.81190598605711	1.83393354166498	1.85041981763492
688	Serbia	1.58194124258594	1.67576857952231	1.73957053270171	1.78452126705529	1.81855599276379	1.84162946295277	1.86458738216792	1.88124299753602	1.89047807776938	1.90367276608322	1.92357163567783	1.93209195360197	1.93947594781622	1.947700137486	1.96687177121967	1.98079368607749
705	Slovenia	1.64064275162371	1.73316235347174	1.78566240731889	1.83016735741606	1.85309209263295	1.88077061180627	1.89637127463592	1.90836168826113	1.92476535406798	1.93646673365931	1.95109052290368	1.95908928699696	1.96570033714776	1.97269978740377	1.9836029441166	1.99180206849823
724	Spain	1.27245897805465	1.40487740756237	1.48456820196192	1.54574799116898	1.60473910718842	1.65099154434283	1.69275440301648	1.72381685378934	1.75201721760001	1.78584419959845	1.80181640739972	1.82171843162333	1.83651515315909	1.8513565154403	1.86867298113124	1.87612855409448
926	Western Europe	1.55734057217182	1.59592969399669	1.64141757350192	1.67641303725349	1.70210947610271	1.72710135435096	1.74019971597024	1.76199754200804	1.76900009969709	1.77500096119708	1.77850017180729	1.78580925610153	1.79900742397101	1.81050968964297	1.81860896839798	1.8334207274597
40	Austria	1.4348955636183	1.50430951555425	1.58046268942987	1.64102601400823	1.68733075455173	1.7121962329339	1.74599472847452	1.77288659197171	1.79459594517313	1.80100243739284	1.82190639111641	1.83949990544296	1.85762203747844	1.88142288528378	1.8956280550839	1.90729554688494
56	Belgium	1.53267911189811	1.55900834516414	1.6368960804377	1.69186103873549	1.73352991966998	1.76643537015812	1.80541006080187	1.82490763608452	1.84621209601648	1.8641034059775	1.8736115183458	1.88942406407505	1.89919828755227	1.90359335033775	1.91311450437845	1.92038822222528
250	France	1.77027214260053	1.79619802069306	1.84203637054749	1.87625213929867	1.91044894245092	1.93372506915023	1.95893278463937	1.96520627673087	1.98310465596781	1.98850786766001	2.00092810812409	2.01242618728034	2.02152340073216	2.02841983445274	2.0292927014349	2.02949834738018
276	Germany	1.53736646058178	1.62200422053971	1.69800038587588	1.75000700303261	1.78210499704002	1.81170154791332	1.83580019914703	1.86068232587849	1.87710306969657	1.88980685105361	1.90071613170531	1.91491564837004	1.93420727653092	1.94664120073931	1.95829791520677	1.95821079246632
438	Liechtenstein	1.60129182977268	1.71445458149609	1.7609327144882	1.79841666592785	1.840607975382	1.85983745603225	1.8824843996144	1.89895825560496	1.90786356823771	1.92759003566908	1.94681884026673	1.95211262693059	1.96675198313922	1.97117976928399	1.98002573570371	1.9930411688792
442	Luxembourg	1.46813103712651	1.58358762613566	1.65434757585433	1.69822374540897	1.73396863704555	1.76590303496724	1.79103928893854	1.81059482830767	1.83489445899096	1.8448475497934	1.85899307800143	1.87439136320735	1.87458993372185	1.88655780017758	1.90122923769238	1.91671420054883
492	Monaco	2.21183465216083	2.24402933635144	2.26469611370023	2.27623546611627	2.28229952081475	2.29273994840105	2.30831174367611	2.3023769144821	2.29534878224351	2.28808051804263	2.29361560308192	2.29147633747862	2.29784439918034	2.30167630241607	2.3007374693066	2.31094820456456
528	Netherlands	1.54766283576704	1.60159290124058	1.67086836616276	1.72238041862484	1.7572522176502	1.79205376546104	1.81761107863498	1.84001938085929	1.85670720833759	1.86762093464579	1.88881886205483	1.89560677118127	1.89880627916698	1.9039037533091	1.90221258587669	1.91340513272514
756	Switzerland	1.50271436963468	1.6046473139476	1.66899090187538	1.71970484673932	1.75357525158259	1.78742553747317	1.81735756116106	1.83530561559735	1.84664240861729	1.86773129881775	1.87692510669807	1.89513261322297	1.90402380655848	1.91571634083122	1.9288645114844	1.94965193850593
5505	Americas	1.80099064958397	1.79287150157208	1.7909025337961	1.79701549707592	1.7973023795176	1.79980480444282	1.80470625934659	1.80960228946526	1.81420172626295	1.82590595872223	1.83770139594092	1.84140012620162	1.84969876388322	1.8562985473698	1.86099854306766	1.87019901281569
904	Latin America and the Caribbean	1.88698989884015	1.8683218890933	1.85397403044068	1.84418894323208	1.83569760543682	1.83710183182178	1.83599948600259	1.83009723113117	1.82449940127736	1.82610015340359	1.82899666210949	1.83009748088674	1.83528968435209	1.83880976896237	1.83690533463713	1.8389766601859
915	Caribbean	2.12432317121779	2.11658702630381	2.11599503825369	2.11399080566882	2.10750597551072	2.11280339893384	2.10989806761081	2.10300183856197	2.08500535652234	2.07650048987928	2.06250484402344	2.06019569077767	2.04921064648232	2.03451051475263	2.02781157327748	2.01370762767782
660	Anguilla	1.59146232963741	1.64646745461192	1.68114154492269	1.7211138839625	1.74288195778316	1.77036761077763	1.79024499422228	1.81015661441183	1.83090486195311	1.84221421684313	1.85968673934042	1.87539343894365	1.89997785352442	1.90711023681408	1.91700660652792	1.92069566728997
28	Antigua and Barbuda	1.73178399144922	1.82689751221121	1.85957578965188	1.88730032789191	1.90734616452052	1.91566772856888	1.93004894876022	1.95095371056195	1.96703805951626	1.98266234195567	1.99282779107031	2.00734371624431	2.02637784581507	2.04554808125635	2.04501492694459	2.05960016440336
533	Aruba	1.80428052368163	1.85442445805683	1.8839044902151	1.91330355329629	1.94524543904518	1.96301220431723	1.98205029975263	1.97860204799265	1.99593961300712	2.01160427047616	2.0129877514698	2.02691688225987	2.04404996577403	2.0579074802259	2.06626350696442	2.07140719070413
44	Bahamas	1.60891140936407	1.65485432914128	1.6867797279896	1.7129427275343	1.7448591335497	1.76391519024129	1.78577042909122	1.80358692843533	1.83037455304305	1.84629150700599	1.86209715400416	1.87962336145656	1.90859291712571	1.91242978977089	1.92023904263609	1.93341180480115
52	Barbados	1.92460714505574	1.93061134750062	1.94534362227392	1.96742708984484	1.98773298875508	1.99452231207705	2.00765328079102	2.01019377554856	2.01262220610167	2.02039074539396	2.01890092951637	2.01475769220541	2.01575475580893	2.01785210994416	2.01941806981129	2.02658242487448
535	Bonaire, Sint Eustatius and Saba	1.58686714020673	1.64238192543403	1.69966220023224	1.74225415771996	1.77958270629823	1.81061239333663	1.8326909945237	1.86097902890012	1.87731551829904	1.89678724090535	1.91143425162136	1.91974273334206	1.92716544595305	1.93452458370071	1.94240271043433	1.95501339526943
92	British Virgin Islands	1.16763788348258	1.27279247207741	1.35399973119358	1.4266785001201	1.47867129923959	1.52922170230815	1.57235036870749	1.61672685972387	1.66256791318756	1.70401088755419	1.72848897693369	1.75051199511695	1.76151137885713	1.7777260096521	1.80484242481163	1.81140700786035
136	Cayman Islands	1.7208578888371	1.78580020212823	1.81493335550127	1.83565809326778	1.85910065390444	1.87724254636524	1.89521414309523	1.91719538009695	1.92352195607361	1.93519898779624	1.94281813886624	1.9446530458447	1.95997063188525	1.9748841762977	1.98136610291923	1.98456041375222
192	Cuba	1.51709540317643	1.63001219927437	1.68993483349613	1.73661997868416	1.7636375097136	1.78743924540548	1.81550798256683	1.84104484865031	1.85866211980365	1.87475749078242	1.87829208608288	1.88618849777592	1.89904283271012	1.90994126151947	1.92958885604841	1.93410698914748
531	Curaçao	1.24289387854629	1.33103474820545	1.40204718118077	1.46354454196819	1.51701843315575	1.56253780648342	1.60131427366169	1.63560667794867	1.66854722093504	1.69296901697791	1.71446028741308	1.7401705570868	1.75937034094022	1.77805151379829	1.79905992112959	1.81638668065431
212	Dominica	1.76802235395307	1.80145192367072	1.81355792606454	1.83491807095433	1.85550215469231	1.8844579374196	1.89834541324438	1.91302544241057	1.91480392220004	1.93090377954955	1.9475020282729	1.94580034908456	1.96540089278828	1.96910614945635	1.98038154291158	1.98749841877497
214	Dominican Republic	2.49629062623871	2.49439450836153	2.43890679332873	2.38640661097195	2.34380587636152	2.3166801668506	2.28812290866416	2.27175287327787	2.2442388543697	2.22009563388358	2.20928129580284	2.1961998716398	2.18979755989829	2.1869030626786	2.19360156145036	2.18879896920551
308	Grenada	1.70678451197804	1.73407309850635	1.76998886455881	1.79039232015163	1.8050460457725	1.82380010907284	1.84960919989734	1.87466879272731	1.89235514396615	1.90555246071946	1.91357010409165	1.92132798087299	1.93855645351904	1.94174970760119	1.94633231844962	1.95359200351314
312	Guadeloupe	2.28763019481543	2.30306766074361	2.29354591225791	2.28380850400989	2.28859788451713	2.27999822415752	2.27269865746575	2.27067420080428	2.27440019402281	2.26539824220855	2.26270643403813	2.25900401253259	2.25347668737189	2.24691783591174	2.24868247260112	2.26410635566635
332	Haiti	3.09249583518611	3.00288695498738	2.91031227435463	2.82154218945699	2.75516398546039	2.69282591108688	2.63535160194293	2.5656358362069	2.49490372742425	2.44644893782425	2.38940866822282	2.35530582375404	2.31638463372819	2.27247129387801	2.25486166678711	2.23228830481338
388	Jamaica	1.59865009796295	1.63901938019592	1.66542666793586	1.70251530798403	1.73149715585155	1.75698344892393	1.78009704133414	1.80547279569989	1.82107762308707	1.84187628751538	1.85168701737866	1.86436707935181	1.87536274080495	1.88769231891283	1.89599039753842	1.90809886078772
474	Martinique	2.17272289489	2.18610069901678	2.18279873629338	2.17949530037379	2.18453793183497	2.19731021871563	2.19718320060016	2.1847156930678	2.18689369735162	2.18763278127785	2.17618827409344	2.18105157787252	2.18654373083923	2.19030494487391	2.18699012751922	2.19882684191829
500	Montserrat	1.72043876268295	1.63727914817344	1.69870062385879	1.73786105368456	1.77100429635861	1.79863789000529	1.82477807175106	1.83694344679097	1.86997592499791	1.89030150831012	1.90661881833321	1.91610973570886	1.92571425934188	1.94703181429714	1.96419340513629	1.9748804499417
630	Puerto Rico	0.999285014113082	1.13048107494934	1.23311815886274	1.31558627410507	1.38713520590695	1.44353631532319	1.50576537482312	1.53841054314187	1.59191488112418	1.62185629369837	1.65342278175416	1.68759271205652	1.71779916431466	1.74434103811927	1.76300791526504	1.77719691186801
652	Saint Barthélemy	0.937015813651656	1.05641756809987	1.16298823140933	1.25400635182701	1.33281517293789	1.39795347913928	1.45250954721656	1.50251758570711	1.55212969879356	1.59019169779319	1.61735263733834	1.64716449136174	1.6669624348585	1.69986630621774	1.72091180177183	1.73912534293323
659	Saint Kitts and Nevis	1.87866311899665	1.88074788961995	1.88150999344039	1.89341407312612	1.90330515701956	1.90503538976976	1.91552683371849	1.91737329053594	1.93270754659623	1.94112730817488	1.94203650866667	1.94836307997653	1.96152413066537	1.96305303617656	1.97086925606748	1.98101782134349
662	Saint Lucia	1.6822276752049	1.72291310159429	1.74245364164238	1.75906588852021	1.78646478248686	1.79925586217695	1.82159295838739	1.84700323496857	1.86301860078749	1.86932636717845	1.87792209066431	1.89674284308552	1.9074134118725	1.92085166064839	1.92597596016487	1.92691191892591
663	Saint Martin (French part)	2.93282824469231	2.88678739919638	2.7789070318757	2.69479419364395	2.60610062109456	2.53453738844194	2.45494494922903	2.3994556842831	2.36624671309158	2.33543709727411	2.30997037704227	2.30607673238377	2.30065669394624	2.27897177733909	2.26673203633224	2.26750276140756
670	Saint Vincent and the Grenadines	1.96192155686701	2.00010741394456	2.00439775695406	2.00492398178451	2.01379864664013	2.01503258058553	2.03244700473545	2.0335901341464	2.03989682804567	2.04070098624631	2.04063131457969	2.04369562125101	2.05476216558248	2.06097560845492	2.07533414157187	2.07110421184243
534	Sint Maarten (Dutch part)	1.68323941784704	1.72992303418405	1.74838205026066	1.77051082754521	1.798555293455	1.81813028448934	1.84522335706724	1.8612513143647	1.87787602541595	1.89364070142184	1.90800778667419	1.92702498091827	1.92335244911137	1.93374748802654	1.95630175029161	1.95059235070953
780	Trinidad and Tobago	1.9009577709178	1.90329489838511	1.90319708279455	1.90490045939694	1.90839345313284	1.91059383198423	1.92249059186191	1.94021441327207	1.93617796176466	1.94878784670554	1.97426874895915	1.98655684110723	1.99757979975327	2.00338823580068	2.0010985747011	2.00819158231225
796	Turks and Caicos Islands	1.67674358767701	1.7075677599582	1.75159364993704	1.77151308153847	1.78797461923216	1.81798482237876	1.84500483356913	1.85633534728037	1.87287183815935	1.88675754481814	1.89639631724584	1.90861473367837	1.91271079073623	1.92728913939973	1.93205959406828	1.94281505610555
850	United States Virgin Islands	2.44756379881382	2.42887153907999	2.37238876252209	2.32606325356862	2.29083314593459	2.26757740796007	2.24416585737333	2.23699605890586	2.21985860292148	2.21149547309696	2.1936724563828	2.19749594832526	2.20302622840373	2.20973307492318	2.19981737557302	2.19337258988328
916	Central America	2.17364925331256	2.14215129799298	2.10204496079739	2.07313551052502	2.0511442530916	2.03256176112223	2.02991347698079	2.02236676847918	2.01529092363053	2.01320882467719	2.00699191643291	2.00960548178274	2.01679741974787	2.01550005917467	2.00519967653414	2.01690269828197
84	Belize	2.09337064630645	2.23162231743423	2.22729306740254	2.21167735324078	2.19282085976878	2.18097141971108	2.17931275070071	2.17065873372057	2.17124423700171	2.16817311840924	2.15481364295752	2.15437545311794	2.14623720818154	2.14949548924383	2.15126939665631	2.14719013031077
188	Costa Rica	1.44246785819646	1.52904519639956	1.58500702521192	1.63258989531512	1.67214796727399	1.70621995522449	1.73890838857683	1.77608906450555	1.79358626728673	1.81308924408561	1.82628461435061	1.84069044586605	1.85366863961564	1.86787733169661	1.88490424963061	1.89618056189023
222	El Salvador	2.07031420644365	2.08499528377548	2.07074156853256	2.05017992965801	2.04764328586488	2.04674701527016	2.04204205834539	2.04618952641291	2.0550836580173	2.0540104185353	2.04833116020348	2.04677649480854	2.04213184271077	2.05061427752236	2.04979739632681	2.0522135684484
320	Guatemala	2.55340603256572	2.56037952881418	2.5356054669823	2.47164745988267	2.40230963250869	2.36837543636824	2.32097434445538	2.27192018016003	2.25383127833814	2.22138478794593	2.19820234838137	2.19310190883399	2.17946464176333	2.16870753000378	2.16780081122341	2.16528614626725
340	Honduras	3.05732132164223	2.98495270845626	2.87117453698343	2.791770031676	2.71156659266529	2.62447321326328	2.55056118640553	2.48792304594182	2.42347998471412	2.38431560451312	2.36407185160367	2.3155312731967	2.27593489411959	2.26186889803682	2.2524353396203	2.23037877365997
484	Mexico	2.16193236123849	2.15956726011791	2.13457103342486	2.11291552215494	2.10067057471347	2.09019960607019	2.08307685845949	2.07925598629624	2.07628139107562	2.0803162275841	2.09030924482556	2.09480612312329	2.10138607008931	2.09691685077024	2.0956978202558	2.10131270596262
558	Nicaragua	2.64881505634785	2.56885861207169	2.51135279825057	2.44741373966889	2.37682749032831	2.32792809124314	2.29372772046684	2.25805099478834	2.21249864055554	2.19153010354933	2.19263088507589	2.19328289157461	2.18318502826302	2.18258633606366	2.18238780464308	2.17407045187296
591	Panama	2.28657264290352	2.33988023807431	2.32837200949643	2.31172528262274	2.29136722999618	2.26108993065822	2.24403897190069	2.23989604057078	2.24542547494195	2.23548237991955	2.22490325455866	2.21729500869003	2.21620630158207	2.2064933134736	2.20700024381767	2.20770509754041
931	South America	1.79166062198861	1.79181865776597	1.79731456989605	1.8031281084045	1.80048285282482	1.80740778769257	1.81319751750035	1.80929952352967	1.81300053814242	1.81669553718641	1.82519545383668	1.83289609274919	1.83338986195982	1.83819526197676	1.83899831392915	1.83669385078823
32	Argentina	1.59860335639439	1.6719207018624	1.73029931642125	1.77478351691693	1.81295972329944	1.84431722028549	1.8686174090345	1.89320673538542	1.90789903061838	1.92529618566446	1.93379800552867	1.94198991303377	1.95348261932353	1.96720517160842	1.96699316978973	1.97708442405854
68	Bolivia (Plurinational State of)	3.00476923915007	2.94090906135983	2.89886315513981	2.83124509475446	2.76553157269144	2.69362968779794	2.61691644658946	2.54654714435386	2.47458468192237	2.43448009375329	2.4157672685846	2.37221084046936	2.3522548309619	2.33636583821571	2.3268778082575	2.30923147911963
76	Brazil	1.73846670250819	1.81248824690311	1.84834907246805	1.87284673741375	1.88850838232995	1.89710156041902	1.90920032689105	1.91279985753675	1.92938802748849	1.94138324683049	1.95388135872697	1.97019257166621	1.96581387984449	1.96557070047959	1.979598226791	1.98399072481997
152	Chile	1.29717458811706	1.34934242623451	1.42162674031179	1.48009592072126	1.53259788990909	1.58027421151528	1.61754118552692	1.65030516410734	1.682102982203	1.71029694026206	1.74347066501755	1.77508774310676	1.78598814455794	1.79379274952208	1.80367457068512	1.81726741640846
170	Colombia	1.85267593359572	1.88237667118742	1.88793997237733	1.90210159047194	1.91983910997456	1.93826131466281	1.95932638192367	1.97522321457778	1.98470731914103	1.98281245969276	1.99901437050301	2.0180068620377	2.02079724261637	2.02529551349308	2.03568853219051	2.03460443970916
218	Ecuador	2.05129583267373	2.07444712819335	2.0672388225771	2.0607997650562	2.05682720148933	2.05859886118895	2.05386789965331	2.04870884752856	2.05120875286203	2.06410733976278	2.06440173874579	2.0645958998107	2.07040021068489	2.07249998195725	2.07369562512905	2.08129756675855
238	Falkland Islands (Malvinas)	1.88819593199242	1.92223988757853	1.94522464569833	1.96626034793041	1.98194143269732	1.99298860668288	2.01062788995566	2.01924691562474	2.03683485870263	2.04157909055577	2.04790101750711	2.04436673089274	2.04533424479612	2.05058166828322	2.07194669895176	2.08555570497267
254	French Guiana	3.69399215845585	3.59326767532948	3.52597042906898	3.43638048591718	3.35666158443927	3.24040943754576	3.18049640511388	3.11665725314135	3.06129575991714	2.9928345947717	2.92851562076471	2.8706877676147	2.79805836560602	2.74229635119498	2.66286565537012	2.60197736553356
328	Guyana	2.7664102696298	2.74394238596614	2.67860044378197	2.62356796385865	2.56736964344117	2.49623351627247	2.44720867848884	2.40630314959919	2.36520600179438	2.33654311269253	2.31755695548771	2.2939316891053	2.27870225367192	2.25863308665144	2.25618441277991	2.24669356177103
600	Paraguay	2.84014183941706	2.80649169263257	2.76343688506159	2.68916758053151	2.62178866394054	2.57697533922522	2.54607565034121	2.48949090860896	2.45719596100982	2.40199338176929	2.36227849243615	2.33919148746694	2.32758397318983	2.32227366238411	2.31164017391332	2.28185130743469
604	Peru	2.16828890535793	2.1989411489031	2.18586046611267	2.16763670249551	2.16234162101891	2.14882499854553	2.13508121400101	2.12313063852654	2.11343321835708	2.12480280131648	2.11689610652818	2.12410395304816	2.12931426691052	2.13940970353179	2.1363892124378	2.13658388103064
740	Suriname	2.42502713620672	2.47191862355558	2.44700260827364	2.41758406382497	2.36957564077788	2.32289254600318	2.29755333672351	2.29833835126894	2.27356616091685	2.25424461625043	2.23727416437364	2.2283361447202	2.2135964272061	2.21497083129698	2.19852620135112	2.18620904320923
858	Uruguay	1.52586856164552	1.61262115131139	1.66392954737858	1.71181931795733	1.75130576639424	1.77769186077347	1.80129122689124	1.82138673893451	1.85187750236743	1.87449317249201	1.89227663978845	1.90711035576795	1.90577966227162	1.91919255958564	1.92708840611448	1.93919113971545
862	Venezuela (Bolivarian Republic of)	2.34011776278542	2.38190428982654	2.36423460672821	2.33792722734418	2.31085052675013	2.26454800718069	2.24139346054965	2.23164453047953	2.20132270817221	2.18618174835072	2.18038288183704	2.18190660546077	2.17558848047205	2.18479546634738	2.17279008403309	2.16978968153272
905	Northern America	1.69135784719568	1.73395987901732	1.7879362362854	1.82687810914694	1.85436871611146	1.87151609106921	1.89212731103988	1.90433144137706	1.9136027001389	1.92907938753586	1.94249131865773	1.94864404595846	1.96046200661637	1.96376909012912	1.96312892766583	1.9726291362482
60	Bermuda	1.4812021458447	1.58841105420121	1.65226505818437	1.70062285391149	1.74040928480932	1.77450011192414	1.80215809210507	1.81877858777807	1.84016165153847	1.85367910350519	1.86807467114647	1.89249974739885	1.9023766436687	1.90847423761035	1.92699962576325	1.93649917939823
124	Canada	1.43529540163742	1.52587406734109	1.58771976614314	1.63687006776906	1.67834891768493	1.71010299940472	1.7376770325979	1.76865807319865	1.7920827880594	1.81357112995646	1.83896392872663	1.85471517970687	1.86252987146758	1.87682217828429	1.88845149019011	1.90738234460334
304	Greenland	2.18721758043258	2.19085542944717	2.17866843291792	2.16259374559698	2.16690037911425	2.16269189387331	2.16830155507314	2.16590143658116	2.16352383855588	2.17000156199693	2.1705736811184	2.18110338549785	2.17368776745238	2.18150898888113	2.18690401089527	2.17809829745942
666	Saint Pierre and Miquelon	1.45636662794528	1.52434932427652	1.58446256655827	1.62827548011221	1.66613192650537	1.70901689038031	1.73379477972123	1.75883733139488	1.7761009064987	1.80365259478354	1.82897331218215	1.84711182525492	1.86474150679456	1.88545044439851	1.89117277987154	1.90399506578947
840	United States of America	1.68607517878735	1.7807858425155	1.83893751958542	1.88008721545527	1.91008727544114	1.9320102347725	1.94741364315715	1.96003608092993	1.96678329890765	1.98427746503595	1.99817468825727	2.00326242818973	2.01634561665777	2.01900368714958	2.01619255436268	2.0210258863268
909	Oceania	2.31229665760737	2.30406520946316	2.27291491831696	2.25804503734194	2.25213321788402	2.25228393772456	2.24640175486406	2.2196763329944	2.20254173983859	2.17798912918151	2.15571710158278	2.13209295301985	2.11054813455347	2.09444664071251	2.06955101861066	2.05264339718801
927	Australia/New Zealand	1.73170088157391	1.77245584554245	1.80755847199662	1.82612808572182	1.85219223815471	1.86747669037128	1.88607215506511	1.9046537867446	1.90316753094233	1.90232528531564	1.90925505308873	1.92367831072521	1.9258314586735	1.937951499312	1.94895364401032	1.94855536061214
36	Australia	1.69092099525538	1.79148507825277	1.83643963126696	1.86723606081162	1.89182071560078	1.90698924796982	1.92610210982097	1.94919496432628	1.95175066080655	1.94919191777237	1.96445985073236	1.97712254082459	1.98215626930553	1.99010013300213	1.99304508319672	1.99165505354078
554	New Zealand	1.72665908813684	1.84219122170778	1.87988264415385	1.91016660503009	1.91869473230356	1.92336021730086	1.94314900887383	1.95694141236793	1.9717743918051	1.98601751583154	1.98029732988935	1.98934466697299	2.00195790631763	2.02110318189577	2.02305707736538	2.04008370935202
928	Melanesia	3.54251153503498	3.47729786694157	3.34269693491611	3.23086400915693	3.14821307026491	3.09161962967141	3.00988954343603	2.93570483448551	2.87467093351929	2.79957997333216	2.73149129898663	2.66684790708394	2.61503607713463	2.55588612012204	2.50055269193786	2.47137119456269
242	Fiji	2.60477066126343	2.61872075738463	2.58898471513996	2.53853936557906	2.48269540333202	2.43632070763299	2.39749939073715	2.36835722257406	2.34524013641442	2.31503579771649	2.28854374698426	2.26184665085744	2.23908274586419	2.23012612358528	2.22403134015899	2.22110579371962
540	New Caledonia	2.14075359969213	2.20392574219147	2.18900194322541	2.17699904012685	2.1694840388221	2.16092091212961	2.14918579144054	2.15219576587343	2.15451386781935	2.15601396031802	2.16183511806909	2.15861337630901	2.16240278998138	2.1657528585655	2.17501784634558	2.16738212561964
598	Papua New Guinea	3.74825615435811	3.6151149527911	3.4749286351131	3.35059956174365	3.2477149645839	3.1655406433976	3.0799342229756	2.99162687391432	2.91789504323378	2.84360160854006	2.76565623554061	2.70228946620043	2.65949810849792	2.59391711245899	2.52423322594297	2.48320360089208
90	Solomon Islands	3.9238585671616	3.85785118140459	3.7191668866849	3.62567645091218	3.48865076858637	3.40801319515973	3.30695188647508	3.20564027369651	3.12567020994298	3.05852747455119	2.97190282901049	2.91068745464058	2.83065696231906	2.77085664160742	2.72305168811794	2.65768819803457
548	Vanuatu	4.09037614851012	4.06666906812895	3.98715900602871	3.9019152381522	3.83169166982132	3.74055649572925	3.66177385515044	3.59622262730358	3.51437114026739	3.4409770656446	3.36267775870731	3.27491650082818	3.19390490857511	3.13637563498447	3.09805864369321	3.02796052771353
954	Micronesia	3.04098433004092	2.98188385437423	2.90101125360385	2.7942094375225	2.702305314105	2.63118341303724	2.57985870202164	2.52824566507198	2.50320782670256	2.46018050228143	2.41891515757352	2.39200975620828	2.37791740211718	2.34728469928839	2.30440784649458	2.29215519686356
316	Guam	3.09814476236604	3.05597037571921	2.96382197535424	2.87878855781703	2.7984508451262	2.72911762963435	2.65477433096163	2.60003568215425	2.53364084963764	2.48559320046075	2.43838566324973	2.40713756722566	2.37012026424654	2.34369100896644	2.33686285311256	2.31696916866433
296	Kiribati	3.54205744771421	3.53038275255626	3.45925462534774	3.40385567474495	3.30422962724277	3.23188467164169	3.1553392626814	3.09991881477534	3.03392793622242	2.98247396027957	2.92779745143349	2.85283051251871	2.77802616753575	2.72704473534007	2.65652698190352	2.61870026136846
584	Marshall Islands	3.35444851870469	3.26202330744895	3.11436001283087	3.01196785923822	2.9198715053645	2.80692116700908	2.69031902661109	2.60482784379992	2.52330289703226	2.46009927625562	2.39399305166913	2.33562357660369	2.30543363643615	2.26578113336081	2.23824906913285	2.23182106688707
583	Micronesia (Fed. States of)	3.30487870511376	3.22791643609212	3.15806999818662	3.05394768765974	2.94266758589348	2.85192157991366	2.76495409250349	2.71061283352797	2.63110810937413	2.54998541908685	2.4811066127222	2.42517031729247	2.39426815795589	2.35277153708703	2.32493543861326	2.31313985027483
520	Nauru	3.5829583032677	3.55832073946063	3.47001648892766	3.38395674671949	3.28346630633772	3.20409987421384	3.13499693119321	3.05938564167726	2.98594025302947	2.93236424190422	2.88645654613827	2.82664405945311	2.7719141530193	2.70324990418476	2.62798393827825	2.57972405760953
580	Northern Mariana Islands	2.72426941482702	2.56946493916007	2.44198573960266	2.37534486682212	2.33432856120936	2.31853781045718	2.29814812179879	2.28320924915718	2.26783560868427	2.26606952516938	2.25662985850114	2.24595177878941	2.24499467311904	2.23917595815683	2.24730337177542	2.25167029707021
585	Palau	2.13669903766304	2.11194676409186	2.09427567451189	2.08476857519846	2.0914192271226	2.09440067949259	2.08775425961707	2.0837121761732	2.09151030586656	2.09498414390647	2.09143068456967	2.09738661818934	2.1058369327833	2.11570854521473	2.11809832236842	2.11838321308677
957	Polynesia	2.71899546503156	2.7006472696307	2.69885195598728	2.72491897649098	2.74483316250968	2.77570613009571	2.75339959996252	2.73999029768301	2.72819067233732	2.71522173726362	2.68260458851254	2.65106409111476	2.64184051939516	2.60965314202596	2.57209504057613	2.51978894890211
16	American Samoa	2.57297824299631	2.60528755128655	2.56544863155581	2.5092657570844	2.44865934599468	2.41325566436523	2.37092596511882	2.33414872527011	2.30301346837023	2.27275186171898	2.2589078205138	2.24681251612359	2.23280732508659	2.2331173863213	2.21306419655241	2.20012912321742
184	Cook Islands	2.26072342383801	2.26153948100636	2.23537205888702	2.21452683831551	2.19882031781208	2.18528718764666	2.17012690296093	2.1661869736984	2.15709996507848	2.15336073111852	2.15360757231561	2.15057441106519	2.1331469561943	2.11640565200937	2.11793757378656	2.12338881462592
258	French Polynesia	1.61560801332035	1.70069869763848	1.74252726302112	1.77941375714636	1.80288568931136	1.83252545215184	1.84413673426446	1.86610840130088	1.88749919195515	1.89869932931315	1.91310741408067	1.9240039282123	1.94399393966867	1.95398777895079	1.96120099914872	1.96469978727429
570	Niue	2.77482870590724	2.77905088141026	2.75549381452888	2.69399356488739	2.64318156365927	2.57066599885518	2.47881971198803	2.42205902054183	2.38087774198497	2.34511912382477	2.31040731304649	2.27767083333333	2.25969341141167	2.23867035420181	2.22197262022982	2.22618786881525
882	Samoa	4.3558361064082	4.23315694557242	4.12074297104868	3.98318738928044	3.86687487952996	3.74374883196469	3.63439427028897	3.54471600291968	3.4458091512421	3.35729195161793	3.2474950928044	3.15113772109821	3.06250414522144	2.99192407528342	2.93234098578581	2.86969715005795
772	Tokelau	3.08274325723992	3.03015955284553	2.97266703045937	2.90717863594396	2.86686546130449	2.80535180858301	2.74763835718268	2.6936472391169	2.63734812860395	2.59423998698739	2.53616884533507	2.47499030338888	2.42011860863551	2.40121853871644	2.3637328523847	2.35098351611384
776	Tonga	3.52571193166563	3.50085843516049	3.43331872770994	3.37216368464942	3.29071609254372	3.22988875428918	3.14338962566346	3.07955748860127	3.0277145406601	2.96300642199686	2.89226015655654	2.81150439717707	2.78933585855583	2.71125744205351	2.61642719964735	2.57090919153039
798	Tuvalu	3.52747553483777	3.49782862175992	3.41943820313738	3.34807259429071	3.27540923873366	3.1719391126731	3.07958052179594	3.02421962697843	2.97676202956989	2.93361095764742	2.853179256263	2.79017233033466	2.71311814509801	2.66235535522579	2.61725192095425	2.57098501526096
876	Wallis and Futuna Islands	1.54502712552976	1.62995653588922	1.68048193119399	1.71862083402882	1.75065060117283	1.78100242487638	1.80476391048611	1.8237367774473	1.84351443511265	1.86155384540165	1.87484879669625	1.89026024715192	1.90161185969741	1.9102996711913	1.9243383746991	1.94443049255988
